192	0
730	0
507	0
4169	0
776	0
394	0
283	0
508	0
3094	0
3095	0
370	0
395	0
193	0
1007	0
396	0
509	0
397	0
398	0
399	0
1352	0
400	0
284	0
3096	0
401	0
210	1
4499	1
14871	1
821	1
211	1
19743	1
14872	1
4500	1
1433	1
822	1
16977	1
18703	1
18704	1
13851	1
12898	1
2477	1
19744	1
14873	1
16978	1
419	1
17928	1
4501	1
1873	1
12899	1
3388	1
823	1
18705	1
539	1
300	1
824	1
14874	1
16979	1
526	2
562	2
219	2
4723	2
433	2
563	2
220	2
9440	2
310	2
11270	2
11271	2
434	2
5804	2
16353	2
564	2
9441	2
4317	2
1951	2
19001	2
5959	2
1479	2
565	2
11272	2
6247	2
15238	2
19002	2
18882	2
3554	2
566	2
435	2
7822	2
679	2
7823	2
1952	2
311	2
7824	2
9442	2
11273	2
221	2
849	2
680	2
1480	2
9443	2
13202	2
312	2
4724	2
4725	2
27	2
19003	2
4726	2
1026	2
160	2
222	2
850	2
161	2
681	2
542	2
534	2
6248	2
7330	2
162	2
11274	2
436	2
2590	2
2591	2
163	2
15239	2
851	2
6249	2
11275	2
9444	2
10088	2
852	2
13203	2
17320	2
4727	2
19004	2
11276	2
11277	2
6250	2
567	2
853	2
6251	2
6252	2
9445	2
6253	2
17321	2
9446	2
854	2
682	2
437	2
2592	2
313	2
17322	2
6254	2
1953	2
11278	2
19005	2
7825	2
11279	2
15240	2
4728	2
4729	2
15241	2
4730	2
9447	2
11280	2
568	2
4731	2
6255	2
13204	2
11281	2
4732	2
855	2
438	2
314	2
439	2
6256	2
315	2
856	2
1481	2
11282	2
569	2
13205	2
857	2
9448	2
683	2
15242	2
316	2
6257	2
11283	2
223	2
570	2
6258	2
9449	2
1954	2
1122	2
4733	2
11099	2
15243	2
684	2
7826	2
7827	2
685	2
11284	2
15244	2
229	3
91	3
323	3
230	3
183	3
188	3
423	3
8889	3
77	3
1099	3
92	3
69	3
231	3
139	3
444	3
214	3
10729	3
6051	3
17028	3
93	3
12178	3
3586	3
656	3
867	3
1911	3
12017	3
881	3
14253	3
14282	3
232	3
322	3
138	3
4	4
1554	4
1271	4
97	4
2760	4
631	4
5084	4
492	4
186	4
13666	4
366	4
141	5
229	5
1285	5
6139	5
136	5
547	5
230	5
183	5
1196	5
14923	5
734	5
17170	5
1099	5
900	5
424	5
102	5
135	5
549	5
11394	5
763	5
3728	5
14926	5
242	5
5984	5
1913	5
5579	5
139	5
243	5
592	5
901	5
268	5
1027	5
521	5
214	5
98	5
15157	5
3803	5
902	5
2083	5
305	5
19232	5
550	5
2364	5
8703	5
279	5
3586	5
9906	5
140	5
867	5
706	5
14211	5
8185	5
1911	5
103	5
492	5
12695	5
12290	5
1829	5
881	5
235	5
2556	5
14252	5
552	5
7909	5
1197	5
6156	5
456	5
1198	5
5585	5
429	5
753	5
1199	5
138	5
2699	5
63	5
19389	5
707	6
5053	6
6757	6
1208	6
2288	6
17795	6
1568	6
19366	6
5110	6
2775	6
673	6
6758	6
3805	6
5111	6
1209	6
6759	6
1569	6
11799	6
11800	6
904	6
334	6
107	6
2776	6
11801	6
168	6
8150	6
2685	6
19998	6
8190	6
9914	6
19391	6
19392	6
1446	6
1339	6
17622	6
1985	6
335	6
5112	6
13692	6
19902	6
5113	6
675	6
1570	6
6760	6
8191	6
4126	6
3806	6
6761	6
15806	6
35	6
36	6
6591	6
169	6
2090	6
108	6
2777	6
15807	6
9915	6
8192	6
170	6
336	6
17796	6
3078	6
11802	6
1184	6
337	6
17797	6
11803	6
2546	6
16447	6
1571	6
596	6
17798	6
17799	6
8193	6
9916	6
896	6
15808	6
5114	6
37	6
11804	6
15809	6
17800	6
458	6
8194	6
17321	6
109	6
17801	6
8195	6
9917	6
6762	6
454	6
15810	6
185	6
1970	6
11805	6
11806	6
6763	6
9918	6
19393	6
3733	6
15493	6
17802	6
19370	6
14427	6
15811	6
843	6
8196	6
19394	6
11807	6
15812	6
338	6
2778	6
11281	6
8197	6
19395	6
365	6
110	6
1572	6
11808	6
3807	6
13693	6
1573	6
9919	6
19396	6
11809	6
10956	6
11810	6
15813	6
3808	6
9920	6
636	6
19979	6
2779	6
3809	6
1210	6
3810	6
8198	6
17803	6
15814	6
5115	6
3811	6
15815	6
2091	6
13694	6
17804	6
459	7
597	7
598	7
756	7
367	7
368	8
11811	8
1330	9
276	9
6198	9
547	9
3515	9
188	9
423	9
8889	9
2646	9
77	9
135	9
3607	9
1212	9
118	9
69	9
231	9
139	9
233	9
6610	9
7869	9
268	9
4828	9
656	9
340	9
4849	9
462	9
3606	9
1329	9
446	9
5585	9
3335	9
322	9
138	9
2417	9
839	10
2108	10
1559	10
997	10
247	10
1343	10
1344	10
257	10
392	10
14254	10
15826	10
10451	10
1275	10
4918	10
474	11
1238	11
370	11
193	11
396	11
5166	11
354	11
397	11
398	11
5737	12
7609	12
4360	12
16971	12
6764	12
418	12
6400	12
3452	12
1870	12
49	12
538	12
8824	12
8894	12
4412	12
12996	12
1229	12
9165	12
2020	12
709	12
494	12
5998	12
1684	12
1191	12
6359	12
6153	12
2995	12
1871	12
1080	12
1395	12
2187	12
155	12
1872	12
5416	12
7611	12
1197	12
7884	12
119	12
1318	12
1431	12
9387	12
91	13
5126	13
49	13
118	13
126	13
172	13
171	13
8731	13
175	13
148	13
18427	14
12058	14
14328	14
9258	14
11623	14
12118	14
3080	14
2525	14
12602	14
7565	15
12615	15
18417	15
372	15
7415	15
16903	15
18419	15
812	15
18416	15
16892	15
8440	15
10162	15
3346	15
12614	15
797	15
16893	15
18870	15
16615	15
10642	15
18966	15
419	15
18963	15
7559	15
18648	15
19725	15
18012	15
10186	15
19641	15
10643	15
19723	15
951	15
294	15
16614	15
10881	15
2453	15
14792	15
9044	15
1722	15
2397	15
1401	16
372	16
1050	17
478	17
657	17
479	17
1404	17
529	17
821	17
1406	17
2420	17
1052	17
1407	17
807	17
527	17
1053	17
1054	17
373	17
530	17
845	17
531	17
658	17
10726	17
18006	18
16960	18
3360	19
2463	19
733	19
18680	19
207	19
16105	19
8504	20
17107	20
1089	20
2535	20
541	20
6091	20
4608	20
15025	21
8510	21
11086	21
18550	21
6111	21
1402	21
182	22
6218	23
182	23
2550	23
303	23
53	24
10241	25
477	26
263	26
965	26
1476	26
2	27
28	27
220	27
311	27
438	27
6258	27
678	28
17309	28
27	28
6563	28
9577	28
1528	28
379	28
2712	28
327	28
1521	28
4917	28
6255	28
986	28
2045	28
8036	28
1522	28
14073	28
13541	28
276	29
183	29
69	29
18296	29
656	29
463	29
2050	29
2983	30
6777	30
12290	31
3679	31
8805	32
341	32
291	32
497	32
141	33
2567	33
5585	34
6	35
1208	35
1568	35
3806	35
169	35
337	35
338	35
110	35
2779	35
6	36
350	36
3806	36
169	36
336	36
337	36
110	36
2779	36
6	37
66	38
1744	38
755	38
67	39
239	39
1990	39
840	40
67	40
756	40
67	41
281	42
255	42
2290	43
1526	43
4321	43
15162	43
189	44
93	44
252	44
175	44
1744	45
842	46
558	46
3839	46
633	46
2300	46
402	47
2303	47
262	47
8260	47
1355	48
2838	48
358	48
