949	1631
13843	1631
10154	1631
16038	1631
16039	1631
2912	1631
10155	1631
16040	1631
12053	1631
12054	1631
12055	1631
13930	1631
12056	1631
8436	1631
5373	1631
10156	1631
13931	1631
16041	1631
2913	1631
965	1632
1670	1632
740	1632
11983	1632
4018	1632
7076	1632
5437	1632
14052	1632
7077	1632
2950	1632
16173	1632
2951	1632
5438	1632
2197	1632
7078	1632
7079	1632
10089	1632
14043	1632
18087	1632
4019	1632
10247	1632
17935	1632
2948	1632
2952	1632
7080	1632
5439	1632
8380	1632
2198	1632
5440	1632
14044	1632
5441	1632
2199	1632
7081	1632
12165	1632
5442	1632
10250	1632
937	1633
135	1633
1293	1633
16215	1633
12204	1633
16220	1633
18121	1633
4024	1633
2211	1633
2981	1633
2212	1633
4040	1633
2961	1633
937	1634
135	1634
1303	1634
1268	1634
1267	1634
7098	1634
4021	1634
12001	1634
16186	1634
12002	1634
13880	1634
17953	1634
8391	1634
12221	1634
2963	1634
2217	1634
12015	1634
15984	1634
3961	1634
5346	1634
3963	1634
7120	1634
2959	1634
4032	1634
12026	1634
1268	1635
1304	1635
937	1635
1305	1635
13870	1635
5424	1635
14098	1635
15981	1635
8586	1635
6983	1635
2225	1635
7146	1635
5348	1635
8411	1635
16276	1635
5351	1635
742	1636
1698	1636
937	1636
7149	1636
4057	1636
4021	1636
5500	1636
4059	1636
10099	1636
5501	1636
12127	1636
8387	1636
18064	1636
18163	1636
8627	1636
5502	1636
13885	1636
5503	1636
10289	1636
7150	1636
12264	1636
8628	1636
7139	1636
7151	1636
1268	1637
937	1637
1267	1637
364	1637
2167	1637
14195	1637
5332	1637
14094	1637
15967	1637
6971	1637
5333	1637
12001	1637
2919	1637
10201	1637
16319	1637
2218	1637
5340	1637
2217	1637
8399	1637
12015	1637
2170	1637
2964	1637
14196	1637
3961	1637
5346	1637
6983	1637
2903	1637
10112	1637
3963	1637
13892	1637
6985	1637
12195	1637
4028	1637
2960	1637
6987	1637
10123	1637
1269	1638
1317	1638
1318	1638
937	1638
10383	1638
10347	1638
7154	1638
16340	1638
2919	1638
4063	1638
4059	1638
12324	1638
12325	1638
8632	1638
8633	1638
18180	1638
2218	1638
10384	1638
4064	1638
2168	1638
16016	1638
7186	1638
5453	1638
10264	1638
12280	1638
5505	1638
5369	1638
8668	1638
12022	1638
7187	1638
2237	1638
10371	1638
19564	1638
7188	1638
3010	1638
4083	1638
12281	1638
12326	1638
2961	1638
273	1639
937	1639
1268	1639
1267	1639
1671	1639
495	1639
15966	1639
6971	1639
4084	1639
8555	1639
10094	1639
2919	1639
8385	1639
12003	1639
12011	1639
7189	1639
5453	1639
16189	1639
8407	1639
12327	1639
12186	1639
8415	1639
1270	1640
2249	1640
2891	1640
3033	1641
3970	1641
2164	1641
5563	1641
3034	1641
4110	1641
4111	1641
4112	1641
16366	1641
2907	1641
10412	1641
4113	1641
7210	1641
14233	1641
177	1642
751	1642
135	1642
492	1642
1271	1642
7213	1642
14238	1642
5568	1642
177	1643
491	1643
491	1644
1264	1644
3971	1644
269	1645
1354	1645
5635	1645
5636	1645
3099	1645
2301	1645
8747	1645
3100	1645
2302	1645
2893	1645
4172	1645
620	1646
1354	1646
1012	1646
283	1646
732	1646
269	1646
1646	1646
16403	1646
1766	1646
3180	1646
289	1647
620	1647
1278	1647
16416	1647
2352	1647
2332	1647
3973	1647
1265	1648
1649	1649
518	1649
2356	1649
4285	1649
14317	1649
5715	1649
11984	1649
8798	1649
8799	1649
4286	1649
950	1650
1373	1650
13903	1650
18062	1650
14360	1650
10068	1650
14361	1650
10161	1650
1266	1651
5806	1651
12594	1651
10625	1651
8928	1651
8923	1651
14471	1651
1395	1652
953	1652
1396	1652
1039	1652
1040	1652
5321	1652
3268	1652
2401	1652
5378	1652
5823	1652
8848	1652
8374	1652
5824	1652
5825	1652
8951	1652
2943	1652
16633	1652
7423	1652
5826	1652
10651	1652
7342	1652
12636	1652
798	1653
1397	1653
1815	1653
5321	1653
5378	1653
8374	1653
4357	1653
7424	1653
7039	1653
803	1654
133	1654
413	1654
152	1654
18521	1654
8998	1654
4388	1654
4389	1654
5879	1654
4390	1654
5589	1654
4146	1654
8999	1654
12450	1654
5880	1654
10453	1654
14594	1654
4391	1654
7368	1654
5601	1654
4392	1654
5881	1654
8370	1654
5882	1654
5602	1654
1824	1654
18247	1654
4038	1654
14028	1654
3073	1654
12697	1654
14595	1654
10719	1654
5883	1654
4393	1654
5884	1654
14596	1654
16707	1654
10720	1654
12698	1654
10721	1654
9000	1654
5361	1654
4152	1654
4394	1654
4395	1654
4396	1654
3236	1654
5885	1654
5886	1654
16389	1654
5610	1654
8441	1654
16319	1654
4397	1654
16708	1654
9001	1654
14597	1654
9002	1654
14274	1654
8725	1654
9003	1654
5617	1654
10441	1654
5887	1654
4398	1654
1825	1654
12699	1654
8896	1654
4399	1654
3051	1654
12274	1654
8898	1654
14598	1654
5621	1654
4400	1654
4401	1654
4402	1654
8729	1654
18241	1654
9004	1654
2279	1654
9005	1654
2415	1654
7471	1654
9006	1654
5888	1654
5889	1654
3301	1654
4403	1654
4404	1654
3302	1654
3978	1654
7472	1654
5890	1654
5891	1654
3303	1654
5416	1654
10722	1654
4078	1654
18522	1654
4405	1654
2416	1654
3249	1654
16640	1654
5892	1654
3244	1654
3304	1654
3305	1654
4406	1654
8960	1654
12700	1654
5893	1654
8740	1654
3245	1654
4141	1654
14291	1654
3306	1654
4143	1654
12701	1654
10723	1654
12139	1654
12702	1654
2417	1654
5894	1654
12703	1654
5895	1654
9007	1654
11987	1655
4412	1655
16734	1656
12723	1656
3316	1656
2431	1656
11988	1656
7488	1656
14506	1656
7489	1656
9023	1656
4420	1656
416	1657
734	1657
1427	1657
1075	1657
5575	1657
7589	1657
14030	1657
13850	1657
5991	1657
10440	1657
12880	1657
7215	1657
12876	1657
10524	1657
11990	1658
1876	1659
8373	1659
1439	1660
4570	1660
6967	1660
16548	1660
19613	1660
17017	1660
665	1661
1085	1661
1891	1661
1892	1661
18775	1661
18776	1661
7499	1661
14188	1661
18777	1661
17042	1661
2527	1661
8683	1661
11020	1661
5996	1661
8644	1661
18778	1661
9232	1661
14947	1661
17043	1661
17044	1661
4387	1661
14948	1661
7665	1661
16819	1661
1765	1661
16853	1661
9233	1661
17045	1661
14949	1661
17046	1661
12972	1661
12810	1661
12104	1661
14190	1661
3289	1661
19739	1661
9234	1661
18779	1661
6056	1661
17047	1661
14153	1661
8516	1661
13853	1661
17048	1661
8645	1661
10142	1661
7666	1661
14950	1661
8651	1661
12973	1661
14951	1661
17049	1661
14952	1661
18636	1661
11021	1661
12974	1661
12290	1661
17050	1661
5536	1661
14015	1661
17051	1661
9235	1661
6057	1661
17052	1661
18780	1661
11022	1661
12975	1661
16533	1661
12976	1661
6058	1661
11023	1661
10371	1661
12977	1661
14953	1661
12319	1661
14750	1661
14113	1661
14954	1661
4577	1661
19771	1661
16272	1661
14955	1661
14956	1661
6099	1662
9179	1662
3461	1662
15001	1662
9269	1662
10965	1662
6100	1662
15002	1662
6101	1662
15003	1662
13025	1662
4610	1662
6102	1662
7701	1662
10969	1662
6103	1662
6104	1662
7702	1662
6105	1662
3462	1662
7631	1662
15004	1662
2538	1662
9270	1662
18824	1662
7703	1662
4611	1662
17109	1662
15960	1662
18825	1662
6106	1662
4612	1662
3463	1662
7704	1662
6107	1662
4613	1662
11075	1662
7705	1662
4614	1662
15005	1662
13026	1662
4615	1662
13027	1662
11076	1662
6108	1662
4616	1662
17110	1662
6109	1662
13028	1662
7706	1662
17111	1662
15006	1662
1455	1663
1291	1663
7012	1663
17151	1663
9122	1663
5973	1663
4415	1663
13860	1663
16167	1663
15046	1663
11105	1663
13056	1663
10897	1663
1456	1664
52	1664
11094	1664
16973	1664
6970	1664
6138	1664
11112	1664
4634	1664
1802	1665
1803	1665
11118	1665
16457	1665
9318	1665
12055	1665
13059	1665
10081	1665
3480	1665
11119	1665
9319	1665
268	1666
369	1666
1349	1666
773	1666
3023	1666
15113	1666
10082	1666
737	1667
1110	1667
522	1667
17268	1667
7012	1667
4010	1667
6205	1667
7781	1667
4684	1667
4685	1667
12856	1667
2165	1667
1942	1668
1943	1668
1944	1668
1668	1668
6224	1668
4693	1668
9416	1668
4694	1668
6225	1668
8379	1668
7797	1668
2198	1668
2954	1668
15224	1668
7798	1668
4695	1668
10250	1668
4018	1669
3546	1669
5979	1669
6234	1669
5434	1669
4709	1669
4710	1669
2895	1669
7803	1669
4711	1669
4705	1669
4707	1669
9423	1669
2193	1669
7804	1669
13186	1669
6235	1669
6236	1669
4708	1669
9424	1669
2587	1669
6237	1669
11254	1669
3545	1669
15227	1669
18985	1669
1942	1670
1121	1670
740	1670
1632	1670
965	1670
3952	1670
2584	1670
3542	1670
2948	1670
3550	1670
7798	1670
1293	1671
1267	1671
1268	1671
13249	1671
4022	1671
18093	1671
7084	1671
5984	1671
8558	1671
3565	1671
9479	1671
5340	1671
14132	1671
19036	1671
18192	1671
12213	1671
12178	1671
4024	1671
4761	1671
5453	1671
7087	1671
2916	1671
7742	1671
6287	1671
3370	1671
15991	1671
9214	1671
9480	1671
12026	1671
1639	1671
4040	1671
1267	1672
1125	1672
1126	1672
3239	1672
1267	1673
1469	1673
1268	1673
3954	1673
6291	1673
2203	1673
16201	1673
2604	1673
1268	1674
16779	1674
2611	1674
1268	1675
3569	1675
364	1676
16202	1676
7102	1676
6985	1676
14083	1676
4032	1676
2171	1676
364	1677
136	1677
1128	1677
13276	1677
3503	1677
980	1678
364	1678
1294	1678
1312	1678
18092	1678
7098	1678
17375	1678
13277	1678
4595	1678
4032	1678
19057	1678
364	1679
8614	1679
3570	1679
1705	1679
7682	1679
9487	1679
9168	1679
13278	1679
364	1680
2622	1680
364	1681
9509	1681
8621	1681
7874	1681
4060	1681
6060	1681
7741	1681
4786	1681
4787	1681
4788	1681
2166	1682
8588	1682
3956	1682
9511	1682
10105	1682
2900	1682
2964	1682
3963	1682
4028	1682
379	1683
496	1683
272	1683
2987	1683
4791	1683
2167	1683
11359	1683
10290	1683
13288	1683
18311	1683
6059	1683
13872	1683
7881	1683
13280	1683
13289	1683
14232	1683
10355	1683
18041	1683
3588	1683
2568	1683
4794	1683
5540	1683
15978	1683
13290	1683
2996	1683
11013	1683
8572	1683
14207	1683
5467	1683
9514	1683
17390	1683
19072	1683
10115	1683
17960	1683
2960	1683
4049	1683
16469	1683
16247	1683
12	1684
5331	1684
6335	1684
3993	1684
4147	1684
16442	1684
3994	1684
6336	1684
4795	1684
6337	1684
14941	1684
5785	1684
1297	1685
423	1685
867	1685
576	1685
135	1685
743	1685
5331	1685
4764	1685
6064	1685
2955	1685
2635	1685
16220	1685
3586	1685
4024	1685
4761	1685
5581	1685
3368	1685
2964	1685
7742	1685
2981	1685
12195	1685
3373	1685
10423	1685
5466	1685
371	1686
574	1686
792	1686
9216	1686
3070	1686
1986	1686
15330	1686
4585	1686
5334	1686
3230	1686
6380	1686
11388	1686
7390	1686
3604	1686
15348	1686
4132	1686
14424	1686
3231	1686
7371	1686
3235	1686
4167	1686
11389	1686
5597	1686
6140	1686
2900	1686
2644	1686
4106	1686
5613	1686
3060	1686
2610	1686
1790	1686
13323	1686
4104	1686
5570	1686
4325	1686
6381	1686
4786	1686
7687	1686
5765	1686
4327	1686
1695	1686
4824	1686
4825	1686
6382	1686
2548	1686
3040	1686
13324	1686
2236	1686
9547	1686
5784	1686
7374	1686
4826	1686
1987	1686
971	1687
381	1687
959	1687
271	1687
1377	1687
1087	1687
4185	1687
7482	1687
17942	1687
12046	1687
4100	1687
8909	1687
9247	1687
2530	1687
8536	1687
12997	1687
7380	1687
9555	1687
7686	1687
9058	1687
4587	1687
4837	1687
14980	1687
12322	1687
6973	1688
4838	1688
4839	1688
15371	1688
7920	1688
9556	1689
4840	1689
17445	1689
6393	1689
3611	1689
17446	1689
3612	1689
9557	1689
6973	1689
4841	1689
6394	1689
4842	1689
2648	1689
6395	1689
11409	1689
15372	1689
7921	1689
17447	1689
17448	1689
4843	1689
7922	1689
13354	1689
9558	1689
15373	1689
6396	1689
7923	1689
17449	1689
9559	1689
7924	1689
18696	1689
17450	1689
19115	1689
4844	1689
11410	1689
9560	1689
17451	1689
11411	1689
1833	1689
13355	1689
19116	1689
3613	1689
13356	1689
9561	1689
15374	1689
6397	1689
13357	1689
4448	1689
6398	1689
4845	1689
7925	1689
9562	1689
13358	1689
4846	1689
9354	1689
11412	1689
6399	1689
7926	1689
4847	1689
7927	1689
17452	1689
13359	1689
4848	1689
15375	1689
17453	1689
496	1690
1299	1690
1302	1690
13872	1690
16199	1690
16232	1690
137	1691
734	1691
136	1691
12452	1691
8384	1691
3503	1691
17459	1691
11420	1691
9493	1691
745	1692
1979	1692
2385	1692
5335	1692
3630	1692
2665	1693
10099	1693
2000	1693
8411	1693
7095	1693
4769	1693
1075	1694
871	1694
4878	1694
2277	1694
13876	1694
3059	1694
14336	1694
3328	1694
18348	1694
369	1695
1686	1695
380	1695
1331	1695
12034	1695
9069	1695
3006	1695
15433	1695
3209	1695
7429	1695
15434	1695
4132	1695
4883	1695
9605	1695
9606	1695
6976	1695
4167	1695
4060	1695
19111	1695
9607	1695
15435	1695
3641	1695
5887	1695
15436	1695
14425	1695
6124	1695
6445	1695
7957	1695
15437	1695
7958	1695
3090	1695
9608	1695
4884	1695
3642	1695
5889	1695
4824	1695
10527	1695
4342	1695
2236	1695
19868	1695
4885	1695
13403	1695
10947	1695
4886	1695
13390	1695
15460	1696
11464	1696
15411	1696
19177	1696
5479	1696
6457	1696
7964	1696
4772	1696
6458	1696
9620	1696
11468	1696
5353	1696
9623	1696
2680	1696
6453	1696
10395	1696
15974	1696
13418	1696
19181	1696
13423	1696
4895	1696
11469	1696
12489	1696
17518	1696
14087	1696
8842	1696
11470	1696
7965	1696
19182	1696
3018	1696
6454	1696
7966	1696
6459	1696
15465	1696
13424	1696
6460	1696
11471	1696
1697	1696
13425	1696
4058	1696
9624	1696
11356	1696
2681	1696
7963	1696
4896	1696
13426	1696
4833	1696
6437	1696
13427	1696
5941	1696
8864	1696
1713	1696
15466	1696
13421	1696
9622	1696
9619	1696
2223	1696
15467	1696
6456	1696
9625	1696
11472	1696
1957	1696
15468	1696
7029	1696
1696	1697
15460	1697
11464	1697
19177	1697
9278	1697
5959	1697
15469	1697
6457	1697
7964	1697
11467	1697
18154	1697
4772	1697
17516	1697
6458	1697
9620	1697
12256	1697
11468	1697
5353	1697
2680	1697
6453	1697
10395	1697
15974	1697
13418	1697
19181	1697
7967	1697
12489	1697
18112	1697
17518	1697
14087	1697
2682	1697
8842	1697
15470	1697
7965	1697
19182	1697
3018	1697
11435	1697
17519	1697
18174	1697
15465	1697
13419	1697
6460	1697
11471	1697
13425	1697
4058	1697
6461	1697
13357	1697
8829	1697
11473	1697
11356	1697
2681	1697
7963	1697
4896	1697
13420	1697
15463	1697
13427	1697
5941	1697
8864	1697
15288	1697
13421	1697
13428	1697
9619	1697
2223	1697
6455	1697
17521	1697
15467	1697
19183	1697
9625	1697
11472	1697
1957	1697
11474	1697
10122	1697
15468	1697
7029	1697
496	1698
742	1698
274	1698
977	1698
1299	1698
7976	1698
1702	1698
2988	1698
17466	1698
4898	1698
18064	1698
2650	1698
18147	1698
1636	1698
7883	1698
4851	1698
18161	1698
5544	1698
2220	1698
4899	1698
526	1699
19126	1699
18936	1699
7586	1699
13193	1699
18930	1699
19949	1699
5340	1699
3662	1699
9363	1699
9634	1699
2991	1699
580	1700
88	1700
3666	1700
13443	1700
4909	1700
3667	1700
4598	1700
2901	1700
6479	1700
4910	1700
10850	1700
3668	1700
19072	1700
2016	1700
2998	1700
3669	1700
879	1701
632	1701
1340	1701
12550	1701
3673	1701
5599	1701
17979	1701
8887	1701
14161	1701
7736	1701
7945	1701
16023	1701
10572	1701
14522	1701
10232	1701
17413	1701
6980	1701
15405	1701
9342	1701
18170	1701
15511	1701
7944	1701
14118	1701
7225	1701
13928	1701
7664	1701
9654	1701
5793	1701
2227	1701
17552	1701
2417	1701
3674	1701
1486	1702
1698	1702
1309	1702
1312	1702
1303	1702
9499	1702
10108	1702
1377	1703
1087	1703
959	1703
2024	1703
271	1703
1428	1703
5534	1703
9495	1703
16452	1703
7482	1703
8640	1703
6064	1703
5831	1703
8909	1703
12994	1703
10366	1703
7896	1703
14229	1703
10392	1703
9660	1703
12997	1703
5343	1703
9249	1703
6072	1703
11512	1703
12998	1703
2474	1703
7686	1703
6503	1703
8000	1703
19156	1703
13278	1703
12715	1703
10951	1703
4922	1703
14980	1703
1293	1704
135	1704
746	1704
1958	1704
12178	1704
12017	1704
3691	1704
1679	1705
2036	1705
628	1705
1087	1705
10582	1705
2569	1705
15991	1705
3701	1705
2528	1706
10130	1706
12335	1706
2443	1706
8916	1706
12024	1706
2727	1706
979	1707
183	1707
1301	1707
1292	1707
10269	1707
14101	1707
2215	1707
16279	1707
8638	1707
12024	1707
7004	1707
2689	1707
18294	1707
831	1708
140	1708
54	1708
2051	1708
1459	1708
8569	1708
7090	1708
8558	1708
12204	1708
6328	1708
7109	1708
16220	1708
3729	1708
6312	1708
3584	1708
7742	1708
10117	1708
11645	1708
184	1709
736	1709
7916	1709
5349	1709
1320	1710
379	1710
542	1710
377	1710
380	1710
938	1710
3022	1710
2730	1710
2904	1710
1920	1711
888	1711
1178	1711
562	1711
6632	1711
18603	1711
15675	1711
19890	1711
17169	1711
6633	1711
11166	1711
13116	1711
15676	1711
14132	1711
6085	1711
19324	1711
3727	1711
5006	1711
7011	1711
9803	1711
13897	1711
1322	1712
700	1712
890	1712
8417	1712
1127	1713
1696	1713
7106	1713
10386	1713
10122	1713
959	1714
7184	1714
2976	1714
14213	1714
13317	1714
6998	1714
5353	1714
18236	1714
5817	1714
3326	1714
18812	1714
16348	1714
7326	1714
17975	1714
4590	1714
7160	1714
7003	1714
12044	1714
377	1715
79	1715
380	1715
938	1715
2620	1715
8677	1715
5550	1715
938	1716
95	1716
1146	1717
1840	1717
1127	1717
938	1717
1182	1717
1129	1717
491	1718
491	1719
8688	1719
5087	1719
1273	1720
101	1720
941	1721
1565	1721
899	1721
1566	1721
15799	1721
19899	1721
2082	1722
941	1722
2081	1722
15	1722
981	1722
19388	1722
5102	1722
1096	1723
492	1723
133	1723
279	1723
12373	1723
135	1724
492	1724
1137	1724
1384	1724
492	1725
63	1725
1202	1725
426	1725
1099	1725
135	1726
492	1726
546	1726
140	1726
1205	1726
1461	1726
5108	1726
14030	1726
1374	1727
454	1727
636	1727
268	1727
674	1727
1330	1727
791	1727
3977	1727
268	1728
369	1728
1274	1728
1578	1728
4878	1728
2276	1728
14270	1728
5624	1728
4813	1728
1136	1729
268	1729
275	1729
17425	1729
15818	1729
3640	1729
268	1730
11817	1730
11818	1730
989	1731
1216	1731
318	1731
268	1731
1274	1731
8889	1731
2572	1731
3606	1731
10524	1731
268	1732
256	1732
13326	1732
268	1733
14258	1733
18348	1733
231	1734
268	1734
1217	1734
1445	1734
6076	1734
140	1735
268	1735
1274	1735
332	1735
3051	1735
5892	1735
907	1736
268	1736
1290	1736
2645	1736
2785	1736
3328	1736
137	1737
133	1737
136	1737
268	1737
3819	1737
268	1738
231	1738
6994	1739
19400	1739
6777	1739
19401	1739
133	1740
909	1741
133	1741
2789	1741
636	1742
133	1742
344	1743
629	1743
133	1743
1005	1743
1337	1743
2758	1743
10430	1743
14264	1743
9786	1743
15685	1743
5079	1743
5902	1743
5625	1743
6792	1743
133	1744
45	1744
755	1744
38	1744
1005	1744
346	1744
99	1745
751	1745
1025	1745
133	1745
503	1745
348	1745
133	1746
133	1747
12531	1747
2074	1747
15836	1747
15695	1747
133	1748
1192	1748
1005	1748
1028	1748
1583	1748
7472	1748
133	1749
136	1749
1351	1749
8041	1749
10359	1749
8220	1749
13252	1749
1276	1750
990	1750
2124	1750
1190	1751
1594	1751
393	1751
351	1751
1232	1751
3971	1751
356	1752
370	1752
397	1752
2811	1752
623	1753
1604	1753
1243	1753
482	1753
9982	1753
19423	1753
15867	1753
10457	1753
5187	1753
4475	1753
9983	1753
11882	1753
19424	1753
13757	1753
16936	1753
15868	1753
11883	1753
9984	1753
11884	1753
17844	1753
5188	1753
19425	1753
3874	1753
9985	1753
11885	1753
18257	1753
13758	1753
7576	1753
17845	1753
17846	1753
4177	1753
15869	1753
5713	1753
5189	1753
15870	1753
8252	1753
3875	1753
6835	1753
4743	1753
5190	1753
8253	1753
9986	1753
19907	1753
15871	1753
15872	1753
3357	1753
3876	1753
19426	1753
5191	1753
8254	1753
3877	1753
7297	1753
17310	1753
19908	1753
8255	1753
5192	1753
12440	1753
13759	1753
7577	1753
2823	1753
16105	1753
19427	1753
4483	1753
17847	1753
402	1754
208	1754
924	1754
623	1754
8261	1754
2142	1755
623	1755
15884	1755
15885	1755
4178	1755
623	1756
8263	1756
3886	1756
493	1757
2843	1757
3890	1757
17855	1757
6848	1757
624	1758
1617	1759
784	1759
1251	1759
1118	1759
269	1759
1770	1759
1354	1759
2306	1759
2177	1759
6234	1759
6709	1759
8762	1759
2951	1759
7247	1759
6859	1759
7251	1759
6860	1759
5679	1759
4748	1759
4751	1759
11888	1759
4245	1759
3896	1759
5166	1759
5696	1759
8285	1759
9463	1759
3175	1759
2815	1759
3184	1759
1354	1760
1761	1760
269	1760
1773	1760
1251	1760
19459	1760
11916	1760
11869	1760
3551	1760
4019	1760
5681	1760
8291	1760
10476	1760
8292	1760
11872	1760
19420	1760
5234	1760
919	1761
269	1761
1354	1761
11921	1761
4190	1761
13797	1761
8298	1761
1760	1761
5243	1761
18326	1761
2855	1761
13798	1761
3127	1761
3128	1761
11922	1761
11923	1761
3133	1761
14295	1761
8299	1761
3903	1761
6878	1761
15907	1761
10014	1761
10015	1761
13744	1761
5244	1761
4228	1761
2856	1761
11924	1761
8775	1761
11925	1761
3165	1761
4250	1761
6879	1761
3904	1761
3905	1761
11926	1761
12435	1761
10016	1761
8778	1761
10482	1761
7277	1761
7278	1761
3174	1761
6880	1761
3179	1761
5705	1761
5706	1761
8300	1761
10017	1761
3186	1761
10018	1761
270	1762
517	1762
1118	1762
1484	1762
269	1762
1354	1762
1364	1762
515	1763
269	1763
3563	1763
19453	1763
6868	1763
8315	1763
7248	1763
6890	1763
7835	1763
3911	1763
3139	1763
6266	1763
8284	1763
4755	1763
6541	1763
3894	1763
6891	1763
11022	1763
1770	1763
2342	1763
15897	1763
3895	1763
19990	1763
9359	1763
3899	1763
15918	1763
7840	1763
977	1764
742	1764
728	1764
269	1764
3572	1764
4190	1764
5645	1764
5637	1764
3118	1764
3573	1764
5658	1764
3133	1764
5267	1764
3140	1764
7262	1764
5268	1764
3902	1764
7286	1764
269	1765
1354	1765
1661	1765
3110	1765
6820	1765
3141	1765
3146	1765
4230	1765
3154	1765
4245	1765
7268	1765
4254	1765
5700	1765
4577	1765
1354	1766
1646	1766
2159	1766
732	1766
269	1766
1012	1766
486	1766
3930	1766
2160	1766
8352	1766
8792	1766
2879	1766
3901	1766
5298	1766
6938	1766
3931	1766
4224	1766
8353	1766
3932	1766
5299	1766
2880	1766
8354	1766
2881	1766
6939	1766
3182	1766
1259	1767
269	1767
1260	1767
1354	1767
4376	1767
269	1768
5303	1768
5637	1768
3939	1768
5638	1768
8356	1768
11970	1768
15249	1768
2588	1768
4175	1768
8257	1768
5674	1768
9989	1768
4748	1768
5304	1768
11251	1768
11872	1768
5305	1768
6944	1768
7263	1768
6838	1768
5306	1768
19420	1768
5166	1768
13833	1768
3940	1768
1261	1769
269	1769
5310	1769
10063	1769
2324	1769
5311	1769
4238	1769
19482	1769
10060	1769
4251	1769
2343	1769
1763	1770
515	1770
1240	1770
477	1770
1616	1770
269	1770
1354	1770
1618	1770
1759	1770
12425	1770
5649	1770
3118	1770
4199	1770
10467	1770
2313	1770
5668	1770
3862	1770
2319	1770
2320	1770
3139	1770
2324	1770
3148	1770
4755	1770
3894	1770
4238	1770
2330	1770
5229	1770
3168	1770
5696	1770
2340	1770
2342	1770
5700	1770
4769	1770
2347	1770
269	1771
1240	1771
2871	1771
7799	1771
1772	1772
474	1772
269	1772
1773	1773
1364	1773
1119	1773
1354	1773
269	1773
1484	1773
1760	1773
3543	1773
2309	1773
10037	1773
4203	1773
5663	1773
5680	1773
3150	1773
2593	1773
2332	1773
2333	1773
6284	1773
14308	1773
7289	1773
3564	1773
269	1774
1354	1774
515	1774
2308	1774
12426	1774
4207	1774
3132	1774
2320	1774
4219	1774
4223	1774
6918	1774
5256	1774
6822	1774
2814	1774
8780	1774
4266	1774
4757	1774
270	1775
2561	1776
1360	1776
2404	1776
270	1776
16874	1776
6843	1776
10011	1776
3287	1776
10040	1776
7445	1776
10679	1776
5176	1776
2873	1776
2815	1776
11891	1776
12830	1776
270	1777
406	1777
3972	1778
4253	1778
5359	1779
13906	1780
17967	1780
1370	1781
5720	1781
9450	1781
13907	1781
11888	1781
49	1782
7978	1782
1324	1783
795	1783
1313	1783
7319	1783
8833	1783
8870	1783
4789	1783
9521	1783
8990	1783
10878	1783
16457	1783
12482	1783
4337	1783
7047	1783
5807	1783
8854	1783
10376	1783
8868	1783
8867	1783
2910	1783
17263	1784
7319	1784
4785	1784
10130	1784
4339	1784
12055	1784
5373	1784
11479	1784
2910	1784
1061	1785
1399	1785
18464	1785
8967	1785
4003	1785
4368	1785
7324	1785
7125	1785
9296	1785
7015	1785
8854	1785
3531	1785
10215	1785
2910	1785
18471	1785
1376	1786
948	1786
2233	1786
6444	1786
1388	1787
970	1787
1386	1787
3056	1787
5444	1787
7217	1787
9377	1787
12389	1787
3600	1787
7129	1787
7308	1787
14435	1787
10516	1787
2567	1787
2225	1787
14340	1787
9537	1787
17977	1787
14192	1787
10150	1787
371	1788
3306	1788
466	1789
760	1789
371	1789
3818	1789
1686	1790
371	1790
4045	1790
15348	1790
6296	1790
2645	1790
3328	1790
371	1791
1192	1791
1028	1791
5895	1791
371	1792
371	1793
69	1793
371	1794
982	1794
135	1794
983	1794
6731	1794
4406	1794
5568	1794
1331	1795
275	1795
2100	1795
371	1795
1898	1795
7129	1795
16250	1795
14118	1795
16271	1795
135	1796
371	1796
1097	1796
1383	1796
3481	1796
3482	1796
14427	1796
3492	1796
13922	1797
4317	1797
3231	1797
9527	1797
3235	1797
1463	1798
818	1798
1034	1798
4384	1798
3220	1798
7714	1798
4217	1798
2430	1798
4368	1798
7396	1798
3376	1798
14585	1798
3293	1798
16033	1798
13042	1798
3229	1798
16037	1798
1888	1798
5962	1798
7018	1798
7394	1798
6121	1798
3675	1798
949	1799
78	1799
2625	1799
1389	1799
18334	1800
14370	1800
2976	1800
3782	1800
10154	1800
17527	1800
10612	1800
11479	1800
6341	1800
18159	1800
16039	1801
7138	1801
7401	1801
11118	1802
2912	1802
12482	1802
9318	1802
13059	1802
4998	1802
1665	1802
2912	1803
13059	1803
10564	1803
1665	1803
3480	1803
11119	1803
6341	1803
7319	1804
4339	1804
12482	1804
12055	1804
10612	1804
11119	1804
12055	1805
5373	1805
8923	1805
13931	1805
14471	1805
2913	1805
18325	1806
5802	1806
4339	1806
16227	1806
2067	1806
7186	1806
7406	1806
13931	1806
10600	1806
3252	1807
7715	1807
2181	1807
8939	1808
13933	1808
14630	1808
1921	1808
15344	1808
12058	1809
795	1810
1324	1810
950	1810
4343	1810
8155	1810
14511	1810
2392	1810
2393	1810
14474	1810
5060	1810
2032	1811
950	1811
748	1811
16471	1811
1920	1812
1296	1812
1901	1812
3256	1812
3727	1812
7011	1812
212	1813
1399	1813
1034	1813
2926	1813
9263	1813
12944	1813
14123	1813
3220	1813
5377	1813
2663	1813
12610	1813
7396	1813
2522	1813
16585	1813
9243	1813
3473	1813
6121	1813
3675	1813
952	1814
1653	1815
1281	1816
5382	1817
801	1818
4452	1818
3529	1818
12072	1818
10170	1818
4353	1818
9213	1818
9251	1819
10207	1819
8488	1819
16070	1819
7461	1819
8490	1819
7462	1819
19142	1819
5867	1819
6698	1819
825	1820
1068	1820
6134	1820
7575	1820
14798	1820
3982	1820
813	1821
12777	1821
16914	1821
16813	1821
4470	1821
6203	1821
7426	1821
2534	1821
3982	1821
3982	1822
745	1823
136	1823
1135	1823
10508	1823
17416	1823
10426	1823
12462	1823
14336	1823
2362	1823
8815	1823
13544	1823
5385	1823
7980	1823
239	1824
703	1824
1654	1824
606	1824
332	1824
8202	1824
3051	1824
5892	1824
1654	1825
3825	1825
372	1826
294	1826
3349	1826
372	1827
528	1827
1050	1827
625	1828
17826	1828
2799	1828
3086	1828
6808	1828
9962	1828
15332	1828
820	1829
5	1829
271	1829
1895	1829
9215	1829
12081	1829
15291	1829
3312	1829
12579	1830
7021	1830
12725	1830
7021	1831
7887	1831
8851	1831
957	1832
13108	1832
8491	1832
1689	1833
1845	1833
9556	1833
17445	1833
6393	1833
3611	1833
3612	1833
16860	1833
2648	1833
4843	1833
9558	1833
7923	1833
7924	1833
17451	1833
3613	1833
9561	1833
9562	1833
13358	1833
4846	1833
8458	1833
6399	1833
7926	1833
4847	1833
13359	1833
12826	1833
4848	1833
4563	1833
15375	1833
1043	1834
1419	1834
1402	1834
12775	1834
12125	1834
9102	1834
15050	1834
12582	1834
18968	1834
9394	1834
17155	1834
12640	1834
10178	1834
5928	1835
16087	1835
1399	1836
17282	1836
14625	1836
19745	1836
17283	1836
14541	1836
3321	1836
8460	1836
4582	1836
4346	1836
2522	1836
4363	1836
51	1837
655	1837
3255	1837
5803	1837
51	1838
11364	1838
4807	1838
13339	1838
6683	1838
5933	1838
7206	1838
4436	1838
2642	1838
7520	1838
2442	1838
5937	1838
5942	1838
13625	1838
51	1839
3381	1839
5932	1839
18289	1839
5602	1839
4434	1839
10232	1839
3331	1839
6513	1839
19044	1839
10818	1839
13377	1839
9794	1839
8143	1839
51	1840
1324	1840
1717	1840
10373	1840
51	1841
10809	1841
51	1842
15713	1842
8663	1842
17563	1842
5940	1842
51	1843
152	1843
3381	1843
14189	1843
11367	1843
3596	1843
3331	1843
15321	1843
13300	1843
16339	1843
3332	1843
7521	1843
6355	1843
2209	1843
1390	1844
16825	1844
7999	1844
5984	1844
7121	1844
3370	1844
2918	1844
8153	1844
14727	1844
1846	1845
1833	1845
1845	1845
5253	1845
11409	1845
14736	1845
5950	1845
12801	1845
2445	1845
12803	1845
10845	1845
9071	1845
6696	1845
3987	1845
9072	1845
7547	1845
17451	1845
5952	1845
4442	1845
9562	1845
9073	1845
4443	1845
4847	1845
2447	1846
1845	1846
16139	1846
7533	1846
3989	1846
10844	1846
5950	1846
2445	1846
12802	1846
19214	1846
7535	1846
9071	1846
3987	1846
7550	1846
9072	1846
7547	1846
10846	1846
2328	1846
18615	1846
5952	1846
4442	1846
13357	1846
7537	1846
14739	1846
8462	1846
18617	1846
9073	1846
4443	1846
10847	1846
16851	1846
5701	1846
9074	1846
18309	1846
18618	1846
12805	1846
580	1847
1516	1847
14740	1847
16860	1847
3990	1847
5393	1847
10848	1847
5955	1847
9075	1847
14741	1847
10849	1847
12813	1847
14742	1847
7538	1847
18619	1847
9092	1847
7544	1847
10850	1847
16852	1847
12806	1847
7539	1847
7029	1847
1478	1848
2867	1848
10389	1848
14743	1848
5399	1848
2870	1848
13208	1848
6245	1848
17664	1848
17043	1848
4720	1848
4721	1848
2852	1848
12643	1848
2446	1848
2322	1848
12562	1848
12517	1848
3553	1848
8773	1848
5301	1848
6246	1848
11023	1848
7027	1848
7284	1848
12291	1848
2448	1848
3181	1848
7540	1849
10870	1849
8462	1849
560	1850
19319	1850
13971	1850
800	1851
2541	1851
7485	1851
3474	1851
5905	1851
10994	1851
18646	1851
6209	1851
9120	1851
4416	1851
3441	1851
4415	1851
8467	1851
18421	1851
7066	1851
9213	1851
7494	1851
11210	1851
535	1852
12505	1852
17268	1852
5818	1852
7767	1852
12767	1852
6200	1852
9102	1852
3346	1852
3350	1852
4682	1852
2460	1852
12735	1852
10895	1852
9108	1852
2435	1852
6740	1852
7416	1852
7562	1852
14494	1852
15052	1852
19713	1852
4463	1852
5403	1852
4348	1852
3345	1852
18553	1852
7563	1852
1069	1853
817	1853
3348	1853
10882	1853
5971	1853
2459	1853
14785	1853
7574	1853
18650	1853
6218	1853
2399	1853
3260	1853
16892	1853
4466	1853
3323	1853
14804	1853
5967	1853
10895	1853
7419	1853
18967	1853
10889	1853
10890	1853
12618	1853
4349	1853
10880	1853
5973	1853
14813	1853
14806	1853
16898	1853
7569	1853
14815	1853
3388	1853
3354	1853
10885	1853
10904	1853
9110	1853
5974	1853
12857	1853
3353	1853
10892	1853
17271	1853
4408	1853
19728	1853
14808	1853
10899	1853
10893	1853
14797	1853
8468	1853
11228	1853
5897	1853
1070	1854
2184	1854
2922	1855
16712	1855
14907	1855
1410	1856
1070	1856
10882	1856
9045	1856
2922	1856
8050	1856
9107	1856
3220	1856
4691	1856
4298	1856
4470	1856
13352	1856
19730	1856
7394	1856
2461	1856
18894	1856
180	1857
180	1858
180	1859
297	1859
676	1860
1424	1860
733	1860
415	1861
1425	1861
5981	1861
2865	1861
2185	1861
9125	1861
231	1862
136	1862
425	1862
734	1862
3503	1862
734	1863
9132	1863
5985	1863
12871	1863
12872	1863
12875	1863
19410	1863
15487	1863
734	1864
1297	1864
425	1864
135	1864
1203	1864
9132	1864
17789	1864
5986	1864
9479	1864
10440	1864
3368	1864
3369	1864
3371	1864
6401	1864
5892	1864
9229	1864
3374	1864
13598	1864
734	1865
1206	1865
135	1865
734	1866
425	1866
136	1866
9132	1866
5985	1866
12872	1866
12873	1866
12875	1866
4486	1866
2470	1866
735	1867
961	1867
1416	1867
494	1868
271	1868
1078	1868
959	1868
593	1868
538	1868
1025	1868
764	1868
3445	1868
5770	1868
3995	1868
1895	1868
9157	1868
8951	1868
10950	1868
7607	1868
14866	1868
5139	1868
494	1869
538	1869
155	1869
3503	1869
5998	1869
7613	1869
494	1870
656	1870
12	1870
9945	1870
271	1871
409	1871
12	1871
136	1871
184	1871
494	1871
808	1871
377	1871
593	1871
1025	1871
3445	1871
4585	1871
12225	1871
9248	1871
19047	1871
1895	1871
12996	1871
16319	1871
7189	1871
16973	1871
15690	1871
12895	1871
10950	1871
13401	1871
9594	1871
494	1872
495	1872
418	1872
209	1872
12	1872
7609	1872
9160	1872
9161	1872
16287	1872
5406	1872
14509	1872
16971	1872
9172	1872
7610	1872
6001	1872
5998	1872
1998	1872
7613	1872
9173	1872
2474	1872
2187	1872
5999	1872
18142	1872
14869	1872
211	1873
824	1873
1	1873
4499	1873
12718	1873
19685	1873
421	1874
17282	1874
16109	1874
16656	1874
10735	1874
6209	1874
9120	1874
4417	1874
13168	1874
12722	1874
15199	1874
17192	1874
1017	1875
1399	1875
522	1875
1061	1875
18039	1875
19745	1875
8475	1875
3376	1875
4418	1875
3441	1875
12134	1875
10193	1875
5911	1875
7495	1875
428	1876
1659	1876
1284	1877
1887	1877
3431	1877
1284	1878
2480	1878
1284	1879
3389	1879
4513	1879
4444	1879
3837	1879
1284	1880
1435	1880
3391	1880
4506	1880
3392	1880
3394	1880
2488	1880
4518	1880
9192	1880
7648	1880
10986	1880
1284	1881
1881	1881
14877	1881
7617	1881
12905	1881
9178	1881
7618	1881
2479	1881
4503	1881
3391	1881
6008	1881
3395	1881
3396	1881
2484	1881
2485	1881
4511	1881
9182	1881
2486	1881
2487	1881
3397	1881
2488	1881
4513	1881
4444	1881
2489	1881
2490	1881
14881	1881
3400	1881
3401	1881
14882	1881
4518	1881
4522	1881
3407	1881
4523	1881
2494	1881
4526	1881
6020	1881
10969	1881
2496	1881
7628	1881
14886	1881
4530	1881
6022	1881
6023	1881
4532	1881
10972	1881
2498	1881
18721	1881
4536	1881
3414	1881
12918	1881
7639	1881
2502	1881
9195	1881
7642	1881
7643	1881
9197	1881
4544	1881
6030	1881
1437	1881
3422	1881
10980	1881
4546	1881
4547	1881
7649	1881
3423	1881
7650	1881
10986	1881
12923	1881
6037	1881
3429	1881
6038	1881
10990	1881
18728	1881
2518	1881
1284	1882
2485	1882
1284	1883
4502	1883
2486	1883
7627	1883
3412	1883
2499	1883
12919	1883
3417	1883
18723	1883
6028	1883
3423	1883
12921	1883
3431	1883
1284	1884
1089	1885
523	1885
1887	1885
651	1885
1284	1885
519	1885
1284	1886
1284	1887
9181	1887
1877	1887
3396	1887
2485	1887
4511	1887
2487	1887
7620	1887
3402	1887
6015	1887
4526	1887
4527	1887
12916	1887
3414	1887
12919	1887
4542	1887
6028	1887
2504	1887
1885	1887
7649	1887
4554	1887
4557	1887
6037	1887
10990	1887
1798	1888
1034	1888
802	1888
1889	1888
2926	1888
9263	1888
6131	1888
12944	1888
4671	1888
14585	1888
4346	1888
3675	1888
1399	1889
802	1889
1035	1889
1034	1889
18033	1889
3220	1889
4346	1889
14504	1889
7721	1889
1888	1889
4414	1889
69	1890
831	1890
276	1890
231	1890
13334	1890
6501	1890
6198	1890
8889	1890
2646	1890
10300	1890
2553	1890
3607	1890
2572	1890
3996	1890
3586	1890
4046	1890
4849	1890
7215	1890
3608	1890
3606	1890
19935	1890
1661	1891
8779	1891
10009	1891
7554	1892
2527	1892
3538	1892
6405	1892
6945	1892
3464	1892
6080	1892
3663	1892
9834	1892
10813	1892
1661	1892
5790	1892
4594	1892
580	1893
4909	1893
9362	1893
18918	1893
2928	1893
15751	1893
3220	1894
7451	1894
2430	1894
12109	1894
19779	1894
12508	1894
18559	1894
8938	1894
2563	1894
8926	1894
3531	1894
12581	1894
1307	1895
820	1895
1829	1895
829	1895
1442	1895
1871	1895
271	1895
808	1895
409	1895
2020	1895
1868	1895
1897	1895
8909	1895
9248	1895
19866	1895
17162	1895
6811	1895
7160	1895
12247	1895
3678	1895
271	1896
808	1897
271	1897
1895	1897
8951	1897
12999	1897
12247	1897
2417	1897
1500	1898
381	1898
1331	1898
829	1898
271	1898
12994	1898
7380	1898
7684	1898
8225	1898
7173	1898
1795	1898
1110	1899
6394	1899
8982	1899
7489	1899
9031	1899
2574	1899
2705	1899
3439	1899
12722	1899
9311	1899
8491	1899
4591	1899
2392	1900
4337	1900
7047	1900
7356	1900
3215	1900
4312	1900
16460	1901
18160	1901
19127	1901
19043	1901
9810	1901
1812	1901
9362	1901
13063	1901
15134	1901
18931	1901
12244	1901
3499	1901
7178	1901
15136	1901
12228	1901
13998	1901
3028	1901
12154	1901
18942	1901
7770	1901
15476	1901
10229	1901
14214	1901
17247	1901
1089	1902
523	1902
3460	1902
3999	1902
1089	1903
523	1903
17106	1903
4601	1903
4600	1903
17107	1903
3458	1903
3999	1903
2535	1903
6094	1903
4605	1903
6092	1903
13023	1904
2537	1904
8505	1904
5411	1904
9268	1904
1089	1905
4599	1905
8504	1905
7700	1905
6091	1905
4605	1905
4607	1905
15023	1906
15025	1906
2539	1906
17129	1906
13039	1906
8510	1906
542	1907
818	1907
652	1907
4384	1907
2931	1907
15030	1907
18849	1907
4625	1907
2430	1907
2433	1907
9236	1907
9285	1907
5945	1907
3229	1907
11089	1907
7722	1907
6121	1907
1544	1908
1179	1908
5022	1908
10391	1908
15762	1908
3746	1908
8044	1908
10215	1908
5021	1908
797	1909
8511	1909
13052	1909
14494	1909
7730	1909
18864	1909
15040	1909
7053	1910
140	1911
1097	1911
5	1911
3	1911
135	1911
138	1911
374	1911
135	1912
457	1912
141	1913
139	1913
5	1913
135	1913
3659	1913
135	1914
9812	1914
3486	1914
3488	1914
4642	1914
3490	1914
671	1915
135	1915
9220	1915
15035	1915
135	1916
1097	1916
627	1916
1102	1916
135	1917
2282	1917
1327	1917
14030	1917
1461	1918
545	1918
1102	1918
837	1918
135	1918
831	1919
380	1919
135	1919
6049	1919
13643	1919
7739	1919
4648	1919
1306	1920
18160	1920
2619	1920
1812	1920
4005	1920
18931	1920
15480	1920
2786	1920
1711	1920
15136	1920
13117	1920
4310	1920
1808	1921
2933	1921
1392	1922
1395	1922
10220	1922
9102	1922
12639	1922
3326	1922
9394	1922
13157	1922
3502	1922
810	1923
18703	1923
4632	1923
7408	1923
16601	1923
18705	1923
11224	1923
12135	1923
1146	1924
1165	1924
10437	1924
13159	1924
10445	1924
4306	1924
7059	1924
1388	1925
963	1925
6529	1925
5444	1925
2955	1925
3503	1925
14192	1925
10223	1926
980	1927
3638	1927
7180	1927
6616	1927
7668	1927
4037	1927
12299	1927
18915	1927
15642	1927
3216	1927
5531	1927
14960	1927
4659	1927
7759	1927
12188	1927
2569	1927
18147	1927
2935	1927
4064	1927
5518	1927
2226	1927
18129	1927
6170	1927
8579	1927
16207	1927
14170	1927
11357	1927
6164	1927
14026	1927
15554	1927
136	1928
281	1928
1374	1928
1153	1928
152	1928
877	1928
1928	1928
4151	1928
2257	1928
12699	1928
4039	1928
9386	1928
3816	1928
2566	1928
2010	1928
3303	1928
2525	1928
12139	1928
12702	1928
3724	1928
4868	1928
636	1929
1290	1929
8886	1929
1290	1930
11836	1930
17829	1930
13718	1930
15576	1930
8805	1930
4660	1930
15848	1930
3826	1930
12420	1930
13135	1931
19869	1931
16158	1931
8944	1931
4321	1931
14030	1932
14371	1933
8542	1933
1291	1934
7567	1934
17268	1934
6205	1934
4682	1934
7780	1934
15176	1934
4469	1934
2574	1934
2575	1934
4459	1934
13147	1934
14822	1934
6204	1934
13148	1934
17267	1934
4683	1934
53	1935
80	1935
53	1936
800	1937
1434	1937
6218	1937
12844	1937
5428	1937
4687	1937
530	1938
1114	1938
1054	1938
375	1938
844	1938
479	1938
375	1939
295	1939
10941	1939
11231	1939
9049	1939
824	1940
964	1940
528	1940
4488	1940
5430	1940
2580	1940
964	1941
1411	1941
13179	1941
12767	1941
8992	1941
9410	1941
1123	1942
859	1942
739	1942
862	1942
1942	1942
1668	1942
1670	1942
3133	1942
4693	1942
1944	1942
2198	1942
7271	1942
2884	1942
3555	1942
2586	1942
1668	1943
1624	1944
1476	1944
965	1944
862	1944
1942	1944
1484	1944
1606	1944
477	1944
1944	1944
11259	1944
1668	1944
6227	1944
4709	1944
14050	1944
2947	1944
3541	1944
2951	1944
5438	1944
2197	1944
7806	1944
2588	1944
11291	1944
4693	1944
9416	1944
9423	1944
2193	1944
9429	1944
13206	1944
13187	1944
19305	1944
7831	1944
7832	1944
2198	1944
14044	1944
2587	1944
2338	1944
18989	1944
9463	1944
3555	1944
11293	1944
7577	1944
5639	1944
2586	1944
15248	1945
4018	1945
5187	1945
13218	1945
15231	1945
8748	1945
4276	1945
2951	1945
17909	1945
17850	1945
3158	1945
11888	1945
5432	1945
17299	1945
5639	1945
17898	1945
2599	1945
739	1946
1364	1947
862	1947
477	1947
739	1947
1118	1947
376	1947
5226	1947
2336	1947
5242	1947
2679	1948
2195	1948
6245	1949
2446	1949
9439	1949
2195	1949
9083	1949
6246	1949
376	1950
5436	1950
7075	1950
11890	1950
682	1951
562	1951
1184	1951
2	1951
4732	1951
2	1952
6694	1952
855	1953
854	1953
161	1953
2	1953
6253	1953
2	1954
1955	1955
376	1955
9422	1955
513	1956
376	1956
639	1956
573	1956
5214	1956
1697	1957
1696	1957
11729	1957
9358	1957
9278	1957
5959	1957
11467	1957
14058	1957
14700	1957
9623	1957
6343	1957
13419	1957
6461	1957
15466	1957
14754	1957
15468	1957
1327	1958
1704	1958
2553	1958
10436	1958
2958	1958
8179	1958
8563	1958
16336	1958
16591	1958
3691	1958
6508	1958
2532	1959
13251	1959
2958	1959
745	1960
4045	1960
2289	1960
17438	1960
6296	1960
2783	1960
5633	1960
2416	1960
14071	1960
1536	1961
871	1961
9495	1961
7096	1961
79	1962
1169	1962
13268	1962
13486	1962
7097	1962
495	1963
377	1963
2605	1963
57	1964
742	1964
1124	1965
1312	1965
1154	1965
2968	1965
5458	1965
1294	1966
19144	1966
5511	1966
14722	1966
2706	1966
19166	1966
3329	1966
11353	1966
2620	1966
9362	1966
10297	1966
6407	1966
7875	1966
2444	1966
15545	1966
6406	1966
1294	1967
979	1967
5511	1967
7867	1967
7858	1967
9500	1967
9658	1967
2444	1967
12205	1967
14484	1967
377	1968
1319	1968
136	1968
6222	1968
5001	1968
2653	1968
377	1969
2620	1969
377	1970
1208	1970
1132	1970
6	1970
11621	1970
1132	1971
377	1971
3448	1971
496	1972
54	1972
1299	1973
1506	1973
12577	1973
423	1974
743	1974
2974	1975
888	1976
1021	1976
744	1976
748	1976
16742	1976
1475	1977
152	1977
969	1977
3381	1977
6347	1977
9713	1977
6609	1977
18562	1977
13437	1977
13301	1977
3331	1977
3332	1977
9525	1977
3624	1977
9555	1977
4805	1977
9058	1977
19859	1977
3085	1977
11242	1977
3030	1977
971	1978
969	1978
56	1978
1388	1979
745	1979
1692	1979
3600	1979
2386	1979
745	1980
56	1980
4136	1980
13550	1980
5585	1980
745	1981
602	1981
1500	1981
1578	1982
4878	1982
2277	1982
6769	1982
5117	1982
4828	1982
3059	1982
2783	1982
5469	1982
2645	1982
2785	1982
18348	1982
2726	1982
57	1983
7113	1983
136	1984
1058	1984
1301	1984
13444	1984
9054	1984
3008	1984
4921	1984
6	1985
4042	1985
5474	1985
7722	1985
3811	1985
1686	1986
574	1987
1686	1987
792	1987
886	1988
183	1988
5612	1988
8638	1988
440	1989
496	1989
671	1990
595	1990
656	1990
39	1990
152	1990
2651	1990
13363	1990
12290	1990
5486	1990
18160	1991
16340	1991
18783	1991
19773	1991
19854	1991
7845	1991
8597	1991
18857	1991
18315	1991
17234	1991
1993	1992
8598	1992
1992	1993
1577	1993
988	1993
8598	1993
226	1994
971	1994
13594	1994
4679	1994
6389	1994
17502	1994
1039	1995
1034	1995
3220	1995
14374	1995
14119	1995
4422	1995
11033	1995
1034	1996
1042	1996
14410	1996
14123	1996
8854	1996
3473	1996
1113	1997
1034	1997
3257	1997
14123	1997
2394	1997
19795	1997
18798	1997
1872	1998
155	1998
4801	1998
4669	1998
18456	1998
5998	1998
10953	1998
2474	1998
2237	1998
8609	1998
2689	1998
4378	1999
12677	1999
6373	1999
2409	1999
13168	1999
15199	1999
10760	1999
18148	1999
3300	1999
1693	2000
9065	2001
7136	2001
10358	2001
4057	2002
7137	2002
2618	2002
17468	2002
15416	2002
18196	2002
7911	2002
15270	2002
973	2003
137	2003
8201	2003
3818	2003
524	2004
10366	2004
4054	2004
6503	2004
980	2005
19559	2005
19876	2005
19841	2005
7141	2006
56	2007
843	2007
56	2008
1137	2008
1023	2008
9610	2008
1498	2009
56	2009
281	2010
538	2010
599	2010
1374	2010
152	2010
56	2010
255	2010
213	2010
873	2010
409	2010
1928	2010
843	2010
5589	2010
9000	2010
18292	2010
14332	2010
17562	2010
2566	2010
6401	2010
6611	2010
18254	2010
136	2011
136	2012
592	2012
136	2013
137	2013
5913	2013
769	2014
1445	2014
136	2014
1217	2014
148	2014
2116	2014
2415	2014
763	2015
1096	2015
1427	2015
1310	2015
136	2015
228	2015
1700	2016
3924	2016
1516	2016
2226	2016
2691	2016
2017	2016
1516	2017
2016	2017
2226	2017
2018	2018
6936	2018
15940	2018
4062	2018
3671	2018
18617	2018
4319	2019
4905	2019
10354	2019
12	2020
820	2020
808	2020
3452	2020
1895	2020
7160	2020
273	2021
9064	2022
14179	2022
7970	2022
5940	2022
4998	2022
11119	2022
6341	2022
13545	2022
3002	2023
4068	2023
1703	2024
2474	2024
6350	2024
2231	2025
231	2026
119	2026
69	2026
276	2026
17602	2026
4071	2026
9054	2026
6621	2026
4988	2026
3328	2026
4831	2027
19952	2027
7167	2027
14949	2028
2233	2028
3015	2028
59	2029
1382	2030
12575	2030
10373	2030
1024	2031
978	2031
1313	2032
1316	2032
11561	2032
1811	2032
795	2033
1313	2033
659	2033
11561	2033
748	2034
8918	2034
12730	2034
1415	2035
748	2035
13508	2035
4667	2035
1544	2036
891	2036
6467	2036
4339	2036
1705	2036
10627	2036
13333	2036
10612	2036
14474	2036
10377	2037
13286	2037
10376	2037
498	2038
498	2039
1167	2039
848	2039
275	2040
79	2041
275	2041
838	2041
18610	2041
9795	2041
8033	2041
15612	2041
7778	2041
275	2042
79	2043
275	2043
871	2043
10770	2043
11741	2043
8061	2043
7202	2043
6599	2043
838	2044
1157	2044
1511	2044
275	2044
701	2044
15586	2044
28	2045
275	2045
9725	2045
15595	2045
7762	2045
17647	2045
15289	2045
1115	2046
275	2046
632	2046
152	2047
4078	2047
1316	2048
994	2049
276	2049
987	2049
1135	2049
2725	2049
8679	2049
656	2050
276	2050
29	2050
1708	2051
16336	2052
2603	2052
3691	2052
14867	2053
16339	2053
652	2054
14370	2054
13321	2054
4082	2054
1319	2055
237	2056
1321	2056
328	2056
911	2056
13581	2056
2732	2056
5600	2056
11656	2056
9800	2056
13585	2056
5004	2056
18891	2056
3241	2056
15674	2056
13588	2056
13705	2056
9547	2056
889	2057
2246	2057
152	2058
499	2058
499	2059
499	2060
3598	2060
499	2061
3310	2061
3513	2062
6511	2062
3018	2062
749	2063
10404	2064
4436	2065
6353	2065
19364	2065
16538	2065
5051	2065
17723	2065
13409	2065
5791	2065
3030	2065
11743	2066
17757	2066
7349	2066
18918	2066
2067	2066
16545	2066
12348	2066
1806	2067
2066	2067
11743	2067
5802	2067
12348	2067
277	2068
11498	2068
17665	2068
3770	2068
5015	2068
3032	2069
14765	2070
17478	2070
11359	2070
15770	2070
6573	2070
3775	2070
8162	2070
11744	2070
6704	2070
7512	2070
10412	2070
6703	2070
2260	2071
6708	2072
2756	2072
9885	2072
3776	2072
5072	2072
4116	2072
15772	2072
5077	2072
629	2073
1186	2073
1336	2073
574	2074
629	2074
1747	2074
1467	2074
1005	2074
2379	2074
3825	2074
6802	2074
2793	2074
6380	2074
12385	2074
3074	2074
3233	2074
4394	2074
15835	2074
12411	2074
2294	2074
14427	2074
15361	2074
3244	2074
15836	2074
1501	2075
792	2075
629	2075
5570	2075
4825	2075
2548	2075
11777	2076
11779	2076
9711	2076
9609	2076
4121	2076
5121	2076
7724	2076
8173	2076
9896	2076
9897	2076
1325	2077
5087	2077
989	2078
1327	2078
1328	2078
896	2078
1561	2078
1075	2078
907	2078
2644	2078
3051	2078
15821	2078
2267	2079
752	2080
2766	2080
3045	2080
5092	2080
6742	2080
1722	2081
8693	2081
1583	2082
1722	2082
5	2083
13252	2083
3835	2083
1207	2084
63	2084
426	2084
425	2085
549	2085
141	2085
456	2085
10416	2086
14263	2086
6753	2086
12367	2086
6781	2086
11015	2086
13573	2086
1023	2087
3673	2087
5122	2087
9954	2087
5769	2087
3383	2087
14924	2087
3074	2087
9950	2087
2791	2087
6754	2087
14268	2087
9949	2087
10574	2087
6682	2087
16373	2087
2660	2087
6126	2087
13725	2087
5893	2087
4646	2087
9958	2087
14252	2088
14255	2089
14942	2089
1208	2090
6	2090
843	2091
6	2091
2661	2091
382	2092
985	2093
756	2094
3272	2094
3063	2094
6612	2094
2285	2094
69	2095
1330	2096
119	2096
1331	2097
2277	2097
3328	2097
988	2098
423	2098
2373	2098
882	2099
4444	2099
4133	2099
7661	2099
4165	2099
15613	2099
4950	2099
4951	2099
1157	2100
1331	2100
1500	2100
3074	2100
8203	2100
2791	2100
8094	2100
10574	2100
11393	2100
14425	2100
13501	2100
2660	2100
13731	2100
6572	2100
1795	2100
4136	2101
3059	2102
2645	2102
8716	2103
13059	2103
2784	2103
990	2104
991	2105
6804	2105
6771	2105
992	2106
1334	2107
247	2108
789	2108
10	2108
175	2108
898	2108
705	2108
1350	2108
3783	2108
839	2108
2108	2108
231	2109
12384	2109
2533	2109
3724	2109
689	2110
848	2110
879	2110
3072	2110
4814	2110
6676	2110
10438	2110
6368	2110
5127	2110
16696	2110
4815	2110
3599	2110
15336	2110
384	2111
441	2111
1216	2111
446	2111
12685	2111
19311	2111
6676	2111
3433	2111
14345	2111
2411	2111
9710	2111
765	2112
152	2112
14355	2112
1339	2113
1192	2113
768	2114
5610	2115
13315	2115
16400	2115
1445	2116
1344	2116
1217	2116
152	2116
2014	2116
542	2117
5620	2117
2796	2118
5622	2118
2797	2119
2294	2119
173	2120
392	2120
682	2121
884	2121
5625	2121
1223	2122
1004	2122
1228	2123
1350	2123
1750	2124
393	2125
393	2126
393	2127
486	2128
776	2128
17881	2128
11941	2128
3095	2129
1007	2130
718	2130
396	2131
1599	2131
396	2132
5165	2132
397	2133
4170	2133
400	2134
401	2135
1237	2135
4171	2136
3292	2136
1354	2137
1240	2137
515	2137
208	2138
402	2138
2303	2138
1629	2138
402	2139
402	2140
208	2140
924	2141
402	2141
2820	2141
208	2142
1423	2142
18257	2142
5237	2142
1755	2142
1604	2142
2823	2142
4177	2143
6835	2143
19427	2143
924	2144
208	2144
778	2144
6836	2144
924	2145
512	2145
513	2146
639	2146
359	2146
514	2146
3561	2146
4750	2146
514	2147
4188	2148
8755	2149
4191	2150
5675	2150
1357	2151
2860	2151
8323	2151
7261	2151
5263	2151
2316	2152
15940	2153
8761	2153
15943	2153
14749	2153
15410	2153
19717	2153
10045	2153
14555	2153
6889	2153
19936	2153
2161	2154
1595	2154
11190	2154
4716	2154
4208	2154
5669	2154
12665	2154
7455	2154
1055	2155
3131	2155
1621	2156
2159	2156
3901	2156
3142	2156
2880	2156
663	2157
15865	2157
10022	2157
9127	2157
3890	2157
2324	2157
8310	2157
3362	2157
1258	2158
5863	2158
3147	2158
5709	2158
3200	2158
8352	2159
8353	2159
1766	2159
5299	2159
2156	2159
7279	2159
1055	2160
1766	2160
2154	2161
4716	2161
10024	2161
7455	2161
7269	2161
355	2162
925	2162
261	2162
6933	2162
4250	2162
11926	2162
1366	2163
4253	2163
