1641	2164
2889	2164
3970	2164
2906	2164
2907	2164
5357	2164
737	2165
1291	2165
1667	2165
53	2165
5319	2165
7012	2165
12151	2165
4010	2165
2941	2165
16166	2165
2942	2165
7066	2165
16167	2165
18082	2165
8543	2165
5428	2165
1268	2166
937	2166
1267	2166
1682	2166
2170	2166
4033	2166
10268	2166
7104	2166
5460	2166
1298	2167
937	2167
1299	2167
1637	2167
1683	2167
12172	2167
8576	2167
10286	2167
10097	2167
18040	2167
12187	2167
12127	2167
10287	2167
12196	2167
6976	2167
8577	2167
10288	2167
16211	2167
16212	2167
18064	2167
2900	2167
12188	2167
15978	2167
4035	2167
14063	2167
12015	2167
4036	2167
5467	2167
16145	2167
7107	2167
16213	2167
6984	2167
8406	2167
14088	2167
10289	2167
16191	2167
18114	2167
12020	2167
10282	2167
3966	2167
2973	2167
8578	2167
2905	2167
5468	2167
16214	2167
948	2168
1268	2168
937	2168
1307	2168
1269	2168
1638	2168
18164	2168
13912	2168
16292	2168
10347	2168
8631	2168
7154	2168
16293	2168
16254	2168
12277	2168
4063	2168
4055	2168
10348	2168
14101	2168
19563	2168
18175	2168
16294	2168
18176	2168
14135	2168
14151	2168
8632	2168
8633	2168
4027	2168
18177	2168
18178	2168
16277	2168
18179	2168
12278	2168
12189	2168
18180	2168
14167	2168
14168	2168
4064	2168
14152	2168
8634	2168
12009	2168
16278	2168
18181	2168
8393	2168
13944	2168
14169	2168
14153	2168
12261	2168
16295	2168
12262	2168
8597	2168
8630	2168
16279	2168
12279	2168
16280	2168
12206	2168
16296	2168
5461	2168
10264	2168
18182	2168
18183	2168
18140	2168
12280	2168
5504	2168
18102	2168
5505	2168
12191	2168
17977	2168
14170	2168
16281	2168
14155	2168
18184	2168
12240	2168
16297	2168
14171	2168
18185	2168
18186	2168
14070	2168
19564	2168
14158	2168
12281	2168
12239	2168
5494	2168
16282	2168
16241	2168
12282	2168
8447	2168
16298	2168
937	2169
3955	2169
3951	2169
2977	2169
5513	2169
5514	2169
13917	2169
4026	2169
8639	2169
937	2170
1267	2170
1637	2170
2166	2170
8641	2170
10103	2170
5340	2170
5516	2170
13895	2170
3967	2170
364	2171
937	2171
1676	2171
3011	2171
5456	2171
8570	2171
16202	2171
10114	2171
6985	2171
5350	2171
5545	2172
5546	2172
10391	2172
12336	2172
6989	2172
5547	2172
8606	2172
14218	2172
2891	2172
2980	2172
10392	2172
3015	2172
7193	2172
4093	2172
14219	2172
17986	2172
10393	2172
18221	2172
3965	2172
12230	2172
5548	2172
7194	2172
8421	2172
177	2173
491	2173
629	2173
750	2173
3037	2173
7211	2173
3038	2173
5565	2173
491	2174
177	2174
56	2174
3039	2174
12351	2174
16368	2174
12352	2174
3040	2174
12353	2174
19500	2174
491	2175
490	2175
1325	2175
177	2175
12360	2175
267	2176
739	2177
1364	2177
620	2177
1759	2177
71	2178
744	2178
2183	2178
5749	2178
8847	2178
5750	2178
10547	2178
5751	2178
10548	2178
3951	2178
7335	2178
10097	2178
19583	2178
12127	2178
5489	2178
5744	2178
7336	2178
5752	2178
3220	2178
6999	2178
16456	2178
12480	2178
2977	2178
8848	2178
14380	2178
7337	2178
5745	2178
7025	2178
12481	2178
3221	2178
7324	2178
14381	2178
4298	2178
7125	2178
16470	2178
14373	2178
19585	2178
3222	2178
8849	2178
10206	2178
8429	2178
7338	2178
7339	2178
5753	2178
12500	2178
16145	2178
8850	2178
7326	2178
16019	2178
5754	2178
7340	2178
8851	2178
13917	2178
4299	2178
8852	2178
14382	2178
2978	2178
6986	2178
14383	2178
7341	2178
7327	2178
14374	2178
12501	2178
14119	2178
10549	2178
16471	2178
5746	2178
18308	2178
5755	2178
18316	2178
7342	2178
3223	2178
12234	2178
16472	2178
18310	2179
14108	2179
12047	2179
2180	2179
8432	2179
8577	2179
10581	2179
5467	2179
8364	2179
16519	2179
10314	2179
13897	2179
2179	2180
16080	2180
14108	2180
13925	2180
10310	2180
12047	2180
12232	2180
5336	2180
14122	2180
8557	2180
8432	2180
8577	2180
7022	2180
8433	2180
7087	2180
18054	2180
5467	2180
8364	2180
7131	2180
5788	2180
16519	2180
10314	2180
7135	2180
1807	2181
2894	2181
17919	2182
16109	2182
8995	2182
5877	2182
16068	2182
4382	2182
3293	2182
12073	2182
16115	2182
4369	2182
18029	2182
3299	2182
4370	2182
4383	2182
7470	2182
14572	2182
3300	2182
1416	2183
1305	2183
14699	2183
8459	2183
5922	2183
14371	2183
16805	2183
16440	2183
10801	2183
12063	2183
16806	2183
2920	2183
7509	2183
9047	2183
2178	2183
10802	2183
10798	2183
17948	2183
10803	2183
18008	2183
5489	2183
12472	2183
17949	2183
10075	2183
10804	2183
12771	2183
10219	2183
7510	2183
14700	2183
10805	2183
14380	2183
5923	2183
15976	2183
7025	2183
7324	2183
16807	2183
12482	2183
4298	2183
7511	2183
10652	2183
10806	2183
3297	2183
12307	2183
12772	2183
16808	2183
18073	2183
5924	2183
5390	2183
7512	2183
7513	2183
8482	2183
3327	2183
16459	2183
14197	2183
7514	2183
8994	2183
14701	2183
16106	2183
9048	2183
14702	2183
5925	2183
5926	2183
7208	2183
8932	2183
10293	2183
7057	2183
12773	2183
2910	2183
8835	2183
12774	2183
1070	2184
1283	2184
1854	2184
3350	2184
11989	2184
14803	2184
5403	2184
1861	2185
1425	2185
5981	2185
5979	2185
19733	2185
5322	2185
16930	2185
12867	2185
9125	2185
16931	2185
16932	2185
18677	2185
1076	2186
1416	2186
1419	2186
961	2186
735	2186
5409	2186
12105	2186
7591	2186
4487	2186
4488	2186
9047	2186
10738	2186
10599	2186
19741	2186
5967	2186
6965	2186
12107	2186
9139	2186
7592	2186
12847	2186
3376	2186
3377	2186
10921	2186
6968	2186
5992	2186
5993	2186
10922	2186
9140	2186
10194	2186
19519	2186
5912	2186
14850	2186
14851	2186
7057	2186
14852	2186
1872	2187
1429	2187
418	2187
538	2187
155	2187
154	2187
12	2187
7609	2187
9161	2187
5406	2187
16971	2187
9172	2187
14519	2187
10957	2187
6966	2187
18456	2187
6001	2187
4498	2187
7613	2187
12894	2187
9173	2187
8473	2187
6002	2187
5999	2187
10951	2187
9169	2187
9174	2187
1296	2188
19617	2188
19626	2188
18811	2188
9259	2188
16049	2188
16152	2188
4005	2188
18410	2188
14455	2188
17089	2188
5326	2188
13011	2188
10209	2188
12112	2188
17090	2188
12548	2188
17091	2188
16580	2188
14479	2188
2933	2188
18389	2188
5905	2189
6130	2189
3322	2189
11993	2189
6174	2190
4023	2190
10224	2190
13099	2190
17213	2190
18918	2190
12482	2190
13100	2190
15118	2190
13101	2190
11996	2190
10225	2190
17214	2191
11996	2191
12706	2192
13911	2192
19820	2192
4669	2192
8532	2192
13115	2192
9365	2192
10571	2192
8654	2192
15133	2192
7064	2192
17229	2192
14997	2192
6185	2192
17230	2192
7770	2192
4667	2192
6186	2192
17231	2192
8539	2192
11175	2192
10086	2192
18538	2192
11085	2192
15139	2192
18925	2192
12326	2192
1669	2193
1944	2193
5433	2193
2895	2193
4017	2193
9422	2193
4707	2193
4708	2193
11254	2193
3545	2193
13185	2193
6233	2193
15227	2193
5980	2193
2194	2194
3952	2194
13194	2194
7814	2194
18990	2194
7815	2194
11265	2194
3548	2194
6240	2194
4015	2194
7816	2194
4714	2194
4715	2194
6236	2194
6241	2194
17311	2194
13195	2194
17312	2194
15227	2194
9434	2194
4713	2194
1478	2195
1119	2195
1948	2195
1949	2195
2446	2195
6245	2195
4720	2195
4721	2195
4722	2195
18998	2195
3552	2195
9439	2195
4016	2195
10088	2195
3553	2195
6246	2195
7821	2195
858	2196
4014	2196
11255	2196
8552	2196
6245	2196
4734	2196
6260	2196
4735	2196
4720	2196
4721	2196
9450	2196
2446	2196
9439	2196
4016	2196
10088	2196
3553	2196
12161	2196
4736	2196
4737	2196
19006	2196
11285	2196
9434	2196
3181	2196
19844	2196
376	2197
739	2197
965	2197
1632	2197
1944	2197
13223	2197
7076	2197
19011	2197
15250	2197
7828	2197
14050	2197
2947	2197
3541	2197
15249	2197
7078	2197
9416	2197
9435	2197
19842	2197
18087	2197
7075	2197
17329	2197
3558	2197
6231	2197
2954	2197
11292	2197
7798	2197
7081	2197
11293	2197
4744	2197
8381	2197
10250	2197
376	2198
739	2198
1484	2198
1632	2198
1942	2198
1944	2198
1668	2198
10249	2198
7077	2198
2947	2198
4716	2198
2951	2198
11289	2198
4693	2198
9416	2198
18087	2198
4748	2198
6273	2198
3539	2198
7831	2198
7832	2198
6231	2198
7798	2198
573	2199
514	2199
1485	2199
1632	2199
11303	2199
7834	2199
3561	2199
11304	2199
4749	2199
13230	2199
13231	2199
19014	2199
4750	2199
1267	2200
2224	2200
16655	2200
10301	2200
12007	2200
14126	2200
628	2201
1267	2201
8536	2201
6170	2201
8860	2201
2934	2201
12184	2201
627	2202
1058	2202
1268	2202
1307	2202
1267	2202
14056	2202
4021	2202
16197	2202
12215	2202
19041	2202
5334	2202
16324	2202
16311	2202
18094	2202
18206	2202
15165	2202
8559	2202
14142	2202
18122	2202
16326	2202
10142	2202
16190	2202
18200	2202
11324	2202
15985	2202
16393	2202
12331	2202
4044	2202
18833	2202
16327	2202
12020	2202
18104	2202
16193	2202
14203	2202
14144	2202
18211	2202
18106	2202
16000	2202
1267	2203
1268	2203
1469	2203
1673	2203
1488	2203
3954	2203
3567	2203
11326	2203
8385	2203
8556	2203
3007	2203
17354	2203
6291	2203
5346	2203
12195	2203
14079	2203
15992	2203
16210	2203
864	2204
364	2204
12532	2204
15292	2204
3571	2204
1496	2205
364	2205
364	2206
17381	2206
4784	2206
19066	2206
13281	2206
17382	2206
7872	2206
9506	2206
3331	2206
3579	2206
15298	2206
3580	2206
11350	2206
17383	2206
19067	2206
17384	2206
9507	2206
364	2207
11352	2207
3505	2207
1327	2208
364	2208
2623	2208
51	2209
499	2209
1843	2209
18977	2209
11364	2209
17401	2209
15313	2209
4807	2209
5534	2209
17940	2209
15314	2209
11366	2209
17402	2209
11349	2209
7891	2209
15315	2209
17403	2209
4808	2209
6351	2209
15316	2209
15317	2209
2897	2209
6352	2209
19995	2209
7892	2209
9526	2209
4809	2209
9527	2209
6353	2209
14189	2209
17404	2209
17405	2209
9528	2209
15318	2209
11367	2209
9529	2209
9061	2209
3596	2209
13301	2209
15319	2209
3593	2209
17406	2209
15320	2209
18948	2209
3331	2209
15321	2209
9530	2209
11368	2209
17407	2209
17408	2209
15322	2209
11369	2209
15323	2209
17409	2209
15324	2209
7893	2209
15325	2209
17410	2209
6354	2209
4810	2209
11370	2209
15326	2209
15327	2209
13302	2209
15328	2209
17411	2209
9531	2209
11371	2209
13180	2209
7521	2209
4783	2209
11372	2209
3597	2209
4811	2209
7894	2209
6355	2209
6356	2209
7170	2209
19084	2209
19860	2209
6357	2209
15329	2209
135	2210
8382	2210
14106	2210
16287	2210
8590	2210
3600	2210
4074	2210
14031	2210
7129	2210
16250	2210
7308	2210
14163	2210
14099	2210
9537	2210
14118	2210
8669	2210
1633	2211
1502	2211
1633	2212
135	2212
1137	2213
6971	2213
4084	2213
14489	2213
2955	2213
19056	2213
15067	2213
12288	2213
2999	2213
16158	2213
4074	2213
19098	2213
7308	2213
9165	2213
6338	2213
4486	2213
16027	2213
8562	2213
6984	2213
6177	2213
18209	2213
17392	2213
837	2214
552	2214
1099	2214
374	2214
1461	2214
1329	2214
1075	2214
1097	2214
422	2214
135	2214
1096	2214
13064	2214
18890	2214
14920	2214
12362	2214
12971	2214
7775	2214
13334	2214
12363	2214
17022	2214
17023	2214
11007	2214
14921	2214
3048	2214
4130	2214
13952	2214
14106	2214
5575	2214
12949	2214
12950	2214
8686	2214
9549	2214
18093	2214
8479	2214
10418	2214
13871	2214
18766	2214
15968	2214
4124	2214
11008	2214
9217	2214
12365	2214
17170	2214
16186	2214
14924	2214
12952	2214
9218	2214
5576	2214
14424	2214
14241	2214
17171	2214
9219	2214
11394	2214
11395	2214
6146	2214
6148	2214
3049	2214
18768	2214
5578	2214
7226	2214
10420	2214
6140	2214
15068	2214
14244	2214
13065	2214
7213	2214
5535	2214
19825	2214
4127	2214
16389	2214
6151	2214
13066	2214
8658	2214
18769	2214
16238	2214
14190	2214
3481	2214
13067	2214
14031	2214
12102	2214
8700	2214
3996	2214
11011	2214
18292	2214
14246	2214
3013	2214
14247	2214
10233	2214
17025	2214
3605	2214
14931	2214
12954	2214
4828	2214
16373	2214
13061	2214
13335	2214
11396	2214
12955	2214
12178	2214
12367	2214
5991	2214
6048	2214
3489	2214
14163	2214
12875	2214
14934	2214
17029	2214
4398	2214
17432	2214
15360	2214
17433	2214
12956	2214
17032	2214
12012	2214
6385	2214
9222	2214
3482	2214
12370	2214
6154	2214
8480	2214
12958	2214
9223	2214
14936	2214
12959	2214
2927	2214
10525	2214
11014	2214
18772	2214
13069	2214
9320	2214
14211	2214
11015	2214
12017	2214
14164	2214
13326	2214
11397	2214
3053	2214
7742	2214
14275	2214
17434	2214
15061	2214
12961	2214
9215	2214
11131	2214
3490	2214
17033	2214
17173	2214
13336	2214
17034	2214
9226	2214
9550	2214
15062	2214
12371	2214
13062	2214
12963	2214
16377	2214
7041	2214
11398	2214
8669	2214
7912	2214
9227	2214
14238	2214
15361	2214
4168	2214
4829	2214
10421	2214
4643	2214
11016	2214
11133	2214
12964	2214
15362	2214
4830	2214
12352	2214
7913	2214
3606	2214
6386	2214
11017	2214
12966	2214
17418	2214
12967	2214
5891	2214
18242	2214
17037	2214
8707	2214
17435	2214
6144	2214
12025	2214
10117	2214
12537	2214
18348	2214
3312	2214
3494	2214
5585	2214
9229	2214
12374	2214
14940	2214
17436	2214
7424	2214
4645	2214
14941	2214
5587	2214
16618	2214
11399	2214
15363	2214
13337	2214
17038	2214
13071	2214
19770	2214
14286	2214
5988	2214
12376	2214
3055	2214
6387	2214
12968	2214
5894	2214
17420	2214
5568	2214
5588	2214
18774	2214
17041	2214
14943	2214
183	2215
1707	2215
1330	2215
77	2215
2929	2215
13871	2215
15968	2215
2982	2215
4831	2215
8634	2215
11401	2215
16345	2215
4595	2215
18170	2215
16216	2215
4047	2215
15365	2215
18296	2215
12206	2215
7855	2215
5460	2215
14079	2215
576	2216
7428	2216
3614	2216
2929	2216
5737	2216
7067	2216
3445	2216
3615	2216
10096	2216
9569	2216
6400	2216
8823	2216
11416	2216
5361	2216
4843	2216
9570	2216
12457	2216
4844	2216
15381	2216
7314	2216
10657	2216
7929	2216
16715	2216
17456	2216
17457	2216
11417	2216
6401	2216
4293	2216
5416	2216
11418	2216
7884	2216
3271	2216
18254	2216
8573	2216
8739	2216
14346	2216
9571	2216
19121	2216
8418	2216
9388	2216
18135	2216
1637	2217
1634	2217
2900	2217
6983	2217
4053	2217
5494	2217
1318	2218
1307	2218
1637	2218
1638	2218
7391	2218
7154	2218
4063	2218
8385	2218
19056	2218
12540	2218
10822	2218
8632	2218
8633	2218
13392	2218
12050	2218
10384	2218
4064	2218
12235	2218
13393	2218
12297	2218
5347	2218
5505	2218
3964	2218
6177	2218
6435	2218
10401	2218
6364	2218
3635	2218
11437	2218
742	2219
1299	2219
2220	2219
2669	2219
2988	2219
4059	2219
3958	2219
9598	2219
8395	2219
4873	2219
3156	2219
5544	2219
5503	2219
10289	2219
7925	2219
8777	2219
7150	2219
3574	2219
7139	2219
7151	2219
742	2220
977	2220
1698	2220
17179	2220
7149	2220
18164	2220
4057	2220
10349	2220
12241	2220
19117	2220
5500	2220
2988	2220
12127	2220
3958	2220
16199	2220
16303	2220
18177	2220
11446	2220
8389	2220
18064	2220
4874	2220
14298	2220
12008	2220
6313	2220
12261	2220
6981	2220
16244	2220
16722	2220
18161	2220
18893	2220
3156	2220
5544	2220
7031	2220
13400	2220
8583	2220
10289	2220
5368	2220
7150	2220
3574	2220
10591	2220
12264	2220
10341	2220
10320	2220
7139	2220
2219	2220
7953	2220
10267	2220
14127	2220
693	2221
2899	2221
4876	2221
6441	2221
56	2222
1507	2222
4877	2222
14137	2222
2899	2222
3637	2222
1696	2223
1697	2223
15460	2223
12259	2223
11464	2223
15411	2223
19177	2223
5479	2223
3573	2223
6462	2223
7964	2223
4772	2223
17516	2223
9620	2223
12256	2223
14058	2223
9626	2223
11468	2223
5353	2223
4598	2223
4897	2223
6453	2223
15974	2223
13418	2223
4895	2223
12489	2223
11475	2223
19185	2223
14087	2223
15470	2223
19182	2223
11435	2223
6454	2223
7966	2223
6459	2223
15461	2223
4058	2223
13357	2223
9624	2223
11356	2223
13427	2223
5941	2223
15288	2223
9622	2223
6456	2223
19499	2223
16341	2223
2200	2224
13880	2224
19870	2224
5341	2224
17408	2224
5990	2224
16837	2224
10338	2224
15476	2224
15477	2224
10595	2224
955	2225
1787	2225
56	2225
1635	2225
1516	2226
2016	2226
2017	2226
1927	2226
6481	2226
9641	2226
4909	2226
4912	2226
7903	2226
2999	2226
12504	2226
7986	2226
7967	2226
7196	2226
2901	2226
2902	2226
6369	2226
7987	2226
12349	2226
6984	2226
4062	2226
17540	2226
9642	2226
2973	2226
15466	2226
4066	2226
15497	2226
2998	2226
6482	2226
938	2227
1701	2227
12550	2227
17979	2227
8887	2227
8914	2227
10418	2227
7945	2227
14162	2227
8602	2227
2956	2227
10721	2227
10572	2227
14522	2227
19214	2227
6980	2227
6491	2227
15405	2227
9342	2227
12269	2227
7944	2227
10601	2227
15347	2227
9654	2227
8434	2227
7124	2227
3675	2227
3674	2227
11352	2228
2902	2228
1269	2229
13397	2229
4923	2230
5343	2230
499	2231
9661	2231
3683	2231
15519	2231
6535	2231
11514	2231
8001	2231
4925	2231
19225	2231
4926	2231
13461	2231
4927	2231
19226	2231
3684	2231
9662	2231
19877	2231
15520	2231
8002	2231
13462	2231
17564	2231
13463	2231
17565	2231
13464	2231
13465	2231
11366	2231
8003	2231
13303	2231
15521	2231
6536	2231
8004	2231
11515	2231
13466	2231
19227	2231
8005	2231
19228	2231
11516	2231
15522	2231
17566	2231
19229	2231
9663	2231
9664	2231
9367	2231
13467	2231
8006	2231
9665	2231
19996	2231
13468	2231
15523	2231
9666	2231
11517	2231
7603	2231
15524	2231
13469	2231
17567	2231
6537	2231
3685	2231
8531	2231
11518	2231
15525	2231
19230	2231
15526	2231
11519	2231
8007	2231
17568	2231
18835	2231
6538	2231
7065	2231
15527	2231
11520	2231
15528	2231
5947	2231
8008	2231
15372	2231
9613	2231
18214	2231
15529	2231
6318	2231
9667	2231
11521	2231
15530	2231
6539	2231
4928	2231
11522	2231
13470	2231
11523	2231
8009	2231
15531	2231
15532	2231
11524	2231
17569	2231
19706	2231
6540	2231
13471	2231
17570	2231
11525	2231
19231	2231
15533	2231
19232	2231
9668	2231
17571	2231
3686	2231
15534	2231
6416	2231
9669	2231
19959	2231
17572	2231
15535	2231
8010	2231
17573	2231
17574	2231
2235	2231
6541	2231
19233	2231
17575	2231
19234	2231
8401	2231
17576	2231
13472	2231
13451	2231
9670	2231
6542	2231
6543	2231
11526	2231
6544	2231
4929	2231
15536	2231
9671	2231
17577	2231
6545	2231
13473	2231
11527	2231
17578	2231
17579	2231
17580	2231
15537	2231
17581	2231
17582	2231
15056	2231
11528	2231
13474	2231
9672	2231
18364	2231
15538	2231
11529	2231
15539	2231
8011	2231
8012	2231
9673	2231
9674	2231
13475	2231
6546	2231
2025	2231
13476	2231
13477	2231
19235	2231
17583	2231
13478	2231
9675	2231
17584	2231
8013	2231
11530	2231
3380	2231
19236	2231
4930	2231
3578	2231
9676	2231
17585	2231
6547	2231
6548	2231
7521	2231
17470	2231
13479	2231
4931	2231
19132	2231
19237	2231
15540	2231
8014	2231
19238	2231
8015	2231
19239	2231
15541	2231
11531	2231
8016	2231
11532	2231
13480	2231
9677	2231
4932	2231
19240	2231
3465	2231
13481	2231
17586	2231
19241	2231
19960	2231
19961	2231
19962	2231
19963	2231
19964	2231
7956	2231
6549	2231
11533	2231
6550	2231
8017	2231
11534	2231
11535	2231
19242	2231
19243	2231
15542	2231
19244	2231
9678	2231
3687	2231
11536	2231
15543	2231
19245	2231
8018	2231
11537	2231
9679	2231
17587	2231
85	2232
4070	2232
8641	2232
16208	2232
8402	2232
1786	2233
2028	2233
8644	2233
15547	2233
3690	2233
5345	2233
12976	2233
628	2234
14188	2234
8644	2234
12949	2234
14200	2234
14201	2234
11539	2234
14949	2234
12972	2234
13483	2234
4064	2234
15548	2234
8645	2234
17030	2234
8651	2234
5345	2234
7156	2234
5536	2234
3964	2234
16533	2234
12976	2234
16272	2234
499	2235
2231	2235
4925	2235
8028	2235
8802	2235
15566	2235
15567	2235
9697	2235
3695	2235
9361	2235
6559	2235
16738	2235
4928	2235
3464	2235
10316	2235
12889	2235
8029	2235
9698	2235
8030	2235
6560	2235
9694	2235
11546	2235
11547	2235
9699	2235
15056	2235
8031	2235
10112	2235
9700	2235
8011	2235
4029	2235
15568	2235
13496	2235
4934	2235
6561	2235
3465	2235
7956	2235
8417	2235
7062	2235
9679	2235
369	2236
1695	2236
1686	2236
6569	2236
3006	2236
13500	2236
17602	2236
6361	2236
15330	2236
10424	2236
4938	2236
4132	2236
4935	2236
10512	2236
19260	2236
15574	2236
17416	2236
8038	2236
7227	2236
18250	2236
7522	2236
6570	2236
15575	2236
15436	2236
19046	2236
12334	2236
19088	2236
13501	2236
14336	2236
4939	2236
6571	2236
12018	2236
19831	2236
17064	2236
4824	2236
11558	2236
4342	2236
13329	2236
3040	2236
18348	2236
5585	2236
6572	2236
13140	2236
7463	2236
19107	2236
12701	2236
17414	2236
12477	2236
9710	2236
1638	2237
1998	2237
494	2237
8659	2237
8084	2237
4063	2237
15384	2237
8633	2237
17455	2237
2984	2237
9566	2237
9645	2237
12577	2237
7179	2237
5505	2237
15427	2237
12022	2237
16590	2237
15428	2237
6364	2237
4083	2237
16331	2237
4921	2237
628	2238
16721	2238
8572	2238
10116	2238
8871	2238
5534	2239
5512	2239
4079	2239
7888	2239
17961	2239
4068	2239
79	2240
553	2240
8623	2240
19041	2240
7199	2240
14724	2240
7878	2240
16269	2240
4987	2240
10540	2240
4071	2240
7121	2240
6621	2240
4988	2240
3727	2240
4080	2240
5756	2240
5765	2240
7358	2240
12024	2240
10567	2240
4052	2240
4760	2240
7115	2240
447	2241
6390	2241
12954	2241
8689	2241
10117	2241
3372	2241
9781	2241
4989	2241
6622	2242
6623	2242
12954	2242
9782	2242
2981	2242
10117	2242
6624	2242
5739	2242
524	2243
562	2243
1155	2243
4990	2243
4768	2243
11650	2243
19038	2243
15998	2243
296	2244
1303	2244
10121	2244
496	2245
12794	2245
12034	2245
10332	2245
3011	2245
14724	2245
15302	2245
16269	2245
14389	2245
17350	2245
10251	2245
14135	2245
16482	2245
14375	2245
11478	2245
12543	2245
8882	2245
7121	2245
6331	2245
8099	2245
8566	2245
13916	2245
14391	2245
4080	2245
12191	2245
19600	2245
5756	2245
5765	2245
5498	2245
10298	2245
17989	2245
7167	2245
3969	2245
10567	2245
4760	2245
13898	2245
56	2246
889	2246
2057	2246
13898	2246
453	2247
1097	2247
14919	2247
13064	2247
11670	2247
15691	2247
17559	2247
14920	2247
9812	2247
12362	2247
5543	2247
14177	2247
4081	2247
13567	2247
17023	2247
11007	2247
14921	2247
12530	2247
4130	2247
14922	2247
18239	2247
13952	2247
18955	2247
16119	2247
17167	2247
10416	2247
7738	2247
17698	2247
5016	2247
10417	2247
17699	2247
17168	2247
6145	2247
8102	2247
10418	2247
12364	2247
11008	2247
9217	2247
17684	2247
10195	2247
14262	2247
16371	2247
10434	2247
12533	2247
19149	2247
12733	2247
13275	2247
12952	2247
10419	2247
9218	2247
5576	2247
8697	2247
18692	2247
11671	2247
11672	2247
12953	2247
7090	2247
12366	2247
13338	2247
11673	2247
9785	2247
17171	2247
8592	2247
6149	2247
14243	2247
14926	2247
15692	2247
16372	2247
9220	2247
17024	2247
10420	2247
15163	2247
14030	2247
15364	2247
14927	2247
15068	2247
14244	2247
3050	2247
11674	2247
9657	2247
4127	2247
13066	2247
18769	2247
8699	2247
14031	2247
18292	2247
14246	2247
15693	2247
4067	2247
10233	2247
17025	2247
14931	2247
6152	2247
18156	2247
14932	2247
14933	2247
8702	2247
12955	2247
9028	2247
5496	2247
12874	2247
15656	2247
3489	2247
6643	2247
12368	2247
16374	2247
17029	2247
6644	2247
17432	2247
14250	2247
9813	2247
6153	2247
12369	2247
5581	2247
9222	2247
12957	2247
3061	2247
8897	2247
10916	2247
15483	2247
6141	2247
14935	2247
5620	2247
13596	2247
9787	2247
18772	2247
9814	2247
9224	2247
11015	2247
11675	2247
9328	2247
11397	2247
14916	2247
13571	2247
5582	2247
12962	2247
17033	2247
6571	2247
17034	2247
14427	2247
12371	2247
13062	2247
13070	2247
14279	2247
15694	2247
7041	2247
7912	2247
18773	2247
19769	2247
4028	2247
10421	2247
14252	2247
6388	2247
11016	2247
3518	2247
15362	2247
13597	2247
12372	2247
10414	2247
7215	2247
17700	2247
5583	2247
7913	2247
7743	2247
9788	2247
13572	2247
12966	2247
12967	2247
18242	2247
8103	2247
8707	2247
6144	2247
15073	2247
15074	2247
14255	2247
12373	2247
12353	2247
7744	2247
18348	2247
5585	2247
9229	2247
12374	2247
14940	2247
12538	2247
7424	2247
9815	2247
12375	2247
9816	2247
13337	2247
17038	2247
13071	2247
6159	2247
19935	2247
14286	2247
12376	2247
15695	2247
9817	2247
8708	2247
12968	2247
8417	2247
8709	2247
17174	2247
15035	2247
13598	2247
17039	2247
17040	2247
14257	2247
17041	2247
14943	2247
16518	2247
11115	2248
16238	2248
7971	2248
14065	2248
16230	2248
12039	2248
7000	2248
10369	2248
5761	2248
7327	2248
16276	2248
12185	2248
8492	2248
12044	2248
14105	2248
14073	2248
8419	2248
1270	2249
1640	2249
11686	2249
1270	2250
499	2251
6989	2251
19891	2251
15705	2251
2532	2252
5353	2252
6374	2252
16822	2252
377	2253
938	2253
1299	2253
1451	2253
5045	2253
3575	2253
12242	2253
6680	2253
938	2254
938	2255
54	2255
7849	2255
8144	2255
938	2256
11621	2256
16528	2256
4771	2256
49	2257
1928	2257
1322	2257
938	2257
4151	2257
5469	2257
524	2258
938	2258
938	2259
5554	2259
4099	2259
2071	2260
9879	2260
3970	2260
3777	2260
9880	2260
6706	2260
5071	2260
8164	2260
5072	2260
15771	2260
15772	2260
13659	2260
6707	2260
8165	2260
5073	2260
939	2261
13662	2261
1271	2262
3039	2262
3995	2262
491	2263
3788	2263
491	2264
1344	2264
2717	2264
275	2264
79	2264
12354	2264
491	2265
365	2265
5089	2265
2763	2265
591	2266
15007	2266
17783	2266
6735	2266
10415	2266
15792	2266
9902	2266
8176	2266
17784	2266
15793	2266
13905	2266
6736	2266
13672	2266
7709	2266
11785	2266
6737	2266
17785	2266
15787	2266
15788	2266
6733	2266
8177	2266
15794	2266
5091	2266
8690	2266
15795	2266
6738	2266
3792	2266
19787	2266
1273	2267
2079	2267
331	2268
1195	2268
941	2268
941	2269
3802	2269
984	2270
492	2270
239	2270
135	2270
1329	2270
13681	2270
3047	2270
4130	2270
4124	2270
4127	2270
3803	2270
8703	2270
3053	2270
6751	2270
3054	2270
5585	2270
5587	2270
3055	2270
8708	2270
5894	2270
5588	2270
136	2271
984	2271
1096	2271
374	2271
492	2271
1329	2271
135	2271
371	2271
424	2271
12363	2271
4130	2271
6139	2271
5575	2271
6146	2271
3049	2271
5578	2271
4127	2271
3053	2271
12961	2271
7224	2271
13062	2271
6637	2271
5585	2271
12374	2271
3055	2271
3496	2271
5588	2271
422	2272
492	2272
305	2272
837	2272
3047	2272
3050	2272
4127	2272
14246	2272
5580	2272
8702	2272
6142	2272
14251	2272
18772	2272
3052	2272
10421	2272
12372	2272
5586	2272
183	2273
2908	2273
5923	2273
268	2274
268	2275
133	2275
1576	2275
1331	2275
1274	2275
5613	2275
1728	2276
371	2276
268	2276
1349	2276
745	2276
4878	2276
13696	2276
10424	2276
6767	2276
9921	2276
12397	2276
13460	2276
5117	2276
8199	2276
8715	2276
13501	2276
4821	2276
5469	2276
8733	2276
6631	2276
6768	2276
13140	2276
13697	2276
7171	2276
17414	2276
15653	2276
9277	2276
1274	2277
1694	2277
79	2277
1215	2277
1331	2277
268	2277
2097	2277
1982	2277
17414	2277
268	2278
268	2279
1274	2279
1216	2279
1654	2279
13702	2279
4146	2279
10453	2279
5126	2279
3072	2279
3073	2279
14595	2279
14596	2279
4767	2279
12698	2279
4152	2279
4394	2279
4395	2279
5885	2279
17692	2279
5127	2279
4397	2279
8715	2279
8725	2279
4398	2279
12333	2279
19555	2279
11822	2279
4400	2279
4401	2279
18241	2279
9005	2279
13687	2279
13551	2279
3302	2279
3978	2279
3249	2279
16640	2279
11823	2279
268	2280
187	2280
4144	2280
371	2281
268	2281
1349	2281
409	2281
1321	2281
133	2281
1328	2282
1327	2282
1329	2282
1540	2282
268	2282
135	2282
1917	2282
604	2283
6994	2283
12975	2283
1539	2284
13296	2284
11490	2284
3823	2284
4888	2284
12469	2284
3338	2284
9932	2284
15822	2284
10429	2284
13300	2284
4437	2284
6994	2284
14352	2284
9581	2284
10522	2284
8214	2284
6778	2284
13704	2284
13705	2284
5627	2284
16823	2284
12273	2284
1111	2285
1274	2285
2094	2285
13706	2285
3063	2285
3826	2285
6612	2285
1334	2286
1275	2286
1335	2286
1275	2287
6	2288
169	2288
133	2288
5887	2288
133	2289
1960	2289
43	2290
369	2290
133	2290
767	2290
133	2291
11834	2291
8218	2291
5136	2291
636	2292
133	2292
773	2292
1349	2292
133	2293
1331	2293
13129	2293
15434	2293
3074	2293
5145	2293
4067	2293
5615	2293
4163	2293
5631	2293
133	2294
2119	2294
768	2294
2074	2294
1467	2294
3075	2294
19381	2294
13729	2294
4159	2294
4162	2294
6799	2294
12412	2294
18251	2294
6499	2294
6790	2294
3304	2294
9958	2294
133	2295
371	2295
768	2295
3304	2295
5628	2295
9958	2295
3087	2295
133	2296
133	2297
1348	2297
133	2298
296	2298
13128	2298
12951	2298
18692	2298
6809	2298
19047	2298
8894	2298
6810	2298
15746	2298
3842	2298
6153	2298
3843	2298
13735	2298
6811	2298
8225	2298
13331	2298
502	2299
698	2299
369	2299
907	2299
4878	2299
5150	2299
9372	2299
9050	2299
9967	2299
3538	2299
14425	2299
8679	2299
4161	2299
4821	2299
14336	2299
17414	2299
187	2300
369	2300
46	2300
478	2301
479	2301
1645	2301
1055	2301
3099	2301
1645	2302
2340	2302
8250	2302
4751	2302
623	2303
1008	2303
1245	2303
778	2303
2138	2303
402	2303
47	2303
5198	2303
493	2304
2839	2304
2840	2304
5207	2304
6846	2304
5208	2304
6847	2304
9129	2304
3889	2304
6848	2304
5209	2304
2841	2304
513	2305
726	2305
573	2305
639	2305
779	2305
624	2305
11904	2305
19452	2305
13784	2305
8283	2305
269	2306
1354	2306
1759	2306
1118	2306
261	2307
1618	2307
1619	2307
269	2307
4274	2307
13794	2307
10010	2307
11917	2307
11918	2307
19453	2307
19919	2307
6871	2307
11919	2307
7240	2307
5836	2307
10011	2307
7255	2307
5235	2307
17873	2307
13795	2307
10012	2307
19460	2307
5236	2307
6872	2307
5237	2307
13796	2307
6873	2307
8294	2307
5710	2307
5238	2307
6874	2307
19850	2307
6875	2307
11920	2307
1012	2308
1774	2308
269	2308
1354	2308
4190	2308
5648	2308
5637	2308
10013	2308
3573	2308
4198	2308
4200	2308
2312	2308
5658	2308
5659	2308
7359	2308
17876	2308
2322	2308
5677	2308
8627	2308
5678	2308
6877	2308
3152	2308
8295	2308
8296	2308
3165	2308
3902	2308
5694	2308
12437	2308
7524	2308
8872	2308
4263	2308
8297	2308
4577	2308
4270	2308
935	2309
1773	2309
269	2309
406	2309
1354	2309
5245	2309
10020	2309
7229	2309
13799	2309
6882	2309
5246	2309
3907	2309
6883	2309
11927	2309
17878	2309
8301	2309
3196	2309
8302	2309
11928	2309
3908	2309
6884	2309
15908	2309
269	2310
5248	2310
5655	2310
3909	2310
11931	2310
11932	2310
8306	2310
15911	2310
8307	2310
15912	2310
10023	2310
269	2311
1354	2311
1254	2311
5251	2311
269	2312
1354	2312
2308	2312
6892	2312
4190	2312
6893	2312
3858	2312
5637	2312
3573	2312
7239	2312
17881	2312
13804	2312
19999	2312
11866	2312
10468	2312
6894	2312
4206	2312
3133	2312
8236	2312
7229	2312
4212	2312
3140	2312
6860	2312
4221	2312
5255	2312
3144	2312
5680	2312
5256	2312
5244	2312
4228	2312
10475	2312
6895	2312
3913	2312
4237	2312
7262	2312
8775	2312
13746	2312
7267	2312
3165	2312
3196	2312
3896	2312
8316	2312
7271	2312
3902	2312
17882	2312
3905	2312
3906	2312
12436	2312
8317	2312
5257	2312
8318	2312
4263	2312
8319	2312
11937	2312
11938	2312
6880	2312
7286	2312
4757	2312
6896	2312
5258	2312
7293	2312
1770	2313
269	2313
1354	2313
4198	2313
10030	2313
8246	2313
269	2314
1354	2314
269	2315
2861	2315
2331	2315
10032	2315
3916	2315
8328	2315
12676	2315
19921	2315
11944	2315
11945	2315
11946	2315
3917	2315
15922	2315
3918	2315
6901	2315
11947	2315
19466	2315
6873	2315
15923	2315
5270	2315
6902	2315
10033	2315
11948	2315
17884	2315
6903	2315
8329	2315
10034	2315
5271	2315
269	2316
1354	2316
2152	2316
3919	2316
1354	2317
269	2317
261	2318
269	2318
1354	2318
5277	2318
5689	2318
5278	2318
515	2319
870	2319
269	2319
1354	2319
1770	2319
2347	2319
4184	2319
4199	2319
10468	2319
4211	2319
7248	2319
2320	2319
3159	2319
8320	2319
6900	2319
3168	2319
3183	2319
8788	2319
515	2320
269	2320
1354	2320
1770	2320
1774	2320
2342	2320
2857	2320
2319	2320
2320	2320
8754	2320
3116	2320
4211	2320
6915	2320
3135	2320
15920	2320
4221	2320
3155	2320
11941	2320
4237	2320
8238	2320
3159	2320
11958	2320
3896	2320
12436	2320
3176	2320
3183	2320
269	2321
729	2321
1354	2321
2321	2321
6923	2321
4190	2321
6924	2321
3116	2321
5637	2321
19473	2321
5653	2321
7239	2321
10468	2321
13798	2321
3128	2321
4223	2321
3144	2321
3146	2321
5244	2321
2327	2321
5282	2321
5283	2321
5683	2321
3925	2321
5171	2321
4236	2321
5279	2321
4241	2321
5284	2321
5285	2321
13746	2321
6925	2321
7265	2321
7268	2321
3166	2321
11873	2321
3167	2321
4262	2321
5700	2321
5286	2321
5287	2321
15925	2321
1848	2322
1354	2322
2308	2322
269	2322
6817	2322
4191	2322
3573	2322
7237	2322
4200	2322
3124	2322
11963	2322
8344	2322
7252	2322
5673	2322
6876	2322
8767	2322
6274	2322
5288	2322
3141	2322
6860	2322
3142	2322
6275	2322
8770	2322
4226	2322
4230	2322
3154	2322
4234	2322
4751	2322
4245	2322
11253	2322
6926	2322
3166	2322
6826	2322
3169	2322
5700	2322
7283	2322
8628	2322
7284	2322
10052	2322
5706	2322
6703	2322
4271	2322
269	2323
1354	2324
1012	2324
1769	2324
2876	2324
269	2324
1770	2324
2157	2324
2340	2324
6928	2324
3927	2324
269	2325
1354	2325
11921	2325
8972	2325
13794	2325
10053	2325
3290	2325
11918	2325
13822	2325
15940	2325
6929	2325
3928	2325
7240	2325
19476	2325
7241	2325
6930	2325
8346	2325
10054	2325
6931	2325
4220	2325
3929	2325
8347	2325
13823	2325
6932	2325
6872	2325
5237	2325
6933	2325
13824	2325
13825	2325
13826	2325
8348	2325
6873	2325
5290	2325
5291	2325
8349	2325
18260	2325
5710	2325
5292	2325
5293	2325
6934	2325
1354	2326
269	2326
1357	2326
3935	2326
2321	2327
269	2327
1354	2327
3110	2327
4191	2327
3573	2327
16401	2327
4202	2327
6941	2327
10471	2327
19479	2327
5683	2327
8296	2327
10057	2327
17905	2327
11969	2327
1846	2328
1240	2328
269	2328
3942	2328
269	2329
1354	2329
1357	2329
3935	2329
11939	2329
10061	2329
9878	2329
5667	2329
10062	2329
11972	2329
9864	2329
6947	2329
13836	2329
6948	2329
8325	2329
10050	2329
4266	2329
8361	2329
1263	2330
515	2330
1618	2330
269	2330
1354	2330
1770	2330
2330	2330
6869	2330
6870	2330
3943	2330
261	2331
1354	2331
269	2331
5243	2331
10688	2331
2315	2331
16874	2331
2885	2331
3918	2331
3945	2331
8347	2331
6873	2331
6950	2331
5312	2331
6951	2331
5313	2331
11975	2331
1354	2332
269	2332
1773	2332
1647	2332
1118	2332
1629	2332
3123	2332
1354	2333
1773	2333
269	2333
15945	2333
269	2334
269	2335
1630	2335
2884	2335
1364	2336
1483	2336
477	2336
269	2336
1354	2336
1947	2336
4218	2336
1240	2337
269	2337
1354	2337
11879	2337
5646	2337
4193	2337
3120	2337
4210	2337
6876	2337
3145	2337
5679	2337
7257	2337
14303	2337
15910	2337
3165	2337
5698	2337
4263	2337
4172	2337
7292	2337
739	2338
1944	2338
269	2338
1364	2338
2586	2338
1118	2338
18982	2338
6267	2338
2951	2338
7806	2338
9416	2338
4705	2338
7082	2338
5443	2338
3151	2338
3160	2338
11252	2338
17903	2338
11253	2338
11314	2338
5257	2338
6896	2338
269	2339
1354	2339
477	2339
1354	2340
269	2340
1770	2340
1240	2340
477	2340
3118	2340
13753	2340
5666	2340
19917	2340
19445	2340
3361	2340
2324	2340
3145	2340
8304	2340
5679	2340
4751	2340
19447	2340
14303	2340
9129	2340
19918	2340
14304	2340
2302	2340
10481	2340
6957	2340
3178	2340
13800	2340
269	2341
1354	2341
4274	2341
19919	2341
6888	2341
9080	2341
15902	2341
5169	2341
3124	2341
6931	2341
2405	2341
4227	2341
3929	2341
5236	2341
5237	2341
8288	2341
4255	2341
5176	2341
515	2342
870	2342
269	2342
1763	2342
1770	2342
2320	2342
1354	2342
2814	2342
13817	2342
5644	2342
7233	2342
3124	2342
4211	2342
9473	2342
5671	2342
4218	2342
12169	2342
4223	2342
3145	2342
5679	2342
3155	2342
4237	2342
7260	2342
3159	2342
8320	2342
17903	2342
3165	2342
18259	2342
8350	2342
3169	2342
4262	2342
4263	2342
8784	2342
7286	2342
7289	2342
3183	2342
4757	2342
1769	2343
619	2343
488	2343
269	2343
269	2344
1354	2344
5642	2344
4230	2344
4245	2344
3164	2344
1354	2345
515	2345
269	2345
269	2346
1240	2346
4193	2346
4751	2346
4245	2346
4266	2346
515	2347
269	2347
1354	2347
1770	2347
3116	2347
4199	2347
4211	2347
7248	2347
2319	2347
3143	2347
3159	2347
270	2348
270	2349
2834	2349
11882	2349
8264	2349
8265	2349
13771	2349
6842	2349
6843	2349
18474	2349
15887	2349
15888	2349
7297	2349
9994	2349
12440	2349
11891	2349
3200	2349
3105	2349
5271	2349
732	2350
3194	2350
270	2350
14311	2350
10494	2350
13221	2350
935	2351
298	2351
3972	2351
17878	2351
406	2352
1647	2352
785	2353
731	2353
732	2354
2355	2355
4281	2355
12442	2355
10504	2355
8795	2355
5359	2355
1649	2356
16009	2357
4376	2358
14525	2358
16417	2358
16011	2358
16418	2358
49	2359
59	2359
3210	2359
49	2360
7217	2360
497	2361
49	2361
765	2361
736	2361
6557	2361
16353	2361
15576	2361
6193	2361
5773	2361
9373	2361
2940	2361
18203	2361
13345	2361
3510	2361
4322	2361
6449	2361
11544	2361
9963	2361
19131	2361
6434	2361
4007	2361
12631	2361
15626	2361
7772	2361
17483	2361
13447	2361
6181	2361
19312	2361
49	2362
1823	2362
1290	2362
6162	2362
11622	2362
5868	2362
3600	2362
15354	2362
7308	2362
14333	2362
9386	2362
8814	2362
3639	2362
3213	2362
3214	2362
7904	2362
8554	2363
7070	2363
17055	2363
13317	2363
16039	2363
7086	2363
3210	2363
4061	2363
16229	2363
3566	2363
12238	2363
10319	2363
7186	2363
18072	2363
2975	2363
5447	2363
17124	2363
5491	2363
12295	2363
4139	2363
11358	2363
7004	2363
14105	2363
6995	2363
214	2364
5	2364
15802	2364
14923	2364
5579	2364
5535	2364
8424	2364
13070	2364
948	2365
1376	2365
16013	2365
5802	2365
7420	2365
7349	2365
7144	2365
17412	2365
4295	2365
4785	2365
18041	2365
8633	2365
16227	2365
18037	2365
18918	2365
6518	2365
12198	2365
7186	2365
7091	2365
8876	2365
12348	2365
7377	2365
7951	2365
14474	2365
16484	2365
17685	2365
17394	2365
16041	2365
10600	2365
13911	2366
10130	2366
1399	2367
12505	2367
10383	2367
12035	2367
15403	2367
11207	2367
17530	2367
10571	2367
11041	2367
13011	2367
10407	2367
10238	2367
1292	2368
51	2368
10696	2368
13339	2368
6683	2368
12266	2368
5362	2368
4980	2368
16464	2368
18520	2368
18102	2368
13362	2368
14080	2368
18294	2368
1546	2369
3720	2369
3020	2369
11367	2369
12038	2369
6659	2369
6189	2369
13561	2369
16339	2369
13915	2369
7888	2369
6349	2369
17246	2369
6602	2369
4068	2369
4792	2370
14129	2370
7999	2370
4295	2370
18430	2370
2977	2370
12038	2370
4308	2370
18115	2370
16508	2370
13915	2370
4595	2370
3005	2370
16322	2370
18119	2370
8866	2370
19040	2370
17125	2370
8669	2370
3655	2370
10373	2370
12309	2370
8153	2370
5140	2371
4309	2371
5364	2371
6744	2371
3225	2371
8858	2371
17973	2372
2098	2373
1378	2373
1390	2373
7519	2373
10213	2373
11363	2373
12039	2373
10587	2373
7353	2373
2918	2373
7400	2373
7327	2373
14203	2373
4341	2373
10373	2373
7003	2373
7401	2373
8153	2373
1068	2374
1410	2374
748	2374
2926	2374
11236	2374
7335	2374
9107	2374
4571	2374
2521	2374
5489	2374
3220	2374
7116	2374
6043	2374
11003	2374
12302	2374
3222	2374
4337	2374
8429	2374
8478	2374
7340	2374
8852	2374
4569	2374
14874	2374
7726	2374
12943	2374
5755	2374
17018	2374
5482	2374
18658	2374
1292	2375
8839	2375
3210	2375
17974	2375
15146	2375
6186	2375
1144	2376
2926	2376
15159	2376
11236	2376
3319	2376
9353	2376
10952	2376
6131	2376
5763	2376
7335	2376
4571	2376
2521	2376
4573	2376
5489	2376
7662	2376
6044	2376
6061	2376
6175	2376
6043	2376
14373	2376
19585	2376
9796	2376
11065	2376
3222	2376
4337	2376
4572	2376
19134	2376
4629	2376
8478	2376
13917	2376
4299	2376
9873	2376
14383	2376
18076	2376
4569	2376
10152	2376
12486	2376
5482	2376
18658	2376
14396	2377
14129	2377
5800	2377
19068	2377
16039	2377
4061	2377
18129	2377
5491	2377
3727	2377
19587	2377
7003	2377
15295	2377
971	2378
554	2378
276	2378
371	2378
1290	2378
632	2378
11429	2378
574	2379
1005	2379
792	2379
2074	2379
371	2379
371	2380
11451	2380
371	2381
371	2382
3075	2382
3736	2382
6789	2382
371	2383
7857	2383
13140	2383
1159	2384
871	2384
17709	2384
17086	2384
11805	2384
10146	2384
9919	2384
13652	2384
970	2385
1388	2385
1386	2385
1692	2385
1585	2385
3630	2385
13928	2385
7664	2385
1388	2386
1979	2386
1285	2386
7308	2386
10150	2386
3674	2386
203	2387
1042	2387
5870	2387
4431	2387
16035	2387
14586	2387
5871	2387
7398	2387
9032	2387
1043	2388
1463	2388
13082	2388
15099	2388
4565	2388
7068	2388
18654	2388
11148	2388
19697	2388
4003	2388
19777	2388
12847	2388
9238	2388
16879	2388
14623	2388
7751	2388
13086	2388
13042	2388
16754	2388
4424	2388
5815	2388
13084	2388
16037	2388
9206	2388
18339	2388
17192	2388
9203	2388
12989	2388
18894	2388
1033	2389
10154	2389
7186	2389
5491	2389
10161	2390
950	2391
1323	2391
5808	2391
13321	2391
1900	2392
950	2392
1373	2392
1127	2392
1324	2392
1810	2392
4343	2392
13507	2392
11561	2392
9872	2392
14474	2392
17768	2392
950	2393
1810	2393
1324	2393
4343	2393
579	2394
748	2394
962	2394
1997	2394
2406	2394
1387	2394
12082	2394
7011	2394
2933	2394
5909	2394
1478	2395
1064	2395
6245	2395
2446	2395
13943	2395
19862	2395
7012	2396
12151	2396
18074	2396
7530	2396
951	2397
15	2397
10163	2398
1070	2399
817	2399
815	2399
956	2399
1410	2399
1853	2399
10900	2399
4468	2399
2922	2399
9117	2399
7486	2399
18873	2399
14492	2399
9118	2399
3323	2399
12850	2399
18874	2399
16053	2399
10901	2399
10902	2399
18661	2399
9020	2399
12860	2399
6203	2399
3353	2399
9032	2399
134	2400
1652	2401
5826	2401
12066	2402
2403	2403
16880	2403
12649	2403
5382	2403
7445	2403
5845	2403
10680	2403
5846	2403
12654	2403
8980	2403
3946	2403
261	2404
1360	2404
7436	2404
4274	2404
11917	2404
12649	2404
3283	2404
1776	2404
8265	2404
5382	2404
5855	2404
3947	2404
7659	2404
11977	2404
4716	2404
5836	2404
8961	2404
15922	2404
3980	2404
7255	2404
14539	2404
3296	2404
18474	2404
17873	2404
3929	2404
5842	2404
8975	2404
12653	2404
3915	2404
13825	2404
7444	2404
5689	2404
7449	2404
4364	2404
8978	2404
15888	2404
8979	2404
10680	2404
5846	2404
5709	2404
10686	2404
5847	2404
8294	2404
5710	2404
7433	2404
4365	2404
5848	2404
9994	2404
8980	2404
3277	2404
3946	2404
11975	2404
8329	2404
3282	2404
12659	2404
3105	2404
665	2405
2341	2405
2407	2405
3290	2405
15940	2405
15902	2405
5169	2405
10662	2405
3980	2405
10011	2405
5859	2405
5237	2405
8288	2405
6873	2405
5710	2405
5176	2405
8329	2405
3282	2405
153	2406
818	2406
1061	2406
6113	2406
8939	2406
14614	2406
14779	2406
16643	2406
12596	2406
7413	2406
16755	2406
16716	2406
19699	2406
16085	2406
17283	2406
16155	2406
16717	2406
14897	2406
14965	2406
18410	2406
5903	2406
16739	2406
16718	2406
4368	2406
7396	2406
14638	2406
8985	2406
6114	2406
19779	2406
3441	2406
14563	2406
12110	2406
2394	2406
13957	2406
4428	2406
3509	2406
18559	2406
7715	2406
12722	2406
18561	2406
13084	2406
11087	2406
18798	2406
12672	2406
3229	2406
5429	2406
12731	2406
17100	2406
10751	2406
17281	2406
8937	2406
18371	2406
18076	2406
14570	2406
8921	2406
12747	2406
10649	2406
14616	2406
7018	2406
7020	2406
15101	2406
19572	2406
5904	2406
17076	2406
7435	2407
9080	2407
8443	2407
7659	2407
18473	2407
5837	2407
7442	2407
10011	2407
5859	2407
2405	2407
5176	2407
3282	2407
1400	2408
16067	2408
15922	2408
10671	2408
5838	2408
3287	2408
1999	2409
12797	2409
5861	2409
9088	2409
4378	2409
5903	2409
14557	2409
8466	2409
2930	2409
12074	2409
8444	2409
12799	2409
12934	2409
10649	2409
10874	2409
5860	2409
3300	2409
17995	2410
446	2411
276	2411
2111	2411
1216	2411
4767	2411
19047	2411
4674	2411
3761	2411
9369	2411
5416	2411
13544	2411
12079	2411
12703	2411
1034	2412
2915	2412
5871	2412
8996	2413
5384	2413
152	2414
497	2414
10510	2414
18289	2414
7930	2414
5725	2414
8805	2414
9610	2414
6051	2414
19044	2414
3211	2414
5486	2414
5385	2414
3520	2414
1654	2415
1445	2415
463	2415
2014	2415
2798	2415
11058	2415
15312	2415
10446	2415
6076	2415
143	2416
1960	2416
1321	2416
749	2416
1654	2416
11392	2416
14582	2416
4835	2416
9	2417
1897	2417
1701	2417
991	2417
1285	2417
1654	2417
1392	2418
294	2418
372	2418
14791	2418
9102	2418
7421	2418
1402	2419
372	2419
3260	2419
373	2420
479	2420
17	2420
531	2420
478	2420
657	2420
1403	2420
373	2421
373	2422
373	2423
522	2424
1465	2424
1017	2424
2429	2424
1399	2424
9013	2424
3313	2424
14964	2424
17998	2424
3322	2424
14821	2424
4418	2424
4424	2424
5911	2424
19746	2424
7495	2424
7494	2424
17063	2424
18471	2424
76	2425
1408	2425
625	2425
1409	2425
5999	2425
7020	2426
7336	2427
6061	2427
4688	2427
6920	2427
7411	2427
9246	2427
7020	2427
801	2428
3984	2428
3315	2428
4428	2428
5911	2428
5387	2428
1060	2429
728	2429
10744	2429
3984	2429
12738	2429
4418	2429
2424	2429
8456	2429
5387	2429
10705	2429
1894	2430
1798	2430
1907	2430
8448	2430
4384	2430
3220	2430
13168	2430
9285	2430
5945	2430
3229	2430
13088	2430
15199	2430
5962	2430
8921	2430
7722	2430
5904	2430
16927	2430
1656	2431
1411	2431
12767	2431
11051	2431
18809	2431
17082	2431
962	2432
1464	2432
9024	2432
9117	2432
12133	2432
10242	2432
3220	2432
7753	2432
10174	2432
18398	2432
4421	2432
5876	2432
9803	2432
14627	2432
1082	2433
1907	2433
542	2433
7719	2433
7528	2433
9298	2433
4384	2433
13176	2433
2931	2433
5408	2433
8843	2433
19518	2433
7721	2433
3229	2433
6120	2433
9213	2433
7792	2433
7718	2433
8543	2433
8877	2433
7726	2433
5764	2433
7722	2433
6121	2433
18658	2433
1463	2434
1410	2434
8983	2434
2922	2434
7485	2434
12928	2434
19719	2434
16925	2434
18066	2434
3498	2434
16082	2434
18553	2434
1852	2435
13179	2435
7489	2435
4352	2435
3536	2435
7563	2435
16083	2435
7564	2435
1282	2436
16995	2436
14640	2436
2922	2436
18973	2436
17251	2436
14641	2436
17075	2436
14589	2436
10599	2436
17283	2436
15102	2436
18640	2436
19696	2436
16691	2436
4415	2436
3295	2436
18963	2436
12932	2436
8454	2436
16909	2436
14966	2436
17285	2436
809	2437
956	2437
4426	2437
1419	2438
1416	2438
16090	2438
1475	2439
1490	2439
3021	2439
3765	2439
10202	2439
11827	2439
7026	2439
6475	2439
10352	2439
9287	2439
51	2440
51	2441
3332	2441
51	2442
1838	2442
980	2443
979	2443
1376	2443
1296	2443
1706	2443
2727	2443
7353	2443
2918	2443
274	2444
1145	2444
1967	2444
1966	2444
15417	2444
16244	2444
2918	2444
4049	2444
1846	2445
1845	2445
2445	2445
7533	2445
5253	2445
14736	2445
3987	2445
9072	2445
18617	2445
9073	2445
16851	2445
1478	2446
1848	2446
2395	2446
2196	2446
5193	2446
3342	2446
5020	2446
4721	2446
4901	2446
3553	2446
1949	2446
2195	2446
4722	2446
10389	2446
13594	2446
14743	2446
16242	2446
15748	2446
9433	2446
12562	2446
13159	2446
11675	2446
7027	2446
1846	2447
7533	2447
7540	2447
12801	2447
8462	2447
10871	2447
5395	2447
1848	2448
1549	2448
5399	2448
2870	2448
3112	2448
5982	2448
9088	2448
9452	2448
5838	2448
8767	2448
6943	2448
8773	2448
8317	2448
6950	2448
5700	2448
5287	2448
3181	2448
308	2449
18692	2449
16774	2449
7030	2449
16538	2449
12877	2449
2450	2450
5248	2450
11932	2450
7550	2450
10183	2450
10023	2450
5961	2451
10184	2451
3466	2452
8967	2452
7069	2452
8465	2452
14503	2452
7434	2452
9021	2452
3531	2452
12925	2452
15	2453
815	2453
1036	2453
3348	2453
12639	2453
5972	2453
16895	2453
2921	2453
18368	2453
12638	2453
10879	2453
9111	2453
9049	2453
4461	2453
3443	2453
2921	2454
5908	2454
3299	2454
698	2455
10839	2455
19315	2455
15028	2455
15027	2455
8466	2455
12124	2455
14733	2455
4455	2455
13417	2455
3300	2455
8466	2456
4455	2456
535	2457
202	2457
7415	2457
7574	2457
13019	2457
15043	2457
14604	2457
3346	2457
7575	2457
16893	2457
16615	2457
12842	2457
16884	2457
7559	2457
10186	2457
19723	2457
815	2458
7565	2458
18651	2458
9102	2458
9108	2458
8943	2458
5402	2458
4351	2458
9103	2458
7562	2458
4461	2458
4348	2458
5822	2458
817	2459
810	2459
1069	2459
1853	2459
7565	2459
10882	2459
10883	2459
11102	2459
4465	2459
14816	2459
7486	2459
9118	2459
14785	2459
14800	2459
6218	2459
3260	2459
16892	2459
4466	2459
8511	2459
14804	2459
16907	2459
5967	2459
8469	2459
18667	2459
10889	2459
10890	2459
10187	2459
9307	2459
12618	2459
14805	2459
3532	2459
4467	2459
19732	2459
12855	2459
4349	2459
16914	2459
10880	2459
12858	2459
5973	2459
19722	2459
19640	2459
14599	2459
16919	2459
7036	2459
9112	2459
3250	2459
12852	2459
12843	2459
7569	2459
14815	2459
3388	2459
10885	2459
9113	2459
7572	2459
9110	2459
18656	2459
14807	2459
5974	2459
12857	2459
12848	2459
4408	2459
19728	2459
14808	2459
6204	2459
8468	2459
11228	2459
12849	2459
1067	2460
1852	2460
14785	2460
7574	2460
12767	2460
18651	2460
10895	2460
10888	2460
18667	2460
10889	2460
10890	2460
10880	2460
19655	2460
15053	2460
7036	2460
9042	2460
12853	2460
10891	2460
12692	2460
10881	2460
7432	2460
1856	2461
1070	2461
2922	2461
9117	2461
9118	2461
10902	2461
3477	2461
13352	2461
5904	2461
297	2462
180	2462
3355	2462
9129	2462
19	2463
1008	2463
481	2463
510	2463
733	2463
1123	2463
1606	2463
18256	2463
9989	2463
3871	2463
13762	2463
5252	2463
733	2464
415	2464
1423	2465
733	2465
298	2465
4477	2465
664	2466
733	2466
676	2467
733	2467
1244	2467
9124	2467
12092	2468
4708	2468
13789	2468
7584	2469
12093	2469
16935	2469
734	2470
1866	2470
12873	2470
19410	2470
5988	2470
3992	2471
8472	2472
11705	2472
9833	2472
13006	2472
4381	2472
10749	2472
18834	2472
271	2473
494	2473
7979	2473
14519	2473
3248	2473
4332	2473
1315	2474
1703	2474
2024	2474
1998	2474
1872	2474
494	2474
155	2474
5473	2474
12354	2474
6001	2474
12176	2474
5998	2474
5559	2474
494	2475
8355	2475
6361	2476
2925	2476
3382	2476
10951	2476
1	2477
1410	2477
1070	2477
7919	2477
17268	2478
16109	2478
1881	2479
1284	2479
4554	2479
13028	2479
1284	2480
1436	2480
1878	2480
3402	2480
7626	2480
4526	2480
4558	2480
4560	2480
3431	2480
4564	2480
1284	2481
1435	2482
1284	2482
7621	2482
4547	2482
2516	2482
1284	2483
4505	2483
4532	2483
19317	2483
7650	2483
1881	2484
1284	2484
2499	2484
10962	2484
3401	2484
3412	2484
4536	2484
3417	2484
3421	2484
4561	2484
1284	2485
1887	2485
1882	2485
1881	2485
3395	2485
3396	2485
4511	2485
3420	2485
1284	2486
1436	2486
1881	2486
1883	2486
1284	2487
2504	2487
1881	2487
1887	2487
4502	2487
3396	2487
4511	2487
6015	2487
4527	2487
3414	2487
4538	2487
6032	2487
2495	2488
1437	2488
2508	2488
1881	2488
2509	2488
2493	2488
2497	2488
1880	2488
1284	2488
2492	2488
4444	2488
6025	2488
1881	2489
1284	2489
1437	2489
7617	2489
4522	2489
6023	2489
3414	2489
1284	2490
1881	2490
1284	2491
1284	2492
1437	2492
2508	2492
2488	2492
1284	2493
2488	2493
1881	2494
1284	2494
4503	2494
3394	2494
4518	2494
4523	2494
3418	2494
1284	2495
2488	2495
3404	2495
9765	2495
16988	2495
12916	2495
2501	2495
16992	2495
10977	2495
7654	2495
1437	2496
1284	2496
1881	2496
7618	2496
6008	2496
3395	2496
3396	2496
16984	2496
4511	2496
7622	2496
12912	2496
12914	2496
6022	2496
2498	2496
7642	2496
10980	2496
4548	2496
4557	2496
4558	2496
4560	2496
3428	2496
4563	2496
6038	2496
106	2497
1284	2497
261	2497
2488	2497
7651	2497
10988	2497
6039	2497
2496	2498
1284	2498
1881	2498
14879	2498
16983	2498
4511	2498
4512	2498
10967	2498
15008	2498
3398	2498
4515	2498
3402	2498
9188	2498
7624	2498
12914	2498
7626	2498
6022	2498
3415	2498
10974	2498
4539	2498
7634	2498
4542	2498
19317	2498
14890	2498
10983	2498
4548	2498
3424	2498
18727	2498
10989	2498
2517	2499
1284	2499
1883	2499
2484	2499
4511	2499
3412	2499
3417	2499
3421	2499
3423	2499
4561	2499
1284	2500
2500	2500
3412	2500
3417	2500
3423	2500
1284	2501
2495	2501
1881	2502
1284	2502
1284	2503
1436	2503
4511	2503
4512	2503
1887	2504
1284	2504
4502	2504
4511	2504
2487	2504
7620	2504
6015	2504
4526	2504
4537	2504
6028	2504
6032	2504
3424	2504
4557	2504
10990	2504
2512	2505
1284	2505
1284	2506
7647	2506
18829	2506
1284	2507
7638	2507
6027	2507
7652	2507
1284	2508
2492	2508
7618	2508
2488	2508
12914	2508
1284	2509
2488	2509
4515	2509
3407	2509
12916	2509
1284	2510
1284	2511
1284	2512
2505	2512
3429	2512
1284	2513
7628	2513
6027	2513
1284	2514
1437	2514
106	2514
1284	2515
1435	2516
2482	2516
1436	2516
1284	2516
4547	2516
1284	2517
3389	2517
3412	2517
2499	2517
12919	2517
3417	2517
3423	2517
12921	2517
1284	2518
1881	2518
7617	2518
6036	2518
16995	2519
18397	2519
18443	2519
9338	2519
19697	2519
10743	2519
8477	2519
8476	2519
10897	2519
6041	2519
14789	2519
1082	2520
3347	2520
14812	2520
5973	2520
15098	2520
16924	2520
16925	2520
9820	2520
8850	2520
3299	2520
16901	2520
18031	2520
4408	2520
6204	2520
1364	2521
2374	2521
2376	2521
2926	2521
5408	2521
4337	2521
6045	2521
1836	2522
1813	2522
1399	2522
2926	2522
4003	2522
14562	2522
17193	2522
11101	2522
14501	2522
15161	2522
7040	2523
6047	2523
135	2524
90	2524
1285	2524
521	2524
12102	2524
3368	2524
14916	2524
12290	2524
3679	2524
7664	2524
6070	2524
10423	2524
636	2525
14	2525
1111	2525
1445	2525
281	2525
599	2525
1015	2525
1285	2525
1928	2525
15127	2525
4078	2525
3722	2525
79	2526
11620	2526
13467	2526
15566	2526
16461	2526
3695	2526
9613	2526
11741	2526
4962	2526
12103	2526
10834	2526
1661	2527
1892	2527
6945	2527
19959	2527
3899	2527
1286	2528
1706	2528
5532	2528
2935	2528
10405	2528
1286	2529
7180	2529
12978	2529
7669	2529
12980	2529
5532	2529
7370	2529
11027	2529
11028	2529
271	2530
971	2530
1687	2530
8536	2530
9555	2530
271	2531
1303	2531
6065	2531
271	2532
2252	2532
827	2532
2532	2532
6065	2532
7772	2532
3635	2532
1959	2532
276	2533
756	2533
2109	2533
409	2533
11623	2533
13994	2533
1821	2534
19534	2534
4470	2534
6203	2534
7426	2534
20	2535
523	2535
1903	2535
1089	2535
3999	2535
7698	2535
6087	2536
3459	2536
3460	2536
4001	2536
4604	2536
9267	2536
17107	2536
6088	2536
11072	2536
6089	2536
6094	2536
4608	2536
4000	2536
1904	2537
518	2537
4609	2537
9265	2537
8506	2537
1662	2538
2538	2538
6105	2538
3462	2538
9270	2538
4612	2538
3463	2538
11075	2538
6110	2538
4616	2538
1448	2539
1906	2539
15023	2539
15025	2539
18838	2539
17129	2539
13039	2539
8510	2539
19789	2539
79	2540
14009	2540
960	2541
1434	2541
1851	2541
212	2541
2930	2541
7716	2541
8987	2542
2930	2542
18460	2542
5835	2542
7784	2543
2930	2543
12799	2543
52	2544
871	2544
971	2544
5115	2544
15244	2544
52	2545
52	2546
6	2546
12245	2546
4383	2546
52	2547
9850	2547
14696	2547
7948	2547
2763	2547
299	2548
52	2548
792	2548
1686	2548
2075	2548
8801	2548
4132	2548
4825	2548
9547	2548
181	2549
303	2549
3473	2549
23	2550
304	2550
182	2550
8917	2550
3475	2550
5799	2550
374	2551
305	2551
1329	2551
135	2551
1097	2551
13064	2551
4764	2551
4636	2551
7738	2551
13568	2551
14926	2551
11011	2551
3494	2551
1540	2552
1327	2552
1075	2552
135	2552
5632	2552
5083	2552
8889	2552
2553	2552
14212	2552
7372	2552
16336	2552
17435	2552
1958	2553
1327	2553
135	2553
2552	2553
1890	2553
5083	2553
15821	2553
135	2554
3006	2554
13575	2554
18767	2554
3237	2554
12538	2554
19935	2554
4648	2554
14942	2554
56	2555
545	2555
422	2555
1102	2555
1097	2555
1461	2555
135	2555
837	2555
7738	2555
3050	2555
7213	2555
11122	2555
14932	2555
16515	2555
6142	2555
14936	2555
15060	2555
5585	2555
17041	2555
135	2556
5	2556
59	2557
1297	2557
135	2557
7497	2558
8515	2558
15086	2558
920	2559
1259	2559
3100	2559
11151	2559
15105	2559
9129	2559
12132	2559
4653	2559
17201	2559
19938	2559
14560	2560
14782	2560
15105	2560
12132	2560
4653	2560
17202	2560
17203	2560
1360	2561
16148	2561
1776	2561
5237	2561
8976	2561
8979	2561
962	2562
962	2563
1894	2563
12581	2563
962	2564
7753	2564
4423	2564
4421	2564
16150	2565
9309	2565
7405	2565
4346	2565
15124	2565
17138	2565
843	2566
2010	2566
281	2566
152	2566
255	2566
831	2566
886	2566
1290	2566
1928	2566
1440	2566
4764	2566
5150	2566
5723	2566
7930	2566
7306	2566
5985	2566
12393	2566
14029	2566
7307	2566
8824	2566
3503	2566
3739	2566
3211	2566
9386	2566
6426	2566
5137	2566
11489	2566
5005	2566
14283	2566
6192	2566
11114	2566
7059	2566
12702	2566
6075	2566
1787	2567
157	2567
831	2567
886	2567
1290	2567
1467	2567
33	2567
8821	2567
8623	2567
7930	2567
12393	2567
8824	2567
16216	2567
3370	2567
3371	2567
5987	2567
7059	2567
3674	2567
272	2568
496	2568
628	2568
1299	2568
1683	2568
5532	2568
7370	2568
7760	2568
8661	2568
4578	2568
5533	2568
7164	2568
628	2569
1303	2569
1298	2569
1927	2569
1705	2569
2608	2569
9823	2569
12174	2569
7999	2569
10285	2569
7109	2569
4308	2569
10256	2569
4595	2569
10319	2569
14111	2569
17389	2569
5464	2569
10590	2569
3701	2569
1416	2570
10226	2570
4023	2570
12482	2570
5993	2570
1107	2571
19949	2571
11179	2571
8533	2571
3457	2571
15481	2571
1096	2572
276	2572
831	2572
1731	2572
1890	2572
1328	2572
14923	2572
5144	2572
9783	2572
9133	2572
3728	2572
14030	2572
5579	2572
5535	2572
6415	2572
14190	2572
9479	2572
3013	2572
13137	2572
19232	2572
8703	2572
17030	2572
5581	2572
10916	2572
10525	2572
8185	2572
6524	2572
9782	2572
13070	2572
9907	2572
7215	2572
9784	2572
7909	2572
15074	2572
5585	2572
13598	2572
6075	2572
152	2573
12150	2573
1899	2574
1291	2574
1934	2574
2575	2574
15176	2574
1934	2575
1291	2575
2766	2575
17268	2575
7415	2575
4354	2575
13052	2575
2574	2575
11211	2575
14698	2575
13147	2575
14527	2575
1434	2576
1067	2576
801	2576
1110	2576
3351	2576
8941	2576
3529	2576
10888	2576
7786	2576
16166	2576
14818	2576
18963	2576
2942	2576
11214	2576
7066	2576
5428	2576
4687	2576
16166	2577
2734	2578
9749	2578
12152	2578
16168	2579
4487	2579
9563	2579
18097	2579
9804	2579
19078	2579
1419	2580
1940	2580
4488	2580
5430	2580
15201	2580
11235	2580
17287	2580
5021	2580
841	2581
964	2581
4500	2581
19900	2581
3801	2581
5095	2581
8695	2581
12153	2582
18610	2582
17701	2582
11498	2582
19285	2582
8089	2582
17294	2582
15400	2582
11247	2582
739	2583
2593	2583
17344	2583
2947	2583
3541	2583
6228	2583
4754	2583
7819	2583
4019	2583
9974	2583
4743	2583
16180	2583
3539	2583
18997	2583
13215	2583
573	2584
965	2584
1670	2584
477	2584
5221	2584
739	2585
739	2586
1942	2586
1944	2586
2586	2586
15248	2586
17344	2586
4018	2586
2951	2586
9473	2586
4705	2586
9436	2586
6268	2586
4743	2586
3539	2586
9424	2586
11314	2586
2338	2586
5442	2586
1669	2587
1944	2587
17300	2587
6234	2587
4709	2587
7819	2587
9436	2587
4743	2587
4708	2587
9424	2587
11254	2587
13185	2587
5980	2587
1624	2588
1944	2588
1768	2588
1606	2588
2588	2588
3360	2588
4014	2588
7805	2588
6239	2588
3547	2588
3871	2588
5439	2588
687	2589
12157	2589
2	2590
685	2591
2	2591
219	2591
2	2592
9447	2592
7826	2592
1773	2593
934	2593
16174	2593
2583	2593
376	2594
376	2595
740	2596
2596	2596
4699	2596
3557	2596
15233	2596
4703	2596
4704	2596
847	2597
7077	2597
2951	2598
19446	2598
9129	2598
870	2599
1945	2599
13190	2599
8344	2599
7079	2599
6819	2599
19000	2599
5439	2599
11253	2599
4746	2599
7284	2599
19955	2599
18762	2600
2953	2600
18092	2601
8623	2601
18151	2601
19144	2601
13279	2601
16221	2601
19247	2601
19059	2601
19166	2601
17466	2601
15293	2601
17611	2601
9362	2601
16853	2601
17911	2601
4759	2601
12177	2601
19062	2601
15742	2601
15545	2601
4595	2601
19063	2601
13384	2601
12205	2601
17467	2601
19862	2601
6406	2601
7363	2601
18141	2601
5517	2601
19099	2601
15743	2601
16351	2601
18224	2601
15270	2601
19057	2601
16266	2601
6316	2601
17379	2601
17590	2601
12172	2602
12175	2602
14063	2602
1293	2603
2052	2603
2955	2603
8558	2603
14190	2603
8634	2603
16345	2603
18121	2603
8563	2603
2636	2603
18106	2603
5450	2603
17420	2603
1673	2604
1000	2604
10752	2604
3220	2604
4421	2604
12234	2604
1963	2605
10258	2605
1292	2606
1292	2607
4054	2607
7999	2608
7109	2608
4308	2608
2569	2608
12180	2608
1317	2609
7154	2609
4085	2609
9629	2609
12184	2609
1686	2610
4095	2610
3006	2610
4938	2610
9605	2610
8713	2610
11377	2610
15436	2610
10308	2610
7948	2610
16444	2610
12494	2610
5781	2610
4824	2610
7417	2610
4342	2610
3040	2610
14071	2610
19107	2610
13638	2610
1674	2611
1136	2612
5452	2612
8804	2612
6298	2612
9851	2612
1344	2613
1350	2613
750	2613
14261	2613
5884	2613
2964	2613
495	2614
5799	2614
1516	2615
495	2615
2701	2615
380	2616
1172	2616
967	2616
315	2616
4729	2616
562	2616
524	2616
221	2616
1184	2616
871	2616
967	2617
2002	2618
1294	2618
1312	2618
13279	2618
19247	2618
4772	2618
15293	2618
4773	2618
7137	2618
9500	2618
17677	2618
7876	2618
8630	2618
11346	2618
15545	2618
4595	2618
19063	2618
3165	2618
15416	2618
12205	2618
6406	2618
9619	2618
16351	2618
5044	2618
15270	2618
6083	2618
17590	2618
8340	2618
377	2619
1316	2619
1920	2619
788	2619
377	2620
1319	2620
1475	2620
1298	2620
1966	2620
1715	2620
2706	2620
1969	2620
377	2621
12516	2621
15370	2621
8142	2621
11585	2621
8677	2621
8657	2621
10402	2621
7201	2621
6628	2621
8678	2621
5558	2621
8680	2621
1680	2622
1327	2623
2208	2623
8179	2623
54	2624
54	2625
1389	2625
1033	2625
1799	2625
11354	2625
7406	2625
6515	2625
3215	2625
980	2626
54	2626
7138	2626
1127	2627
54	2627
16209	2628
976	2629
1298	2629
152	2629
10425	2629
3448	2629
5464	2629
4098	2629
8828	2629
16449	2629
16450	2629
976	2630
1298	2630
3330	2630
11320	2630
1298	2631
3011	2631
1298	2632
10811	2632
4055	2632
3587	2632
3727	2632
6435	2632
1298	2633
749	2634
689	2634
9849	2634
9850	2634
4035	2634
3671	2634
1685	2635
743	2635
7163	2635
8689	2635
14182	2635
1129	2636
2603	2636
16215	2636
969	2637
6347	2637
17709	2638
8110	2638
3592	2638
17400	2638
6360	2638
10294	2638
13620	2638
17384	2638
698	2639
1300	2639
745	2639
4867	2639
5592	2639
4325	2639
9539	2639
14097	2640
9658	2640
15821	2640
11336	2640
15304	2640
16221	2641
19166	2641
5142	2641
17589	2641
17379	2641
1301	2642
1838	2642
4434	2642
3672	2642
6514	2642
656	2643
18124	2643
16246	2643
1686	2644
2078	2644
1337	2644
276	2644
3827	2644
12389	2644
4935	2644
12404	2644
12408	2644
15145	2644
1790	2645
1736	2645
2102	2645
1982	2645
8145	2645
4045	2645
6569	2645
7190	2645
4132	2645
6296	2645
10443	2645
1890	2646
9	2646
3515	2646
831	2646
6198	2646
4679	2646
12532	2646
9569	2646
10300	2646
6389	2646
5579	2646
4828	2646
3659	2646
14916	2646
4046	2646
4849	2646
19935	2646
3634	2647
13325	2647
5124	2647
3510	2647
14997	2647
3044	2647
5480	2647
1689	2648
1833	2648
5722	2648
15302	2648
496	2649
1302	2650
1698	2650
1990	2651
656	2651
3051	2651
5486	2651
5892	2651
971	2652
971	2653
1319	2653
1968	2653
701	2653
15701	2653
971	2654
1504	2654
971	2655
1511	2656
971	2656
13516	2656
17101	2656
13433	2656
9373	2656
5759	2656
13376	2656
11426	2656
4438	2656
8860	2656
19198	2656
15701	2656
19571	2656
6424	2656
4921	2656
1143	2657
971	2657
3515	2657
276	2657
971	2658
1141	2659
971	2659
11655	2659
13142	2659
4288	2659
4292	2659
1331	2660
2100	2660
2087	2660
3673	2660
14260	2660
5083	2660
18247	2660
9783	2660
8602	2660
8203	2660
10721	2660
16354	2660
14522	2660
5609	2660
10574	2660
16250	2660
16708	2660
5775	2660
6772	2660
14118	2660
8734	2660
13731	2660
11434	2660
11335	2660
10722	2660
5134	2660
1572	2661
2091	2661
5998	2661
8609	2661
6431	2662
12234	2662
1813	2663
10736	2663
6431	2663
6044	2663
9862	2663
6432	2663
16491	2663
14373	2663
14633	2663
12234	2663
3501	2663
16805	2664
8050	2664
6464	2664
12234	2664
1693	2665
3011	2665
6436	2665
973	2666
4053	2666
9597	2666
17213	2667
13321	2667
7138	2667
7401	2667
7138	2668
7952	2668
57	2669
3574	2669
2219	2669
10354	2669
347	2670
14131	2670
13362	2670
18312	2671
14134	2671
9604	2672
6222	2672
7154	2672
4101	2672
6526	2672
4085	2672
13046	2672
5495	2672
7904	2672
11162	2673
11090	2673
9490	2673
12245	2673
3437	2673
17676	2673
19957	2673
11337	2673
12245	2674
56	2675
656	2676
56	2676
56	2677
56	2678
1948	2679
11464	2679
11099	2679
14143	2679
1697	2680
1696	2680
1697	2681
1696	2681
6480	2681
6481	2681
1697	2682
3018	2682
8864	2682
1516	2683
15702	2683
3666	2683
15411	2683
6452	2683
6462	2683
6457	2683
18154	2683
9620	2683
4912	2683
10471	2683
4598	2683
7986	2683
11469	2683
7965	2683
6369	2683
14196	2683
10850	2683
11471	2683
11473	2683
7963	2683
11559	2683
13492	2683
4896	2683
13420	2683
13427	2683
15466	2683
6492	2683
13421	2683
6497	2683
9625	2683
7549	2683
6302	2683
5959	2684
4059	2684
11474	2684
378	2685
6	2685
1570	2685
378	2686
523	2687
1306	2687
136	2688
656	2688
4674	2688
17459	2688
4291	2688
6070	2688
136	2689
1707	2689
1998	2689
13251	2689
1158	2690
14201	2690
10344	2690
4768	2690
2016	2691
317	2691
2998	2691
1462	2692
7989	2692
8804	2692
9623	2692
19103	2692
12274	2692
14340	2692
4063	2693
7860	2693
5505	2693
977	2694
2999	2694
2999	2695
747	2696
13268	2696
10838	2697
9859	2697
8054	2697
13518	2697
9664	2697
17622	2697
8030	2697
11804	2697
17801	2697
19394	2697
10357	2697
15815	2697
977	2698
1309	2699
5	2699
409	2699
3445	2699
7380	2699
3450	2699
6068	2699
3451	2699
1516	2700
1127	2700
2701	2700
5515	2700
1516	2701
89	2701
2700	2701
1127	2701
5515	2701
2615	2701
1312	2702
2703	2703
16317	2703
6558	2703
978	2704
1314	2705
1450	2705
1899	2705
3439	2705
4591	2705
1966	2706
15293	2706
2620	2706
11488	2706
7175	2706
6407	2706
6406	2706
6288	2706
498	2707
275	2708
275	2709
15590	2709
80	2710
319	2710
275	2710
7601	2710
3658	2710
6571	2710
889	2711
275	2711
275	2712
28	2712
275	2713
79	2713
79	2714
275	2714
9737	2714
275	2715
275	2716
275	2717
79	2717
4962	2717
2264	2717
275	2718
275	2719
1319	2719
9287	2719
275	2720
275	2721
4390	2721
8055	2721
275	2722
275	2723
276	2724
4844	2724
2049	2725
1574	2725
276	2725
15330	2725
19311	2725
3761	2725
13544	2725
276	2726
896	2726
1982	2726
907	2726
980	2727
1376	2727
1706	2727
8678	2727
2443	2727
980	2728
4895	2728
1515	2729
10383	2729
843	2730
1710	2730
19070	2730
18455	2730
12557	2730
380	2731
2731	2731
1321	2732
911	2732
328	2732
2056	2732
13582	2732
4086	2732
11656	2732
3734	2732
5724	2732
7371	2732
13585	2732
15354	2732
5004	2732
3736	2732
13580	2732
3241	2732
9802	2732
13588	2732
13589	2732
13590	2732
5888	2732
5005	2732
9547	2732
19868	2732
19323	2732
3246	2732
1321	2733
4316	2733
4086	2733
9797	2733
11656	2733
3734	2733
13585	2733
3736	2733
3241	2733
13589	2733
5888	2733
5005	2733
5120	2733
2578	2734
5015	2734
3014	2734
2735	2735
10395	2735
499	2736
5907	2736
499	2737
499	2738
2781	2738
499	2739
749	2740
749	2741
749	2742
689	2742
5122	2743
11620	2743
4814	2743
13521	2743
16354	2743
17669	2743
15674	2743
16465	2743
11637	2743
3599	2743
10722	2743
5134	2743
1547	2744
1063	2744
4102	2744
12826	2744
8679	2745
7203	2746
277	2747
277	2748
1548	2748
277	2749
277	2750
277	2751
4313	2752
11561	2752
7348	2752
13655	2752
7208	2752
1324	2753
1255	2753
930	2753
2754	2754
3774	2754
3034	2754
5074	2755
3777	2755
3034	2755
9885	2755
6706	2755
13660	2755
5071	2755
12350	2755
5072	2755
15772	2755
2072	2756
3777	2756
3779	2756
4113	2756
11933	2757
9880	2757
9473	2757
5075	2757
6714	2757
8164	2757
3035	2757
12350	2757
3776	2757
15772	2757
6715	2757
9886	2757
15897	2757
6707	2757
1743	2758
629	2758
12952	2758
11794	2758
3075	2758
15685	2758
4159	2758
12411	2758
4162	2758
12412	2758
6790	2758
14286	2758
6792	2758
18774	2758
3037	2759
9888	2759
5082	2759
4	2760
5566	2761
8688	2762
5087	2762
2547	2763
2265	2763
5089	2763
99	2764
5568	2764
1561	2765
1327	2765
6625	2765
8180	2765
15821	2765
752	2766
2575	2766
2080	2766
501	2766
3795	2766
5092	2766
5099	2766
5094	2766
3802	2766
4501	2766
4408	2766
13148	2766
6500	2766
752	2767
6500	2767
752	2768
501	2769
6741	2769
3045	2770
141	2771
1205	2771
63	2771
5104	2771
12367	2771
11131	2771
4643	2771
13598	2771
839	2772
247	2772
96	2772
13663	2772
14242	2772
13729	2772
17775	2772
19414	2772
15782	2772
14286	2772
239	2773
703	2773
984	2773
595	2773
166	2773
606	2773
1161	2773
1223	2773
10434	2773
1104	2774
18955	2774
3486	2774
3487	2774
3490	2774
5585	2774
1209	2775
6	2775
6	2776
636	2776
3088	2776
6	2777
6	2778
299	2778
673	2778
553	2778
315	2778
36	2779
6	2779
338	2779
35	2779
1208	2779
9303	2779
1330	2780
3724	2780
2738	2781
18243	2781
5092	2781
6742	2781
281	2782
1511	2782
1982	2783
1960	2783
4878	2783
4146	2783
5601	2783
17425	2783
4132	2783
8199	2783
14425	2783
4821	2783
3065	2783
6572	2783
17414	2783
9277	2783
2103	2784
8716	2784
1736	2785
1982	2785
907	2785
1920	2786
12379	2786
1334	2787
15707	2788
12383	2788
9937	2788
4806	2788
17692	2788
13409	2788
1741	2789
468	2790
764	2790
5138	2790
6157	2790
2100	2791
2087	2791
3673	2791
11620	2791
13129	2791
3383	2791
3074	2791
11583	2791
6748	2791
5888	2791
7900	2791
3074	2792
4674	2792
15335	2792
15356	2792
14582	2792
6774	2792
9382	2792
9710	2792
768	2793
2074	2793
3233	2793
5613	2793
3784	2793
15783	2793
3244	2793
16400	2793
413	2794
5084	2794
14272	2794
12402	2795
2118	2796
506	2796
1579	2797
2119	2797
3082	2797
6790	2797
703	2798
1445	2798
2415	2798
1217	2798
463	2798
5126	2798
10446	2798
6076	2798
1828	2799
296	2799
1223	2799
9961	2799
17787	2799
17826	2799
3086	2799
15332	2799
636	2800
1576	2801
636	2801
5151	2801
871	2802
553	2802
6450	2802
8743	2802
9688	2802
6251	2802
6252	2802
8023	2802
6787	2802
393	2803
5155	2803
3848	2803
393	2804
393	2805
393	2806
1017	2807
394	2807
394	2808
5866	2808
1007	2809
194	2810
1752	2811
1354	2812
1354	2813
1356	2813
5637	2813
3133	2813
4226	2813
6954	2813
11915	2813
16836	2813
5174	2813
4259	2813
5250	2813
1774	2814
1354	2814
1240	2814
19459	2814
3122	2814
3127	2814
8236	2814
4219	2814
3145	2814
4748	2814
10479	2814
3905	2814
2342	2814
18479	2814
4266	2814
1759	2815
261	2815
1354	2815
1360	2815
1776	2815
3929	2815
3945	2815
6951	2815
3099	2816
8747	2816
510	2817
722	2818
1602	2818
402	2818
2820	2818
208	2819
5186	2819
1603	2819
611	2819
402	2819
3104	2819
2818	2820
924	2820
1602	2820
2141	2820
402	2820
402	2821
208	2821
3101	2822
1753	2823
2142	2823
3876	2823
3877	2823
777	2824
929	2824
778	2825
777	2825
1605	2825
2827	2825
3880	2825
777	2826
357	2826
2825	2827
1605	2827
778	2827
777	2827
3880	2827
777	2828
650	2828
13818	2828
777	2829
1008	2830
676	2830
2830	2830
3882	2830
778	2831
778	2832
1245	2833
778	2833
1246	2833
1360	2834
2349	2834
11882	2834
8264	2834
13771	2834
6842	2834
6843	2834
18474	2834
15887	2834
15888	2834
7297	2834
9994	2834
12440	2834
9995	2834
11891	2834
3105	2834
5271	2834
195	2835
5198	2835
403	2836
3107	2836
638	2837
48	2838
1355	2838
724	2838
2840	2839
19575	2839
2304	2839
9129	2839
2839	2840
5208	2840
2304	2840
9129	2840
6848	2840
2304	2841
5207	2841
6846	2841
11965	2841
19737	2841
5220	2841
6847	2841
5209	2841
612	2842
11877	2842
3365	2842
9127	2842
8304	2842
4180	2842
9129	2842
19922	2842
16933	2842
1757	2843
511	2844
484	2844
298	2844
573	2845
639	2845
513	2845
786	2846
513	2846
513	2847
7834	2847
5214	2847
513	2848
573	2849
726	2849
640	2849
858	2849
779	2849
1356	2849
11902	2849
5222	2849
13783	2849
8276	2849
11904	2849
17860	2849
10003	2849
6852	2849
5221	2849
19452	2849
11304	2849
13780	2849
5212	2849
11888	2849
19432	2849
11900	2849
13776	2849
6857	2849
6854	2849
10004	2849
5642	2850
3136	2850
3177	2850
3183	2850
4191	2851
1848	2852
3112	2852
7885	2852
19158	2852
17664	2852
9089	2852
17704	2852
4718	2852
16819	2852
17721	2852
11369	2852
15668	2852
3112	2853
4738	2853
1118	2854
3114	2854
1761	2855
1761	2856
2856	2856
5243	2856
19473	2856
5297	2856
4196	2857
4211	2857
4215	2857
2320	2857
3159	2857
5699	2857
3183	2857
2858	2858
3119	2858
1364	2859
1118	2859
477	2859
3123	2859
1357	2860
2151	2860
6898	2860
13732	2860
1118	2861
2315	2861
17900	2862
4206	2862
10059	2863
8761	2863
5272	2863
8761	2864
935	2865
1074	2865
1861	2865
5276	2865
5245	2865
14295	2865
2866	2866
10472	2866
2872	2867
1848	2867
3900	2867
2873	2867
4365	2867
665	2867
9080	2867
15902	2867
11866	2867
19476	2867
13798	2867
5672	2867
6864	2867
10011	2867
5958	2867
12631	2867
8288	2867
7271	2867
6934	2867
12658	2867
18258	2868
474	2869
2874	2869
13794	2869
5836	2869
3138	2869
19460	2869
6872	2869
3915	2869
8348	2869
6874	2869
5293	2869
3900	2870
1848	2870
1478	2870
2448	2870
2870	2870
6458	2870
8767	2870
8773	2870
1771	2871
11931	2871
10022	2871
11932	2871
10474	2871
19446	2871
9129	2871
13824	2871
7799	2871
11930	2871
10023	2871
13800	2871
2867	2872
4274	2872
12648	2872
19453	2872
3283	2872
5862	2872
13234	2872
10489	2872
12676	2872
11978	2872
6842	2872
3287	2872
7255	2872
4375	2872
5841	2872
5236	2872
13825	2872
4364	2872
10678	2872
8349	2872
10686	2872
3274	2872
8294	2872
6951	2872
9775	2872
5710	2872
4365	2872
8286	2872
8980	2872
3282	2872
5948	2872
12659	2872
1360	2873
1776	2873
2867	2873
4274	2873
6227	2873
3947	2873
4716	2873
5836	2873
3287	2873
7255	2873
14539	2873
3296	2873
3929	2873
5236	2873
16652	2873
3915	2873
7449	2873
8978	2873
8979	2873
5709	2873
10686	2873
5847	2873
7433	2873
4365	2873
5848	2873
8329	2873
12656	2873
12659	2873
2869	2874
4274	2874
11917	2874
11918	2874
19453	2874
10054	2874
7255	2874
5235	2874
5227	2874
17873	2874
13795	2874
19460	2874
5236	2874
6872	2874
15262	2874
8294	2874
6874	2874
19850	2874
5293	2874
728	2875
5677	2875
612	2876
10911	2876
2324	2876
9129	2876
3143	2877
1140	2878
3868	2878
8249	2878
5294	2878
8769	2878
14952	2878
17890	2878
7279	2878
1621	2879
1766	2879
1766	2880
2156	2880
7548	2880
2881	2880
2880	2881
1766	2881
224	2882
14301	2882
935	2883
406	2883
1365	2883
3150	2883
17878	2883
15908	2883
1942	2884
2335	2884
8774	2884
1360	2885
2331	2885
6888	2885
3945	2885
4655	2885
6951	2885
11891	2885
11975	2885
261	2886
11921	2886
5297	2886
5689	2886
5691	2887
3186	2887
3166	2888
