2164	2889
6958	2890
10071	2890
15951	2890
5319	2890
10072	2890
10073	2890
11985	2890
5321	2890
13844	2890
6960	2890
19491	2890
17916	2890
8367	2890
8368	2890
17917	2890
6961	2890
15952	2890
11986	2890
17918	2890
6962	2890
17919	2890
8369	2890
8370	2890
13845	2890
17920	2890
13846	2890
11987	2890
15953	2890
11988	2890
13847	2890
13848	2890
10074	2890
8371	2890
10075	2890
8372	2890
19492	2890
17921	2890
10076	2890
6963	2890
17922	2890
13849	2890
11989	2890
5322	2890
6964	2890
13850	2890
6965	2890
5323	2890
10077	2890
17923	2890
15954	2890
6966	2890
13851	2890
11990	2890
15955	2890
8373	2890
15956	2890
19493	2890
11991	2890
6967	2890
8374	2890
5324	2890
13852	2890
15957	2890
13853	2890
13854	2890
13855	2890
11992	2890
6968	2890
17924	2890
5325	2890
13856	2890
15958	2890
10078	2890
5326	2890
15959	2890
13857	2890
6969	2890
17925	2890
15960	2890
10079	2890
13858	2890
17926	2890
17927	2890
11993	2890
17928	2890
13859	2890
17929	2890
10080	2890
13860	2890
6970	2890
19494	2890
19495	2890
8375	2890
10081	2890
17930	2890
17931	2890
11994	2890
15961	2890
15962	2890
17932	2890
13861	2890
11995	2890
5327	2890
10082	2890
13862	2890
10083	2890
13863	2890
11996	2890
5328	2890
11997	2890
11998	2890
15963	2890
13864	2890
10084	2890
10085	2890
13865	2890
10086	2890
8376	2890
13866	2890
15964	2890
2172	2891
1640	2891
1270	2891
3949	2891
8420	2891
12029	2891
3968	2891
5352	2891
6989	2891
6990	2891
5353	2891
12030	2891
10124	2891
17965	2891
3965	2891
6991	2891
16002	2891
6992	2891
13901	2891
8421	2891
12031	2891
3969	2891
5354	2891
5355	2891
133	2892
362	2892
946	2892
1276	2892
369	2892
1645	2893
620	2893
623	2893
493	2893
624	2893
489	2893
269	2893
2893	2893
2181	2894
13843	2894
13932	2894
16038	2894
13933	2894
12057	2894
15950	2894
10157	2894
2193	2895
1669	2895
5433	2895
11983	2895
4014	2895
5434	2895
8549	2895
12156	2895
18086	2895
12157	2895
12158	2895
14042	2895
12159	2895
4015	2895
4016	2895
10245	2895
16171	2895
16172	2895
12160	2895
10246	2895
12161	2895
19932	2895
7072	2895
937	2896
745	2896
1300	2896
268	2896
4038	2896
16219	2896
4039	2896
19555	2896
7112	2896
5469	2896
5470	2896
2209	2897
937	2897
13911	2897
4048	2897
10301	2897
7116	2897
5481	2897
4008	2897
7117	2897
12214	2897
5482	2897
937	2898
3953	2898
5331	2898
5332	2898
8382	2898
6971	2898
10284	2898
5456	2898
4050	2898
16215	2898
10102	2898
17950	2898
8388	2898
16202	2898
16252	2898
16203	2898
10295	2898
16209	2898
15977	2898
17954	2898
4051	2898
13884	2898
8399	2898
12013	2898
12015	2898
15984	2898
7126	2898
6983	2898
10113	2898
6985	2898
12019	2898
3966	2898
14082	2898
8604	2898
14085	2898
17964	2898
12028	2898
2221	2899
2222	2899
937	2899
371	2900
1682	2900
2217	2900
57	2900
937	2900
2167	2900
1686	2900
8555	2900
17942	2900
8576	2900
7144	2900
3956	2900
8621	2900
10336	2900
14147	2900
10288	2900
5338	2900
12006	2900
8618	2900
7143	2900
10337	2900
10258	2900
8566	2900
3960	2900
7091	2900
5344	2900
10109	2900
7145	2900
8406	2900
8622	2900
4028	2900
14148	2900
5454	2900
5497	2900
10118	2900
5498	2900
7089	2900
7096	2900
10278	2900
16271	2900
16272	2900
2997	2901
1298	2901
2902	2901
364	2901
937	2901
1700	2901
2998	2901
2226	2901
4062	2901
2226	2902
2228	2902
937	2902
8382	2902
4065	2902
2999	2902
2901	2902
5509	2902
4066	2902
3969	2902
7159	2902
16195	2902
1637	2903
937	2903
379	2904
1317	2904
937	2904
1319	2904
1710	2904
378	2904
1320	2904
1267	2904
380	2904
12329	2904
7154	2904
5539	2904
5540	2904
4085	2904
12265	2904
12184	2904
14214	2904
18218	2904
2167	2905
1270	2905
61	2905
496	2905
272	2905
495	2905
7203	2905
4021	2905
7204	2905
7205	2905
14228	2905
10405	2905
12253	2905
12033	2905
10327	2905
5559	2905
5320	2905
3033	2906
2164	2906
2907	2906
3036	2906
4110	2906
4117	2906
4118	2906
4113	2906
14233	2906
8685	2906
5357	2906
1641	2907
2164	2907
2906	2907
4119	2907
4110	2907
4118	2907
14233	2907
5357	2907
267	2908
2273	2908
267	2909
1305	2910
1783	2910
1784	2910
1785	2910
2183	2910
1323	2910
8832	2910
14370	2910
4057	2910
12479	2910
14371	2910
7320	2910
7319	2910
8833	2910
14372	2910
3951	2910
7321	2910
19583	2910
17948	2910
5744	2910
17949	2910
8834	2910
16455	2910
16456	2910
18306	2910
12480	2910
7322	2910
5364	2910
16364	2910
16457	2910
5745	2910
7323	2910
12481	2910
7324	2910
4054	2910
12482	2910
7325	2910
14373	2910
10531	2910
10532	2910
7326	2910
8486	2910
16458	2910
12483	2910
12255	2910
12484	2910
8409	2910
18307	2910
16459	2910
16270	2910
7327	2910
14374	2910
14119	2910
19584	2910
12485	2910
5746	2910
7208	2910
12486	2910
10293	2910
18308	2910
7003	2910
18309	2910
8835	2910
14013	2910
12478	2910
1032	2911
8917	2911
12058	2911
8495	2911
16150	2911
7009	2911
12563	2911
5798	2911
8910	2911
8918	2911
12564	2911
10151	2911
3220	2911
17987	2911
10140	2911
7392	2911
19609	2911
4005	2911
8915	2911
3976	2911
18368	2911
12565	2911
5799	2911
8460	2911
19543	2911
16033	2911
12566	2911
4337	2911
16035	2911
16170	2911
18020	2911
17983	2911
12567	2911
8436	2911
16545	2911
8435	2911
10158	2911
12568	2911
7024	2911
8919	2911
19505	2911
12134	2911
8920	2911
8365	2911
14366	2911
8526	2911
17984	2911
7011	2911
19610	2911
16030	2911
5327	2911
14449	2911
12569	2911
16471	2911
19611	2911
10152	2911
7393	2911
7394	2911
10222	2911
7395	2911
1802	2912
1803	2912
1631	2912
18373	2912
1631	2913
1805	2913
13930	2913
8436	2913
10614	2913
1285	2914
374	2914
18427	2914
10073	2914
18428	2914
14106	2914
8945	2914
12620	2914
14498	2914
12621	2914
12102	2914
13852	2914
14163	2914
16617	2914
8480	2914
5816	2914
8525	2914
12290	2914
10081	2914
14252	2914
16618	2914
12622	2914
1035	2915
802	2915
2412	2915
1042	2915
11986	2915
18515	2915
14475	2915
5869	2915
18355	2915
7465	2915
18516	2915
10709	2915
7466	2915
5870	2915
18517	2915
12687	2915
14585	2915
14586	2915
7467	2915
5871	2915
12688	2915
7398	2915
4380	2915
12689	2915
1267	2916
1671	2916
499	2916
10727	2916
3993	2916
7474	2916
12709	2916
12094	2916
8710	2916
7475	2916
3311	2916
4023	2916
5831	2916
11987	2916
12710	2916
10728	2916
18006	2916
19680	2916
16714	2916
7476	2916
7477	2916
13850	2916
4411	2916
9011	2916
18528	2916
10729	2916
7478	2916
5525	2916
8446	2916
10730	2916
10731	2916
16715	2916
7479	2916
13891	2916
19495	2916
9012	2916
10732	2916
19681	2916
19682	2916
2959	2916
12711	2916
8518	2916
7480	2916
8908	2916
10733	2916
5404	2916
1292	2917
13963	2917
10696	2917
14131	2917
16824	2917
14421	2917
12289	2917
3334	2917
16825	2917
5938	2917
5939	2917
5362	2917
16233	2917
5934	2917
10816	2917
4439	2917
10658	2917
10822	2917
10076	2917
10805	2917
10737	2917
9061	2917
5935	2917
9057	2917
10362	2917
4437	2917
4054	2917
14715	2917
13944	2917
12261	2917
7522	2917
14716	2917
12294	2917
16464	2917
14717	2917
10823	2917
5729	2917
9054	2917
18200	2917
12206	2917
10588	2917
4440	2917
9062	2917
5940	2917
7513	2917
10824	2917
5735	2917
7111	2917
5941	2917
19570	2917
10082	2917
12149	2917
7523	2917
3335	2917
10293	2917
5942	2917
16196	2917
5404	2917
1378	2918
1844	2918
2443	2918
2444	2918
1390	2918
2373	2918
12794	2918
7319	2918
14724	2918
9064	2918
8865	2918
16324	2918
8580	2918
14725	2918
16835	2918
9065	2918
16477	2918
10076	2918
4441	2918
5462	2918
5944	2918
10540	2918
10553	2918
12039	2918
10587	2918
7000	2918
13946	2918
5945	2918
16327	2918
16836	2918
14391	2918
4080	2918
7353	2918
4026	2918
10830	2918
16468	2918
12437	2918
7524	2918
7525	2918
7400	2918
7327	2918
14203	2918
14726	2918
12043	2918
10831	2918
9066	2918
14727	2918
7351	2918
1639	2919
1267	2919
1301	2919
1637	2919
1638	2919
12172	2919
13963	2919
15966	2919
8383	2919
12001	2919
13871	2919
10094	2919
13872	2919
17944	2919
5484	2919
14101	2919
15969	2919
12187	2919
10832	2919
8387	2919
5337	2919
10076	2919
10288	2919
5338	2919
7085	2919
9067	2919
14061	2919
10255	2919
4041	2919
6979	2919
5341	2919
14063	2919
10818	2919
7104	2919
10261	2919
16189	2919
8401	2919
8403	2919
12227	2919
10327	2919
8594	2919
8562	2919
8586	2919
5346	2919
15985	2919
6983	2919
8406	2919
10111	2919
8407	2919
5460	2919
8668	2919
13892	2919
15990	2919
14079	2919
18104	2919
6986	2919
14728	2919
10833	2919
13965	2919
12026	2919
5937	2919
10314	2919
3967	2919
6988	2919
13899	2919
735	2920
1419	2920
2183	2920
4452	2920
2921	2920
13849	2920
7042	2920
6968	2920
12307	2920
14197	2920
7057	2920
7018	2920
4453	2920
735	2921
1065	2921
1419	2921
2453	2921
2454	2921
2920	2921
13849	2921
7018	2921
1855	2922
2436	2922
818	2922
2461	2922
2434	2922
1410	2922
1070	2922
1856	2922
2399	2922
1422	2922
10900	2922
18418	2922
16921	2922
9116	2922
18668	2922
4468	2922
9117	2922
19729	2922
14492	2922
9118	2922
18669	2922
11989	2922
9119	2922
12617	2922
10187	2922
18670	2922
10901	2922
4469	2922
18414	2922
12858	2922
9120	2922
16922	2922
5973	2922
16923	2922
16924	2922
10902	2922
14813	2922
16925	2922
14818	2922
18662	2922
12859	2922
18671	2922
14819	2922
9121	2922
18672	2922
18673	2922
4470	2922
4459	2922
18674	2922
16926	2922
7573	2922
9020	2922
19730	2922
18553	2922
12860	2922
16927	2922
3378	2923
417	2923
18694	2923
10923	2923
12881	2923
9141	2923
14853	2923
10924	2923
14854	2923
10925	2923
9142	2923
10926	2923
10927	2923
9143	2923
14855	2923
10928	2923
16950	2923
16951	2923
7593	2923
14856	2923
6965	2923
16952	2923
12882	2923
7594	2923
7595	2923
9144	2923
14857	2923
10929	2923
4490	2923
4491	2923
18481	2923
7596	2923
9145	2923
16953	2923
16954	2923
7597	2923
14858	2923
16955	2923
10930	2923
14859	2923
9146	2923
10931	2923
13928	2923
17930	2923
16956	2923
7598	2923
16957	2923
14860	2923
10932	2923
12883	2923
19943	2923
10933	2923
18695	2923
18690	2923
5994	2923
7599	2923
5995	2923
16958	2923
16138	2924
14003	2924
12888	2924
3968	2924
7602	2924
10936	2924
7603	2924
10728	2924
7065	2924
4492	2924
17923	2924
18693	2924
4041	2924
8536	2924
10405	2924
12889	2924
14862	2924
3379	2924
9151	2924
10079	2924
16963	2924
3380	2924
10324	2924
12890	2924
10937	2924
5413	2924
14686	2924
12715	2924
16818	2924
10938	2924
10939	2924
10086	2924
8417	2924
5354	2924
1081	2925
2476	2925
1432	2925
3387	2925
5406	2925
10954	2925
6000	2925
6966	2925
9170	2925
8473	2925
14870	2925
9171	2925
7612	2925
1084	2926
1813	2926
1888	2926
2522	2926
2374	2926
2376	2926
2521	2926
7335	2926
9107	2926
4571	2926
7662	2926
7116	2926
5408	2926
6043	2926
6967	2926
11003	2926
16548	2926
4337	2926
4572	2926
12943	2926
17018	2926
18658	2926
135	2927
2214	2927
1285	2927
374	2927
10359	2927
8945	2927
12315	2927
12094	2927
12453	2927
12970	2927
9219	2927
9228	2927
14031	2927
13852	2927
5381	2927
8959	2927
14231	2927
10916	2927
8480	2927
12290	2927
14252	2927
12306	2927
14348	2927
1893	2928
13854	2928
4578	2928
4066	2928
2215	2929
183	2929
2216	2929
13869	2929
5331	2929
16273	2929
15968	2929
10128	2929
4597	2929
14232	2929
6086	2929
4598	2929
10285	2929
18095	2929
9264	2929
15977	2929
4595	2929
16216	2929
4047	2929
15959	2929
16201	2929
3963	2929
5460	2929
12019	2929
14079	2929
13018	2929
7158	2929
8573	2929
12026	2929
7171	2929
7004	2929
10121	2929
7695	2929
652	2930
2542	2930
2541	2930
801	2930
2409	2930
957	2930
290	2930
2543	2930
14476	2930
18847	2930
4625	2930
11993	2930
3981	2930
9294	2930
542	2931
2433	2931
3229	2931
1907	2931
7719	2931
9298	2931
6119	2931
15030	2931
18849	2931
9018	2931
9236	2931
7720	2931
11993	2931
7721	2931
6120	2931
10137	2931
9213	2931
11089	2931
8877	2931
7722	2931
6121	2931
8495	2932
16150	2932
10608	2932
16577	2932
19813	2932
4338	2932
7221	2932
13979	2932
4005	2932
4344	2932
18596	2932
18080	2932
7757	2932
10205	2932
16558	2932
19618	2932
10141	2932
10221	2932
13092	2932
18597	2932
16035	2932
12585	2932
7048	2932
19814	2932
16554	2932
12570	2932
7024	2932
7469	2932
7011	2932
12060	2932
5327	2932
15110	2932
7393	2932
16062	2932
8502	2932
12135	2932
10222	2932
3501	2932
1921	2933
2188	2933
2394	2933
12778	2933
14123	2933
4005	2933
18596	2933
5741	2933
7058	2933
19618	2933
16548	2933
14500	2933
19795	2933
17983	2933
18800	2933
12548	2933
12608	2933
17205	2933
17984	2933
7011	2933
5327	2933
1299	2934
1286	2934
628	2934
2935	2934
2201	2934
1376	2934
78	2934
12979	2934
5422	2934
11026	2934
7669	2934
10582	2934
7370	2934
7109	2934
7378	2934
9346	2934
8661	2934
6164	2934
10083	2934
1286	2935
2528	2935
1376	2935
1927	2935
628	2935
980	2935
7180	2935
12979	2935
7320	2935
4037	2935
5422	2935
17169	2935
11026	2935
16253	2935
12187	2935
8570	2935
7669	2935
16461	2935
14960	2935
6176	2935
7376	2935
10582	2935
12301	2935
5532	2935
4661	2935
6990	2935
16267	2935
11166	2935
12199	2935
14059	2935
4659	2935
7109	2935
5477	2935
7764	2935
7378	2935
18147	2935
13096	2935
16319	2935
18124	2935
7118	2935
5745	2935
10560	2935
9346	2935
4579	2935
14169	2935
4355	2935
18099	2935
8397	2935
7688	2935
12144	2935
8503	2935
7189	2935
8398	2935
6170	2935
18535	2935
8561	2935
7060	2935
18072	2935
8579	2935
5347	2935
10400	2935
10112	2935
7765	2935
11167	2935
2934	2935
7195	2935
8661	2935
18297	2935
8481	2935
11027	2935
6177	2935
12021	2935
9354	2935
7387	2935
17960	2935
5533	2935
6164	2935
18186	2935
15963	2935
8414	2935
8520	2935
6178	2935
5789	2935
8609	2935
13897	2935
7135	2935
14481	2935
12338	2935
7152	2935
8447	2935
10592	2935
10230	2936
7767	2936
5423	2936
18923	2936
17145	2936
9101	2936
6179	2936
4665	2936
11170	2936
14892	2936
13108	2936
7766	2936
15126	2936
18921	2936
9355	2936
4666	2936
7729	2936
13109	2936
11171	2936
8545	2936
10084	2936
9356	2936
6180	2936
1107	2937
371	2937
13911	2937
9360	2937
5424	2937
15133	2937
7064	2937
7344	2937
10407	2937
4667	2937
8539	2937
11175	2937
10086	2937
11084	2937
11085	2937
18925	2937
19820	2938
18428	2938
9361	2938
9362	2938
11176	2938
15134	2938
5340	2938
7064	2938
15135	2938
7768	2938
16617	2938
11177	2938
15136	2938
4315	2938
11178	2938
18831	2938
10086	2938
6183	2938
17222	2938
9363	2938
12326	2938
19821	2939
18935	2939
13116	2939
17223	2939
7064	2939
11068	2939
10275	2939
17232	2939
13117	2939
19564	2939
5909	2939
10086	2939
11188	2939
15138	2939
497	2940
2361	2940
8647	2940
17240	2940
13110	2940
9372	2940
17221	2940
16316	2940
11198	2940
13123	2940
13111	2940
8589	2940
12641	2940
11172	2940
5605	2940
5773	2940
6190	2940
9373	2940
11173	2940
13121	2940
12345	2940
14331	2940
16526	2940
14194	2940
7168	2940
6191	2940
15143	2940
17241	2940
10403	2940
17242	2940
13124	2940
15144	2940
15113	2940
4007	2940
17243	2940
6067	2940
5347	2940
15145	2940
7772	2940
12346	2940
13113	2940
14035	2940
10576	2940
15146	2940
9374	2940
15130	2940
7158	2940
15147	2940
15148	2940
12182	2940
13125	2940
17244	2940
8957	2940
10086	2940
15149	2940
15150	2940
5480	2940
10372	2940
9375	2940
9370	2940
559	2941
522	2941
957	2941
1450	2941
2165	2941
13153	2941
12775	2941
13154	2941
18962	2941
8968	2941
16109	2941
17156	2941
3529	2941
7784	2941
13155	2941
6209	2941
3266	2941
7785	2941
18963	2941
18964	2941
7066	2941
9392	2941
3325	2941
10178	2941
800	2942
1392	2942
1434	2942
2576	2942
2165	2942
14642	2942
7012	2942
4010	2942
3529	2942
7786	2942
17269	2942
14818	2942
7066	2942
12722	2942
15179	2942
6210	2942
16167	2942
16613	2942
6211	2942
18082	2942
5926	2942
4687	2942
3982	2942
11213	2942
1652	2943
953	2943
1395	2943
3268	2943
5823	2943
3530	2943
10087	2943
5824	2943
9398	2943
5826	2943
3530	2944
1112	2944
18397	2944
9401	2944
6215	2944
7788	2944
10087	2944
13165	2944
17279	2944
4671	2944
7789	2944
7573	2944
17280	2944
15197	2944
11224	2944
13166	2944
10639	2944
812	2945
1113	2945
1093	2945
5329	2945
7730	2945
560	2946
846	2946
218	2946
7071	2946
5330	2946
9415	2946
13184	2946
2583	2947
1944	2947
2198	2947
676	2947
2197	2947
3539	2947
18982	2947
6226	2947
15225	2947
18983	2947
9416	2947
11249	2947
9417	2947
4696	2947
8379	2947
4697	2947
3540	2947
17298	2947
4698	2947
965	2948
1632	2948
1670	2948
3952	2948
4699	2948
6229	2948
5436	2948
5438	2948
8550	2948
18087	2948
10247	2948
7075	2948
15233	2948
8380	2948
14044	2948
12161	2948
6231	2948
4703	2948
4704	2948
12163	2948
8381	2948
16177	2948
11259	2949
8549	2949
4712	2949
10913	2949
8550	2949
9455	2949
18087	2949
19000	2949
16171	2949
8380	2949
15247	2949
4703	2949
9456	2949
3545	2949
11288	2949
19955	2949
1632	2950
1944	2951
1632	2951
2198	2951
965	2951
2586	2951
2338	2951
1945	2951
2598	2951
739	2951
1759	2951
7228	2951
15249	2951
9436	2951
6268	2951
18997	2951
13222	2951
6231	2951
5639	2951
1632	2952
1484	2952
6270	2952
3125	2952
11296	2952
13207	2952
13227	2952
11297	2952
1484	2953
83	2953
3145	2953
2600	2953
4753	2953
9464	2953
15257	2953
11290	2953
13233	2953
4275	2953
3563	2953
10249	2953
10462	2953
11307	2953
11308	2953
11309	2953
7238	2953
19022	2953
13234	2953
3121	2953
10690	2953
11310	2953
13235	2953
7459	2953
4754	2953
11311	2953
7806	2953
9465	2953
7835	2953
15258	2953
15259	2953
6274	2953
12939	2953
12169	2953
19849	2953
6266	2953
4221	2953
11249	2953
7836	2953
9466	2953
6275	2953
13236	2953
9429	2953
7082	2953
4748	2953
7837	2953
15260	2953
4755	2953
4227	2953
4756	2953
7838	2953
9467	2953
17336	2953
15261	2953
9468	2953
17337	2953
7801	2953
7839	2953
15262	2953
10244	2953
18762	2953
7263	2953
5686	2953
6276	2953
10676	2953
7832	2953
13215	2953
7267	2953
5690	2953
15263	2953
11312	2953
11313	2953
6277	2953
13237	2953
15264	2953
6265	2953
9469	2953
11314	2953
11292	2953
13213	2953
11286	2953
17338	2953
8782	2953
6278	2953
19850	2953
9421	2953
8381	2953
11315	2953
6279	2953
6280	2953
6281	2953
13238	2953
4757	2953
7840	2953
1668	2954
2197	2954
9472	2954
17934	2954
16172	2954
2603	2955
1388	2955
2213	2955
1269	2955
3503	2955
1267	2955
1925	2955
1685	2955
5726	2955
7109	2955
11320	2955
14145	2955
14105	2955
10808	2955
14073	2955
183	2956
1267	2956
2227	2956
6059	2956
5337	2956
10260	2956
16201	2956
5510	2956
4029	2956
8412	2956
7004	2956
5494	2956
1268	2957
1267	2957
1487	2957
2962	2957
1958	2958
1267	2958
1959	2958
9483	2958
13251	2958
6290	2958
135	2959
1634	2959
2916	2959
1267	2959
3993	2959
7475	2959
3994	2959
9485	2959
3568	2960
1388	2960
1637	2960
1267	2960
1683	2960
2972	2960
3003	2960
2994	2960
1269	2960
19041	2960
5540	2960
8403	2960
10266	2960
6286	2960
1269	2961
1293	2961
1633	2961
1268	2961
1638	2961
1267	2961
4070	2961
14060	2961
14061	2961
17356	2961
12213	2961
8406	2961
12295	2961
8411	2961
8564	2961
10837	2961
17962	2961
10266	2961
11329	2961
11330	2961
8610	2961
2964	2962
5457	2962
1307	2962
2957	2962
1268	2962
971	2962
499	2962
10094	2962
3956	2962
8387	2962
12193	2962
7113	2962
10254	2962
5340	2962
4041	2962
12317	2962
10133	2962
8402	2962
10111	2962
8620	2962
16191	2962
4029	2962
8415	2962
5351	2962
135	2963
1268	2963
1634	2963
14419	2963
6300	2963
7167	2963
2613	2964
1685	2964
1637	2964
1682	2964
1268	2964
1350	2964
7861	2964
3954	2964
14097	2964
8588	2964
5463	2964
15966	2964
14094	2964
14261	2964
18118	2964
3956	2964
5335	2964
5487	2964
8385	2964
12002	2964
10305	2964
6976	2964
10104	2964
10105	2964
4766	2964
2962	2964
4074	2964
7085	2964
8657	2964
10254	2964
7109	2964
18128	2964
8396	2964
18121	2964
12015	2964
13888	2964
3963	2964
5460	2964
4028	2964
15992	2964
10307	2964
16192	2964
8600	2964
6302	2964
1268	2965
9489	2965
1491	2966
1268	2966
843	2966
991	2966
5521	2966
7090	2966
8646	2966
8433	2966
5616	2966
7863	2966
9493	2966
3963	2966
4029	2966
7093	2966
6304	2966
12318	2966
5629	2966
17963	2966
299	2967
1130	2967
364	2967
8677	2967
16528	2967
4771	2967
364	2968
380	2968
746	2968
1965	2968
5458	2968
364	2969
4780	2969
9501	2969
7870	2969
4335	2969
9502	2969
6318	2969
15296	2969
7871	2969
6319	2969
9503	2969
9504	2969
17380	2969
11347	2969
19065	2969
15297	2969
1354	2970
364	2970
7359	2970
6320	2970
5677	2970
4781	2970
4782	2970
4783	2970
364	2971
13869	2972
2994	2972
17943	2972
6322	2972
8387	2972
13246	2972
4034	2972
4061	2972
4355	2972
10133	2972
10261	2972
19581	2972
12265	2972
12019	2972
4029	2972
8564	2972
10265	2972
2960	2972
2167	2973
2226	2973
13921	2973
7098	2973
14159	2973
14421	2973
12200	2973
8837	2973
12215	2973
9515	2973
19041	2973
16273	2973
8576	2973
10097	2973
17393	2973
18040	2973
12187	2973
16283	2973
8570	2973
13292	2973
14057	2973
12127	2973
18970	2973
8432	2973
9362	2973
6976	2973
16314	2973
18041	2973
10288	2973
16211	2973
16212	2973
10252	2973
14202	2973
5477	2973
18147	2973
15978	2973
12221	2973
4035	2973
9516	2973
6334	2973
5417	2973
15981	2973
14704	2973
8571	2973
4595	2973
13143	2973
7102	2973
8672	2973
12015	2973
12334	2973
5467	2973
16145	2973
7737	2973
8860	2973
10365	2973
18197	2973
14191	2973
14088	2973
7195	2973
16191	2973
7882	2973
15991	2973
10282	2973
3966	2973
15994	2973
14082	2973
10115	2973
13018	2973
4066	2973
15288	2973
19077	2973
12024	2973
13961	2973
8656	2973
14160	2973
17394	2973
9517	2973
3969	2973
13898	2973
10122	2973
16272	2973
10546	2973
14073	2973
1975	2974
3955	2974
7885	2974
4796	2974
11363	2974
4026	2974
9519	2974
6340	2974
2363	2975
3955	2975
4789	2975
5339	2975
7362	2975
9492	2975
4026	2975
4082	2975
11358	2975
3590	2975
1316	2976
1382	2976
1800	2976
1714	2976
179	2976
3955	2976
8875	2976
6998	2976
3974	2976
15972	2976
10557	2976
7330	2976
5745	2976
18344	2976
10556	2976
18303	2976
7362	2976
8652	2976
10135	2976
8430	2976
4296	2976
18333	2976
18304	2976
5743	2976
9492	2976
19600	2976
13918	2976
16330	2976
18209	2976
10530	2976
12313	2976
6341	2976
12044	2976
14093	2976
5482	2976
12478	2976
2370	2977
2169	2977
2178	2977
3955	2977
13920	2977
2178	2978
825	2978
3955	2978
5362	2978
4295	2978
7857	2978
8478	2978
16018	2978
13917	2978
18894	2978
51	2979
499	2979
1134	2979
4807	2979
17940	2979
13303	2979
3598	2979
5933	2979
6358	2979
9061	2979
11373	2979
7895	2979
6359	2979
14967	2979
6354	2979
6360	2979
7886	2979
5937	2979
19085	2979
2172	2980
1270	2980
495	2980
7905	2980
5546	2980
15966	2980
9538	2980
17163	2980
6989	2980
8606	2980
6370	2980
6371	2980
11377	2980
4106	2980
6372	2980
7195	2980
9539	2980
3965	2980
8415	2980
5354	2980
1685	2981
2242	2981
1633	2981
12529	2981
6375	2981
14029	2981
5986	2981
16220	2981
6376	2981
4486	2981
3601	2981
7742	2981
5987	2981
2215	2982
276	2982
13871	2982
15968	2982
5487	2982
6086	2982
4047	2982
12206	2982
5460	2982
14079	2982
7004	2982
30	2983
271	2983
18890	2983
13347	2983
4836	2983
18610	2983
16316	2983
10093	2983
18152	2983
14424	2983
14730	2983
18953	2983
6190	2983
10656	2983
7917	2983
10299	2983
13344	2983
17440	2983
15369	2983
19113	2983
17441	2983
7918	2983
11403	2983
13348	2983
10351	2983
19824	2983
8593	2983
8717	2983
18805	2983
5380	2983
10329	2983
19114	2983
15148	2983
17442	2983
12287	2983
2237	2984
745	2984
8659	2984
7083	2984
14611	2984
6974	2984
14162	2984
15384	2984
14612	2984
8633	2984
17455	2984
15385	2984
9565	2984
4042	2984
10362	2984
9566	2984
12577	2984
11415	2984
7179	2984
12051	2984
5559	2984
12022	2984
16539	2984
6364	2984
4083	2984
12281	2984
1124	2985
15386	2985
13297	2985
12222	2985
8384	2985
15387	2985
17460	2985
17461	2985
8508	2985
12328	2985
15157	2985
16239	2985
6994	2985
15388	2985
14111	2985
17462	2985
14196	2985
11206	2985
5778	2985
12975	2985
7931	2985
10577	2985
8492	2985
17463	2985
8422	2986
9573	2986
8683	2986
10596	2986
4853	2986
17944	2986
17163	2986
13371	2986
7207	2986
4334	2986
15057	2986
10408	2986
12491	2986
11422	2986
15396	2986
9574	2986
8675	2986
6409	2986
13372	2986
1683	2987
5336	2987
6429	2987
977	2988
742	2988
1698	2988
2219	2988
2220	2988
7149	2988
12241	2988
5500	2988
3958	2988
12003	2988
9598	2988
8395	2988
10289	2988
7150	2988
10320	2988
7139	2988
10267	2988
2995	2989
17443	2989
11218	2989
19153	2989
6442	2989
9056	2989
16452	2989
7482	2989
14106	2989
16343	2989
8838	2989
12993	2989
6996	2989
4879	2989
18887	2989
19154	2989
8387	2989
5337	2989
10366	2989
5353	2989
17491	2989
8658	2989
6443	2989
17954	2989
18156	2989
6334	2989
19155	2989
14163	2989
13162	2989
12997	2989
17492	2989
13886	2989
8811	2989
9600	2989
18301	2989
9601	2989
9249	2989
15426	2989
7153	2989
16346	2989
12190	2989
4880	2989
12998	2989
9545	2989
7954	2989
7686	2989
9602	2989
12896	2989
19156	2989
9250	2989
6444	2989
13401	2989
12715	2989
18111	2989
10951	2989
13896	2989
19157	2989
7013	2989
17493	2989
14980	2989
5942	2989
13252	2989
17494	2989
12247	2989
9603	2989
12338	2989
12322	2989
1482	2990
18127	2990
6450	2990
17500	2990
13410	2990
17501	2990
17502	2990
9613	2990
12005	2990
11454	2990
19170	2990
4892	2990
17212	2990
13376	2990
6451	2990
9578	2990
14107	2990
10273	2990
19561	2990
9614	2990
3448	2990
15324	2990
11455	2990
19171	2990
15443	2990
7183	2990
13382	2990
15444	2990
11098	2990
4864	2990
7192	2990
14141	2990
1699	2991
19126	2991
16248	2991
5340	2991
13435	2991
19544	2992
16838	2992
15378	2992
19037	2992
10125	2992
17532	2992
15488	2992
11349	2992
9053	2992
17533	2992
14718	2992
5506	2992
15379	2992
16233	2992
7172	2992
16328	2992
16971	2992
5934	2992
17534	2992
14730	2992
11406	2992
10301	2992
16095	2992
17535	2992
6473	2992
8432	2992
17536	2992
15489	2992
9635	2992
16025	2992
17233	2992
4907	2992
17537	2992
18358	2992
16740	2992
12007	2992
11414	2992
8393	2992
6046	2992
16026	2992
18702	2992
5341	2992
13370	2992
19872	2992
14133	2992
18530	2992
13438	2992
7119	2992
18133	2992
19118	2992
13889	2992
17061	2992
13439	2992
15286	2992
19198	2992
11485	2992
7981	2992
15989	2992
12021	2992
11486	2992
18359	2992
17538	2992
14166	2992
16842	2992
16833	2992
18194	2992
15490	2992
13897	2992
18224	2992
10302	2992
16509	2992
6379	2992
5475	2993
17466	2993
14135	2993
16188	2993
4034	2993
7113	2993
18179	2993
7109	2993
8390	2993
12317	2993
5476	2993
6338	2993
10133	2993
10261	2993
12219	2993
8405	2993
12180	2993
12017	2993
10369	2993
16315	2993
8411	2993
18141	2993
10370	2993
7164	2993
16195	2993
16001	2993
8447	2993
2972	2994
5445	2994
12009	2994
14069	2994
2960	2994
12	2995
5883	2995
17954	2995
7982	2995
4047	2995
2989	2995
13441	2995
7884	2995
1299	2996
741	2996
1308	2996
1286	2996
272	2996
1683	2996
496	2996
13288	2996
6059	2996
14150	2996
13289	2996
4794	2996
15978	2996
11013	2996
10343	2996
7880	2996
4049	2996
13361	2996
2901	2997
1516	2998
1700	2998
2226	2998
2691	2998
6480	2998
9515	2998
6481	2998
4911	2998
11352	2998
12504	2998
2901	2998
3670	2998
4066	2998
6482	2998
2213	2999
2902	2999
2226	2999
2694	2999
3676	2999
1388	2999
963	2999
2695	2999
17370	2999
5342	3000
6500	3000
54	3001
496	3001
3680	3001
3960	3001
12216	3001
6286	3001
1269	3002
1095	3002
1504	3002
2023	3002
1269	3003
2960	3003
553	3004
9686	3004
9687	3004
9688	3004
6305	3004
11184	3004
10109	3004
8023	3004
13486	3004
17558	3004
9276	3004
7097	3004
1298	3005
2370	3005
12794	3005
7203	3005
7184	3005
10382	3005
7366	3005
19879	3005
18136	3005
10583	3005
14434	3005
10325	3005
12038	3005
8508	3005
11126	3005
5483	3005
14090	3005
14972	3005
14063	3005
5417	3005
13915	3005
12517	3005
10553	3005
10291	3005
16510	3005
10587	3005
10588	3005
14191	3005
11563	3005
8409	3005
8669	3005
15991	3005
10590	3005
10282	3005
10324	3005
10292	3005
7093	3005
13118	3005
1525	3006
2554	3006
2610	3006
2236	3006
1695	3006
8886	3006
10640	3006
9538	3006
13510	3006
8713	3006
6363	3006
13511	3006
5389	3006
12021	3006
5781	3006
8482	3006
7341	3006
4342	3006
16399	3006
4946	3006
10178	3006
11084	3006
326	3007
2203	3007
8860	3007
6986	3007
15131	3007
1307	3008
1058	3008
1539	3008
1984	3008
271	3008
1156	3008
136	3008
8659	3008
14611	3008
14612	3008
17455	3008
7308	3008
18455	3008
16078	3008
11639	3008
18201	3008
12022	3008
18211	3008
136	3009
1155	3009
15488	3009
3634	3009
10344	3009
9653	3009
6477	3009
11652	3009
15663	3009
14175	3009
5349	3009
1638	3010
10540	3010
5702	3010
2245	3011
2665	3011
2631	3011
2171	3011
1298	3011
18141	3011
5350	3011
12246	3011
629	3012
6634	3012
13591	3012
11163	3012
15677	3012
15678	3012
5007	3012
9161	3012
10432	3012
18610	3012
15679	3012
17423	3012
9509	3012
11622	3012
15680	3012
12533	3012
4974	3012
14146	3012
6635	3012
6413	3012
10942	3012
11630	3012
15681	3012
19325	3012
15682	3012
7995	3012
8677	3012
6060	3012
18229	3012
9497	3012
15484	3012
5008	3012
15683	3012
15684	3012
14247	3012
16309	3012
15685	3012
5615	3012
10644	3012
15686	3012
9804	3012
15575	3012
11659	3012
8096	3012
10781	3012
17294	3012
14099	3012
6636	3012
9805	3012
6287	3012
10575	3012
15437	3012
5009	3012
4092	3012
8097	3012
7224	3012
13592	3012
17986	3012
6637	3012
6638	3012
6639	3012
11660	3012
19326	3012
3029	3012
4163	3012
8098	3012
16395	3012
6640	3012
5010	3012
7202	3012
5011	3012
11201	3012
19770	3012
19971	3012
11247	3012
16899	3012
4788	3012
6490	3012
13897	3012
8417	3012
9041	3012
5631	3012
5012	3012
15687	3012
5588	3012
13541	3012
2214	3013
2572	3013
971	3013
135	3013
6147	3013
6140	3013
6551	3013
3996	3013
13061	3013
4160	3013
12290	3013
7743	3013
6144	3013
5585	3013
8417	3013
2734	3014
8104	3014
6609	3014
6645	3014
6646	3014
19131	3014
15168	3014
11677	3014
4849	3014
13599	3014
8417	3014
5019	3014
9696	3014
2172	3015
2028	3015
1270	3016
6370	3016
1444	3017
1270	3017
1323	3017
968	3017
2062	3018
1697	3018
2682	3018
1696	3018
5521	3018
9848	3018
11729	3018
17391	3018
9358	3018
18832	3018
6452	3018
17737	3018
4772	3018
4987	3018
5744	3018
5353	3018
5041	3018
6343	3018
10395	3018
13418	3018
12489	3018
13542	3018
4596	3018
17678	3018
5745	3018
11435	3018
13284	3018
16348	3018
6460	3018
4058	3018
5754	3018
8829	3018
11356	3018
4880	3018
7963	3018
7120	3018
18605	3018
4833	3018
16021	3018
16002	3018
13427	3018
5941	3018
6673	3018
12318	3018
17126	3018
10549	3018
13428	3018
6456	3018
17659	3018
18225	3019
4945	3019
13628	3019
16350	3019
12030	3019
8140	3019
6674	3019
2369	3020
17681	3020
4079	3020
5354	3020
2439	3021
794	3021
938	3021
10128	3021
14061	3021
7002	3021
8617	3021
1710	3022
3456	3022
1320	3022
938	3022
794	3022
17399	3022
8142	3022
9613	3022
19976	3022
8143	3022
1666	3023
773	3023
938	3023
17687	3023
15113	3023
938	3024
893	3024
5555	3024
3764	3024
938	3025
3025	3025
8145	3025
12396	3025
10402	3025
7201	3025
12786	3025
15745	3025
17751	3025
7048	3025
938	3026
9855	3026
5555	3026
12342	3026
5556	3026
4101	3026
8677	3026
18229	3026
18230	3026
16355	3026
9805	3026
13633	3026
8146	3026
7202	3026
14227	3026
12344	3026
6490	3026
10404	3026
1168	3027
1158	3027
938	3027
1157	3027
17752	3027
19282	3027
13527	3027
12343	3027
6682	3027
8715	3027
4102	3027
13634	3027
9746	3027
9750	3027
11612	3027
1901	3028
1304	3028
938	3028
6520	3028
4105	3028
1322	3029
3012	3029
938	3029
17979	3029
8631	3029
9509	3029
15370	3029
12533	3029
12342	3029
14224	3029
7874	3029
16023	3029
4101	3029
8677	3029
8657	3029
18229	3029
13259	3029
10402	3029
11741	3029
18230	3029
7201	3029
8678	3029
16355	3029
4786	3029
16356	3029
16395	3029
17746	3029
7202	3029
14227	3029
13434	3029
12344	3029
10404	3029
8680	3029
969	3030
2065	3030
1977	3030
12032	3030
4436	3030
19364	3030
5051	3030
4804	3030
5791	3030
5395	3030
10125	3031
8148	3031
10301	3031
4441	3031
9863	3031
9167	3031
4805	3031
5990	3031
4090	3031
1185	3032
2069	3032
6699	3032
6700	3032
5062	3032
8157	3032
6993	3032
1641	3033
2906	3033
13658	3033
4112	3033
4117	3033
4120	3033
4113	3033
8685	3033
5357	3033
1641	3034
2754	3034
3774	3034
2755	3034
12350	3034
9874	3034
3778	3035
2757	3035
19896	3035
14234	3035
5074	3035
6708	3035
3970	3035
8166	3035
6709	3035
9880	3035
9881	3035
9458	3035
9882	3035
4114	3035
6706	3035
5075	3035
19977	3035
3779	3035
5076	3035
13660	3035
4115	3035
5071	3035
8164	3035
9883	3035
15773	3035
15774	3035
11764	3035
15775	3035
3776	3035
16367	3035
5072	3035
9884	3035
9874	3035
4116	3035
10412	3035
5077	3035
6707	3035
8165	3035
5073	3035
6710	3035
8684	3036
2906	3036
4110	3036
4112	3036
4117	3036
4120	3036
4118	3036
4113	3036
7210	3036
8685	3036
5357	3036
2759	3037
2173	3037
11770	3037
9888	3037
6722	3037
11771	3037
17776	3037
5080	3037
13664	3037
19383	3037
19384	3037
9889	3037
5081	3037
6723	3037
5082	3037
2173	3038
11772	3038
5080	3038
3785	3038
9890	3038
6724	3038
1325	3039
2174	3039
2262	3039
491	3039
11773	3039
6141	3039
4829	3039
2610	3040
792	3040
2236	3040
1686	3040
2174	3040
3786	3040
5543	3040
14177	3040
9892	3040
11775	3040
5496	3040
5887	3040
6725	3040
4824	3040
4918	3040
11776	3040
490	3041
491	3041
1325	3041
491	3042
898	3043
1188	3043
491	3043
8174	3043
2647	3044
491	3044
941	3044
981	3045
294	3045
752	3045
2080	3045
1402	3045
2770	3045
941	3045
18243	3045
11790	3045
6500	3045
330	3046
752	3046
899	3046
501	3046
941	3046
15798	3046
3644	3046
17787	3046
5364	3046
5574	3046
12361	3046
13675	3046
6744	3046
4123	3046
6745	3046
4310	3046
9758	3046
135	3047
492	3047
2272	3047
1329	3047
239	3047
2270	3047
5580	3047
5586	3047
5588	3047
2214	3048
1328	3048
492	3048
971	3048
768	3048
12381	3048
12345	3048
16389	3048
14245	3048
5580	3048
14249	3048
12346	3048
12414	3048
14253	3048
16378	3048
10734	3048
2271	3049
1329	3049
984	3049
2214	3049
135	3049
750	3049
239	3049
1328	3049
492	3049
17424	3049
14265	3049
8698	3049
12355	3049
14249	3049
4160	3049
14275	3049
14278	3049
14253	3049
10422	3049
12418	3049
13680	3049
10734	3049
2555	3050
492	3050
305	3050
2247	3050
2272	3050
837	3050
4081	3050
7738	3050
10418	3050
13568	3050
4127	3050
4828	3050
6141	3050
6386	3050
4648	3050
2651	3051
1824	3051
2078	3051
492	3051
332	3051
1654	3051
1735	3051
4398	3051
5891	3051
16640	3051
5892	3051
14291	3051
5894	3051
2272	3052
422	3052
492	3052
1567	3052
2214	3053
1096	3053
492	3053
2271	3053
2270	3053
374	3053
135	3053
7226	3053
8709	3053
2270	3054
492	3054
1329	3054
133	3054
135	3054
5894	3054
2270	3055
2214	3055
374	3055
1096	3055
492	3055
135	3055
2271	3055
11011	3055
12959	3055
12537	3055
16640	3055
1787	3056
268	3056
268	3057
133	3057
369	3057
133	3058
268	3058
369	3058
1982	3059
2102	3059
1694	3059
268	3059
268	3060
1686	3060
1218	3061
602	3061
2247	3061
268	3061
14422	3061
8206	3061
8207	3061
8208	3061
6770	3061
371	3062
268	3062
1003	3062
1331	3062
14264	3062
16354	3062
14522	3062
8207	3062
16708	3062
14118	3062
10722	3062
342	3063
791	3063
2285	3063
268	3063
2094	3063
502	3064
268	3064
56	3064
8209	3064
13405	3064
4890	3064
13406	3064
9926	3064
6470	3064
2783	3065
268	3065
4045	3065
7554	3065
11391	3065
11622	3065
13304	3065
11392	3065
6296	3065
6368	3065
4106	3065
7555	3065
14582	3065
6774	3065
14583	3065
6775	3065
14071	3065
5128	3065
942	3066
1349	3066
11651	3066
1216	3067
494	3067
1274	3067
5523	3067
4767	3067
9545	3067
3249	3067
5455	3067
1274	3068
4146	3068
1275	3069
19903	3069
173	3070
1686	3070
133	3070
15434	3070
16354	3070
709	3071
133	3071
765	3071
49	3071
10508	3071
9330	3071
7384	3071
12129	3071
12462	3071
14341	3071
12465	3071
13544	3071
16226	3071
7463	3071
14349	3071
18294	3071
133	3072
2110	3072
3538	3072
2279	3072
3829	3072
4146	3072
5880	3072
12531	3072
5901	3072
5601	3072
13510	3072
16707	3072
5131	3072
7379	3072
4152	3072
9913	3072
5885	3072
6368	3072
5127	3072
12996	3072
13699	3072
8898	3072
13336	3072
4815	3072
8217	3072
4164	3072
9858	3072
16640	3072
15833	3072
5135	3072
4946	3072
5132	3072
133	3073
1654	3073
2279	3073
13582	3073
4146	3073
8999	3073
5880	3073
9945	3073
12950	3073
10418	3073
5601	3073
11836	3073
5881	3073
5882	3073
13718	3073
12698	3073
15672	3073
13719	3073
11583	3073
14522	3073
10438	3073
9946	3073
13585	3073
16250	3073
5615	3073
13531	3073
6783	3073
4399	3073
15674	3073
6748	3073
5621	3073
7944	3073
9005	3073
7471	3073
13590	3073
6426	3073
17552	3073
11823	3073
2293	3074
2074	3074
133	3074
1331	3074
2087	3074
2791	3074
2100	3074
2792	3074
17775	3074
8187	3074
2382	3075
2758	3075
133	3075
3834	3075
768	3075
629	3075
2294	3075
19381	3075
6771	3075
4159	3075
4162	3075
19405	3075
6789	3075
6790	3075
629	3076
133	3076
133	3077
636	3078
6	3078
133	3078
768	3078
169	3078
5598	3078
7220	3078
9954	3078
5769	3078
4149	3078
12394	3078
11842	3078
4154	3078
8222	3078
6682	3078
16373	3078
8187	3078
5619	3078
8729	3078
7224	3078
6499	3078
10422	3078
12373	3078
6792	3078
133	3079
143	3079
14	3080
281	3080
133	3080
18427	3080
12058	3080
14328	3080
12118	3080
13994	3080
12602	3080
1327	3081
1075	3081
1310	3081
133	3081
13678	3081
13703	3081
133	3082
2797	3082
1467	3082
767	3083
133	3083
745	3083
133	3084
767	3084
369	3084
17596	3084
18245	3084
18249	3084
8188	3084
5615	3084
5902	3084
8728	3084
4163	3084
8736	3084
13573	3084
1977	3085
1467	3085
128	3085
133	3085
17415	3085
12367	3085
4159	3085
5586	3085
13734	3085
1828	3086
133	3086
2799	3086
117	3086
12058	3086
9961	3086
17826	3086
6808	3086
9962	3086
15332	3086
133	3087
2295	3087
18244	3087
19381	3087
5628	3087
189	3088
369	3088
2776	3088
1350	3089
369	3089
12451	3089
1695	3090
369	3090
19905	3090
6635	3090
15851	3090
15852	3090
17831	3090
12400	3090
15853	3090
8096	3090
7958	3090
9965	3090
369	3091
369	3092
13740	3092
15685	3092
17817	3092
8598	3092
8226	3092
14916	3092
13687	3092
11823	3092
6792	3092
3374	3092
371	3093
369	3093
715	3094
0	3094
15857	3094
2129	3095
0	3095
5164	3095
0	3096
508	3097
370	3097
509	3098
508	3098
714	3098
637	3098
717	3098
370	3098
718	3098
3098	3098
648	3099
1645	3099
2301	3099
2816	3099
1240	3100
1140	3100
269	3100
1354	3100
1645	3100
2559	3100
3868	3100
5636	3100
8249	3100
11876	3100
8769	3100
9129	3100
11878	3100
4653	3100
17201	3100
19981	3100
19938	3100
623	3101
2822	3101
510	3102
623	3102
402	3102
4176	3102
623	3103
3103	3103
1603	3104
402	3104
623	3104
2819	3104
224	3105
2404	3105
2349	3105
623	3105
2834	3105
11882	3105
8264	3105
8265	3105
8266	3105
13771	3105
6842	3105
6843	3105
19439	3105
7255	3105
18474	3105
15886	3105
15887	3105
15888	3105
15889	3105
9994	3105
9995	3105
11891	3105
624	3106
15896	3106
1118	3107
3897	3107
360	3107
3107	3107
2836	3107
1119	3107
269	3107
5230	3107
6862	3107
870	3108
1354	3108
269	3108
7254	3108
4268	3108
1108	3109
269	3109
1354	3109
15902	3109
6864	3109
17871	3109
15261	3109
19458	3109
8288	3109
11913	3109
13792	3109
1354	3110
1765	3110
269	3110
2327	3110
10007	3110
4200	3110
8768	3110
4226	3110
11914	3110
4230	3110
6865	3110
8289	3110
4235	3110
13793	3110
11915	3110
17839	3110
7266	3110
8777	3110
4259	3110
8242	3110
8290	3110
10486	3110
6703	3110
870	3111
3183	3111
269	3111
5239	3111
5240	3111
14309	3111
2852	3112
2448	3112
1354	3112
3900	3112
269	3112
2853	3112
1354	3113
269	3113
269	3114
1354	3114
2854	3114
3114	3114
477	3115
1354	3115
269	3115
1118	3115
5242	3115
3906	3116
269	3116
2347	3116
2320	3116
2321	3116
1354	3116
3177	3116
11872	3116
19420	3116
1620	3117
1621	3117
269	3117
1364	3117
5635	3117
10019	3117
13754	3117
13756	3117
5185	3117
17877	3117
19461	3117
4172	3117
269	3118
980	3118
1770	3118
1354	3118
1764	3118
2340	3118
10460	3118
3156	3118
6314	3118
2858	3119
269	3119
10024	3119
7269	3119
1240	3120
269	3120
2337	3120
11879	3120
13802	3120
5646	3120
4193	3120
11310	3120
11933	3120
7243	3120
4210	3120
7244	3120
8303	3120
3903	3120
10014	3120
8314	3120
11934	3120
8304	3120
5679	3120
7257	3120
10025	3120
19918	3120
5252	3120
10026	3120
19920	3120
12435	3120
5698	3120
7275	3120
10482	3120
19989	3120
17880	3120
13800	3120
10017	3120
7292	3120
1118	3121
2953	3121
1484	3121
1354	3121
269	3121
269	3122
2814	3122
13805	3122
2859	3123
269	3123
1354	3123
477	3123
2332	3123
1354	3124
2342	3124
870	3124
2341	3124
269	3124
2322	3124
13748	3124
5644	3124
5168	3124
7231	3124
6817	3124
17836	3124
5649	3124
7235	3124
7238	3124
12426	3124
16402	3124
8759	3124
11866	3124
5658	3124
5662	3124
7818	3124
19419	3124
15920	3124
12431	3124
6876	3124
8280	3124
16407	3124
6820	3124
8304	3124
4230	3124
15859	3124
4232	3124
11941	3124
10477	3124
4241	3124
14303	3124
17839	3124
5691	3124
4245	3124
7268	3124
4249	3124
15921	3124
8326	3124
7274	3124
8872	3124
6827	3124
4264	3124
7284	3124
7285	3124
8243	3124
4268	3124
4757	3124
515	3125
1354	3125
3158	3125
2952	3125
3132	3125
269	3125
5266	3125
6270	3125
15226	3125
10249	3125
12166	3125
9989	3125
6821	3125
4227	3125
4751	3125
6823	3125
6839	3125
7278	3125
11297	3125
1354	3126
269	3126
1761	3127
2814	3127
1354	3127
515	3127
269	3127
10021	3127
10462	3127
15924	3127
10035	3127
8236	3127
12166	3127
14303	3127
11915	3127
18259	3127
7278	3127
19467	3127
10017	3127
49	3128
1761	3128
1354	3128
2321	3128
269	3128
6904	3128
6905	3128
9598	3128
3668	3128
8330	3128
6906	3128
870	3129
1354	3129
3129	3129
269	3129
5658	3129
5662	3129
6908	3129
8764	3129
8236	3129
13807	3129
7844	3129
4241	3129
5686	3129
8775	3129
5687	3129
9979	3129
5175	3129
515	3130
269	3130
2155	3131
1354	3131
1621	3131
269	3131
270	3132
269	3132
1354	3132
1774	3132
3125	3132
6821	3132
19577	3132
3158	3132
13220	3132
4260	3132
13814	3132
9463	3132
4757	3132
269	3133
2813	3133
2312	3133
1942	3133
1354	3133
1764	3133
1761	3133
4190	3133
10487	3133
1354	3134
269	3134
269	3135
1354	3135
2320	3135
269	3136
1354	3136
2850	3136
3177	3136
5642	3136
4197	3136
269	3137
1354	3137
13818	3137
11959	3137
10047	3137
15933	3137
8256	3137
11960	3137
13819	3137
11875	3137
8341	3137
6916	3137
13767	3137
6917	3137
15934	3137
11763	3137
10048	3137
5666	3137
11961	3137
13808	3137
15225	3137
6819	3137
15907	3137
15935	3137
5280	3137
11962	3137
6918	3137
8342	3137
9436	3137
5281	3137
6919	3137
13820	3137
6920	3137
17896	3137
13821	3137
14055	3137
10049	3137
6284	3137
7271	3137
17897	3137
15936	3137
19923	3137
11286	3137
8318	3137
8319	3137
15937	3137
8343	3137
4737	3137
19472	3137
6921	3137
10050	3137
15938	3137
17898	3137
6922	3137
10051	3137
870	3138
2869	3138
269	3138
1618	3138
15939	3138
6868	3138
10674	3138
6276	3138
6867	3138
17338	3138
1763	3139
1354	3139
1770	3139
477	3139
515	3139
3139	3139
269	3139
269	3140
1764	3140
1354	3140
2312	3140
1765	3141
2322	3141
1354	3141
269	3141
5670	3141
7252	3141
11915	3141
2156	3142
3926	3142
1626	3142
1621	3142
2322	3142
1354	3142
1118	3142
269	3142
5185	3142
2877	3143
2347	3143
1354	3143
269	3143
2312	3144
269	3144
2321	3144
11870	3144
3158	3145
269	3145
2814	3145
2337	3145
2342	3145
2340	3145
4188	3145
11290	3145
10021	3145
7233	3145
5652	3145
6656	3145
5661	3145
4207	3145
7243	3145
4210	3145
11967	3145
6860	3145
8304	3145
4751	3145
17903	3145
7266	3145
6935	3145
11968	3145
8350	3145
17840	3145
2953	3145
10017	3145
4757	3145
269	3146
1354	3146
2321	3146
1765	3146
6936	3146
7238	3146
5169	3146
16407	3146
4245	3146
4254	3146
4255	3146
6881	3146
8290	3146
1012	3147
269	3147
1257	3147
1258	3147
2158	3147
5297	3147
6937	3147
10475	3147
1770	3148
269	3148
17887	3148
10469	3148
515	3149
1354	3149
269	3149
1773	3150
935	3150
1354	3150
1627	3150
2883	3150
3150	3150
269	3150
1363	3150
8355	3150
360	3151
739	3151
269	3151
1354	3151
2338	3151
477	3151
6918	3151
5688	3151
3896	3151
2308	3152
1354	3152
269	3152
269	3153
1012	3153
515	3154
1354	3154
1765	3154
2322	3154
269	3154
8295	3154
2342	3155
2320	3155
269	3155
269	3156
1354	3156
1317	3156
2220	3156
2219	3156
3118	3156
7100	3156
7359	3156
9362	3156
4216	3156
9499	3156
8627	3156
7361	3156
5367	3156
5503	3156
5493	3156
5368	3156
7151	3156
269	3157
1364	3157
6259	3157
5637	3157
8357	3157
9128	3157
6274	3157
4221	3157
5307	3157
11878	3157
3160	3157
16415	3157
10488	3157
269	3158
1945	3158
3132	3158
6270	3158
13748	3158
15942	3158
3125	3158
19484	3158
10035	3158
17909	3158
3145	3158
19980	3158
8245	3158
4751	3158
6823	3158
13197	3158
17910	3158
870	3159
269	3159
2342	3159
2347	3159
1354	3159
2320	3159
2319	3159
2857	3159
3183	3159
3898	3159
4199	3159
11866	3159
4209	3159
4211	3159
7246	3159
3157	3160
269	3160
1118	3160
2338	3160
4221	3160
4240	3160
16415	3160
1363	3161
648	3161
1354	3161
618	3161
269	3161
3161	3161
6949	3161
11973	3161
8302	3161
11928	3161
269	3162
1354	3163
269	3163
7231	3163
10474	3163
4232	3163
5316	3163
6953	3163
11976	3163
1354	3164
2344	3164
269	3164
5642	3164
12426	3164
8761	3164
4211	3164
6820	3164
5691	3164
4245	3164
4268	3164
1240	3165
2337	3165
269	3165
1312	3165
2342	3165
1761	3165
2312	3165
2618	3165
2308	3165
5652	3165
4198	3165
5658	3165
17911	3165
8627	3165
5684	3165
11482	3165
5694	3165
10483	3165
8872	3165
4271	3165
2322	3166
1354	3166
870	3166
269	3166
2321	3166
2888	3166
7235	3166
10465	3166
5658	3166
16407	3166
10477	3166
13842	3166
5692	3166
7268	3166
2321	3167
3910	3167
269	3167
1770	3168
2319	3168
1354	3168
269	3168
2322	3169
2342	3169
515	3169
1354	3169
3169	3169
269	3169
5643	3169
8757	3169
17875	3169
7818	3169
6876	3169
6274	3169
8770	3169
13807	3169
11880	3169
12683	3169
17837	3169
17839	3169
4245	3169
11312	3169
15921	3169
7278	3169
7284	3169
7289	3169
261	3170
269	3170
1252	3170
1354	3170
3170	3170
3984	3170
11870	3170
1012	3171
1354	3171
269	3171
3171	3171
6947	3171
1354	3172
488	3172
619	3172
269	3172
1354	3173
269	3173
1761	3174
269	3174
1354	3175
1759	3175
269	3175
477	3175
11980	3175
4225	3175
2320	3176
269	3176
269	3177
1354	3177
2850	3177
3116	3177
3136	3177
2340	3178
1354	3178
269	3178
269	3179
1761	3179
1012	3180
1646	3180
1354	3180
269	3180
16401	3180
15931	3180
4209	3180
10471	3180
8627	3180
4226	3180
5249	3180
8296	3180
10057	3180
5250	3180
269	3181
2196	3181
1848	3181
2448	3181
7077	3181
11943	3181
6275	3181
11150	3181
269	3182
1012	3182
1766	3182
870	3183
269	3183
2319	3183
1354	3183
2320	3183
2850	3183
2857	3183
3898	3183
2342	3183
5642	3183
8321	3183
3111	3183
17881	3183
12426	3183
4211	3183
6915	3183
8315	3183
9473	3183
5239	3183
5671	3183
5679	3183
4237	3183
3159	3183
8320	3183
18617	3183
12436	3183
5240	3183
14309	3183
14310	3183
1354	3184
1012	3184
1759	3184
3184	3184
269	3184
6894	3184
269	3185
8756	3185
4197	3185
5681	3185
4243	3185
6952	3185
10055	3185
8351	3185
19421	3185
1761	3186
2887	3186
269	3186
269	3187
1354	3187
3187	3187
5256	3187
269	3188
1354	3188
270	3189
12682	3189
643	3190
196	3190
270	3190
1118	3190
270	3191
196	3191
3192	3192
270	3192
10489	3192
11977	3192
270	3193
516	3194
2350	3194
197	3194
732	3194
270	3194
196	3194
10494	3194
270	3195
8233	3195
270	3196
2309	3196
406	3196
2312	3196
1118	3196
1364	3196
13200	3196
6830	3196
270	3197
270	3198
516	3199
475	3199
270	3199
270	3200
648	3200
2158	3200
2349	3200
8264	3200
6888	3200
7240	3200
7298	3201
3972	3201
1074	3202
618	3202
1365	3202
3202	3202
3972	3202
1089	3203
4283	3203
5360	3203
4282	3203
5714	3203
10497	3204
16420	3204
5360	3204
5714	3204
4284	3204
8797	3204
4283	3205
8794	3205
5360	3205
13908	3205
4282	3205
8797	3205
16011	3205
16428	3206
10497	3206
7301	3206
17968	3206
5719	3207
13909	3207
16432	3208
17969	3208
14327	3208
19501	3208
19502	3208
18287	3208
14323	3208
524	3209
971	3209
49	3209
749	3209
1695	3209
9069	3209
9046	3209
10512	3209
8804	3209
4288	3209
4623	3209
5414	3209
14340	3209
4292	3209
5548	3209
49	3210
2359	3210
2363	3210
2375	3210
4980	3210
4340	3210
2566	3211
49	3211
332	3211
2414	3211
17249	3211
5723	3211
5725	3211
12454	3211
9610	3211
5381	3211
19555	3211
4291	3211
5734	3211
8000	3211
6192	3211
13136	3211
5385	3211
11006	3211
14941	3211
9387	3211
15334	3211
49	3212
10513	3212
1023	3213
765	3213
49	3213
2362	3213
10128	3213
12459	3213
2362	3214
49	3214
1316	3215
1900	3215
2625	3215
179	3215
3215	3215
7083	3215
628	3216
980	3216
948	3216
1376	3216
1299	3216
1927	3216
4785	3216
948	3217
15522	3217
9256	3217
10787	3217
5748	3217
1376	3218
948	3218
19071	3218
11419	3218
7406	3218
8846	3218
6515	3218
948	3219
1306	3219
1170	3219
19051	3219
9736	3219
17652	3219
1894	3220
2604	3220
1995	3220
1798	3220
2374	3220
2432	3220
1813	3220
2430	3220
1084	3220
1039	3220
2178	3220
2911	3220
1856	3220
1889	3220
3220	3220
6044	3220
6175	3220
6432	3220
14585	3220
5907	3220
18398	3220
5876	3220
14633	3220
2178	3221
2374	3222
2376	3222
2178	3222
8847	3222
14626	3222
18654	3222
10548	3222
14372	3222
8050	3222
7335	3222
16656	3222
7662	3222
5853	3222
12481	3222
7324	3222
4298	3222
14373	3222
4629	3222
16458	3222
8851	3222
4299	3222
8852	3222
14374	3222
14119	3222
12485	3222
16471	3222
5746	3222
12486	3222
5755	3222
11033	3222
12636	3222
5904	3222
2178	3223
744	3223
14370	3224
13932	3224
10410	3224
7402	3224
17970	3224
15764	3224
12575	3224
16364	3224
12482	3224
5808	3224
13321	3224
10135	3224
7970	3224
17769	3224
8873	3224
19504	3224
7138	3224
8863	3224
6341	3224
1398	3225
2371	3225
72	3225
5140	3225
4309	3225
12582	3225
5364	3225
6744	3225
5366	3226
4312	3226
4311	3226
4313	3227
7184	3227
12479	3227
14416	3227
5742	3227
16522	3227
18782	3227
8875	3227
14418	3227
10618	3227
8834	3227
8990	3227
3974	3227
14399	3227
14720	3227
10557	3227
14153	3227
12520	3227
15066	3227
16217	3227
8430	3227
18745	3227
16473	3227
19589	3227
16808	3227
12525	3227
17125	3227
10589	3227
16511	3227
17347	3227
18351	3227
12507	3227
7327	3227
19590	3227
10831	3227
8624	3227
16484	3227
18386	3227
16041	3227
7003	3227
14502	3227
1068	3228
1410	3228
11236	3228
18084	3228
15175	3228
14626	3228
7335	3228
11407	3228
13043	3228
7662	3228
7116	3228
5408	3228
9018	3228
19767	3228
6043	3228
8843	3228
7125	3228
11003	3228
17193	3228
7338	3228
4629	3228
7720	3228
8854	3228
16481	3228
16020	3228
4299	3228
13352	3228
3531	3228
6120	3228
7792	3228
4569	3228
7718	3228
12485	3228
8921	3228
19752	3228
8867	3228
12486	3228
11408	3228
13353	3228
18658	3228
1798	3229
2406	3229
2430	3229
1907	3229
2433	3229
7719	3229
4384	3229
2931	3229
14590	3229
12734	3229
9120	3229
9236	3229
7969	3229
7720	3229
7721	3229
6120	3229
10137	3229
7718	3229
8877	3229
7722	3229
6121	3229
371	3230
1686	3230
1797	3231
3235	3231
371	3231
1024	3231
1686	3231
14423	3231
5775	3231
5784	3231
11258	3231
154	3232
371	3232
1025	3232
497	3232
16838	3232
9372	3232
5770	3232
11246	3232
17241	3232
4332	3232
19251	3232
2074	3233
3740	3233
453	3233
1467	3233
371	3233
2793	3233
3825	3233
6802	3233
6380	3233
7190	3233
8697	3233
14265	3233
4154	3233
5079	3233
5613	3233
12410	3233
15835	3233
8728	3233
12415	3233
5793	3233
4825	3233
9909	3233
13330	3233
16400	3233
19574	3233
371	3234
371	3235
1024	3235
1797	3235
3231	3235
1686	3235
17309	3235
4056	3235
5784	3235
4146	3236
371	3236
1654	3236
4400	3236
10453	3236
4938	3236
4392	3236
135	3237
371	3237
2554	3237
1456	3237
11670	3237
18239	3237
18955	3237
13575	3237
9724	3237
12733	3237
18767	3237
18768	3237
12102	3237
10456	3237
14937	3237
6055	3237
18217	3237
13597	3237
7743	3237
8091	3237
4648	3237
13576	3237
15035	3237
14942	3237
371	3238
3239	3239
1502	3239
1672	3239
371	3239
371	3240
2056	3241
1004	3241
1321	3241
371	3241
237	3241
2732	3241
2733	3241
911	3241
8801	3241
13583	3241
5768	3241
11656	3241
13586	3241
15674	3241
13588	3241
5888	3241
9547	3241
760	3242
371	3242
143	3242
6770	3242
9928	3242
8226	3242
16516	3242
371	3243
882	3243
2793	3244
2074	3244
574	3244
792	3244
1654	3244
371	3244
1005	3244
1654	3245
371	3245
4318	3245
1321	3246
371	3246
999	3246
2732	3246
13582	3246
5768	3246
4086	3246
13584	3246
7154	3246
9800	3246
8094	3246
10573	3246
15354	3246
9767	3246
18891	3246
15357	3246
15674	3246
9802	3246
13587	3246
4401	3246
4978	3246
19868	3246
19323	3246
377	3247
1511	3247
13923	3247
10344	3247
6477	3247
14695	3247
11652	3247
16542	3247
7146	3247
409	3248
1443	3248
2473	3248
5770	3248
12049	3248
14519	3248
7205	3248
13259	3248
9862	3248
8565	3248
12209	3248
17359	3248
12253	3248
19046	3248
10147	3248
12088	3248
745	3249
494	3249
3067	3249
1654	3249
2279	3249
13702	3249
5601	3249
5487	3249
4767	3249
8602	3249
4398	3249
11822	3249
9005	3249
6177	3249
13687	3249
16028	3249
11823	3249
5455	3249
2459	3250
814	3250
3354	3250
11102	3250
18675	3250
14871	3250
7486	3250
18873	3250
10151	3250
10886	3250
16950	3250
5967	3250
10887	3250
7419	3250
10888	3250
16886	3250
10890	3250
18874	3250
12618	3250
4467	3250
12898	3250
16922	3250
5973	3250
12897	3250
18661	3250
7036	3250
14819	3250
12134	3250
7569	3250
14815	3250
9113	3250
18707	3250
5974	3250
12861	3250
8545	3250
13055	3250
17063	3250
19695	3250
9114	3250
9115	3250
10894	3250
6180	3250
12849	3250
1034	3251
18500	3251
16035	3251
1807	3252
16038	3252
4428	3252
10638	3252
18445	3252
16477	3253
16039	3253
19596	3253
7138	3253
6341	3253
1108	3254
11361	3254
10394	3254
7008	3254
950	3255
1837	3255
1812	3256
12988	3256
5767	3256
13413	3256
18230	3256
17531	3256
4667	3256
7011	3256
1997	3257
1034	3257
1177	3257
1280	3257
1035	3257
5377	3257
14439	3257
16585	3257
8935	3257
16584	3257
14462	3257
12061	3257
12604	3257
10639	3257
18399	3257
560	3258
294	3258
10162	3258
4351	3258
13158	3258
19723	3258
7012	3259
2459	3260
1853	3260
1036	3260
951	3260
205	3260
1421	3260
2419	3260
8467	3260
5970	3260
1036	3261
951	3261
7034	3261
18644	3261
5402	3261
12619	3261
9111	3261
6576	3261
202	3262
816	3262
7565	3262
5813	3262
7560	3262
8440	3262
9102	3262
12618	3262
18414	3262
5402	3262
4351	3262
5968	3262
14494	3262
12843	3262
7559	3262
7730	3262
4348	3262
18012	3262
10186	3262
14495	3262
9104	3262
16899	3262
7491	3263
5920	3263
7507	3263
12626	3263
5817	3263
19719	3263
10163	3263
6082	3263
12770	3263
9311	3263
15906	3263
16165	3263
6118	3263
134	3264
18469	3264
4426	3264
134	3265
134	3266
522	3266
1037	3266
1017	3266
2941	3266
559	3266
5818	3266
13154	3266
7069	3266
8968	3266
9102	3266
7786	3266
13157	3266
14818	3266
7421	3266
5429	3266
3325	3266
7422	3266
11213	3266
134	3267
579	3267
11207	3267
10655	3267
953	3268
2943	3268
1652	3268
7339	3268
10184	3268
8991	3269
17537	3269
7418	3269
5380	3269
3520	3270
3301	3270
1338	3270
7428	3270
15624	3270
5737	3270
4679	3270
9569	3270
6389	3270
6400	3270
9570	3270
17354	3270
5381	3270
10717	3270
12699	3270
5469	3270
13144	3270
17457	3270
10446	3270
13637	3270
4849	3270
6778	3270
4293	3270
18254	3270
16823	3270
19546	3270
7318	3270
2216	3271
5737	3271
6642	3271
4679	3271
12784	3271
16066	3271
14522	3271
8824	3271
10552	3271
7476	3271
9806	3271
9570	3271
19891	3271
14332	3271
11420	3271
6605	3271
4919	3271
14231	3271
7314	3271
18520	3271
13355	3271
5731	3271
7929	3271
17457	3271
4046	3271
5464	3271
14523	3271
16445	3271
18960	3271
12466	3271
9230	3271
10329	3271
4293	3271
13960	3271
7013	3271
10659	3271
9633	3271
12703	3271
1501	3272
2094	3272
5125	3272
12068	3272
5382	3273
2872	3274
12648	3274
12649	3274
10489	3274
8443	3274
5382	3274
11977	3274
5858	3274
4568	3274
5859	3274
18474	3274
5840	3274
5841	3274
12667	3274
5854	3274
8977	3274
10680	3274
8962	3274
7297	3274
4365	3274
8980	3274
11285	3274
12440	3274
5849	3274
12659	3274
5850	3274
7448	3275
5382	3275
10167	3275
7019	3275
5382	3276
2404	3277
10669	3277
7436	3277
7437	3277
4274	3277
10688	3277
16649	3277
11977	3277
18473	3277
16874	3277
8346	3277
14755	3277
7440	3277
3980	3277
4375	3277
5841	3277
18475	3277
5842	3277
5854	3277
8975	3277
12653	3277
16652	3277
10673	3277
7445	3277
10675	3277
10677	3277
10680	3277
6951	3277
5710	3277
4365	3277
5313	3277
14540	3277
11975	3277
8329	3277
19660	3277
5849	3277
12659	3277
5850	3277
18461	3278
10662	3278
3980	3278
5843	3278
8977	3278
954	3279
5926	3279
954	3280
800	3281
954	3281
9081	3281
4353	3281
2872	3282
2405	3282
2404	3282
2407	3282
3283	3282
8442	3282
11150	3282
8977	3282
9775	3282
4365	3282
8286	3282
4654	3282
3296	3283
2404	3283
2872	3283
3282	3283
3946	3283
5855	3283
8961	3283
8442	3283
5854	3283
8977	3283
10678	3283
8286	3283
14311	3284
13742	3284
10492	3284
7017	3284
17200	3284
5698	3284
19427	3284
10660	3285
16148	3285
10167	3285
10662	3285
7438	3285
5841	3285
10673	3285
8976	3285
10678	3285
7019	3285
10679	3285
14555	3285
10686	3285
7019	3286
1776	3287
1400	3287
1360	3287
2408	3287
2873	3287
2872	3287
10032	3287
10167	3287
15922	3287
5838	3287
7019	3287
10033	3287
10166	3288
11157	3288
5857	3288
9592	3288
8988	3288
9137	3288
12765	3288
5404	3288
1661	3289
10166	3289
8516	3289
14750	3289
2405	3290
2325	3290
3946	3290
5169	3290
8443	3290
12643	3290
10662	3290
8346	3290
5858	3290
5859	3290
4375	3290
7454	3290
10168	3291
2136	3292
12073	3292
12075	3292
4369	3292
1082	3293
1399	3293
1034	3293
2182	3293
1798	3293
8983	3293
12746	3293
12074	3293
8444	3293
3294	3294
13957	3294
2436	3295
4565	3295
5758	3295
19777	3295
9295	3295
13957	3295
18798	3295
10029	3295
2404	3296
2873	3296
7437	3296
18461	3296
11917	3296
19919	3296
12649	3296
3283	3296
5169	3296
7659	3296
16874	3296
10661	3296
7438	3296
8961	3296
5858	3296
7441	3296
4568	3296
17849	3296
5859	3296
5839	3296
18474	3296
17873	3296
8975	3296
16651	3296
16652	3296
7443	3296
8976	3296
7445	3296
9210	3296
13796	3296
8978	3296
10679	3296
8979	3296
5846	3296
10686	3296
6951	3296
13838	3296
4365	3296
10663	3296
8980	3296
16653	3296
11975	3296
12078	3296
12657	3296
5849	3296
12659	3296
5271	3296
809	3297
2183	3297
3982	3297
12628	3298
3982	3298
2520	3299
2182	3299
3347	3299
2454	3299
8983	3299
14541	3299
7451	3299
14818	3299
4370	3299
12933	3299
14572	3299
2409	3300
2455	3300
1999	3300
2182	3300
522	3300
1017	3300
10177	3300
5917	3300
10876	3300
8466	3300
4370	3300
7556	3300
10184	3300
1445	3301
703	3301
276	3301
77	3301
1374	3301
1174	3301
463	3301
691	3301
1217	3301
769	3301
756	3301
656	3301
606	3301
332	3301
1654	3301
3270	3301
6783	3301
11782	3301
10446	3301
6076	3301
3829	3302
1654	3302
2279	3302
4400	3302
9939	3302
8998	3302
9935	3302
8719	3302
5883	3302
4394	3302
8896	3302
8729	3302
9004	3302
9941	3302
9938	3302
5895	3302
1445	3303
1654	3303
1928	3303
3829	3303
10453	3303
14595	3303
14596	3303
12698	3303
9000	3303
16389	3303
14597	3303
14582	3303
11058	3303
15312	3303
15440	3303
16640	3303
12700	3303
1386	3304
2295	3304
173	3304
2294	3304
1654	3304
19381	3304
11842	3304
13729	3304
19414	3304
4162	3304
5628	3304
184	3305
159	3305
1654	3305
656	3306
1217	3306
1788	3306
1654	3306
5933	3306
5892	3306
295	3307
294	3307
372	3307
957	3307
1402	3307
9108	3307
373	3308
373	3309
373	3310
2061	3310
2916	3311
16941	3311
7586	3311
3622	3311
4850	3311
135	3312
374	3312
409	3312
955	3312
1829	3312
820	3312
2214	3312
14241	3312
2424	3313
728	3313
1399	3313
8936	3313
12716	3313
16725	3313
10738	3313
4418	3313
5386	3313
10739	3313
9015	3313
16729	3313
12716	3314
14622	3314
9013	3314
4417	3314
5386	3314
5911	3314
9015	3314
16729	3314
16997	3314
2428	3315
1282	3315
1414	3315
9033	3315
9013	3315
7447	3315
16727	3315
4416	3315
5387	3315
1656	3316
1034	3317
8912	3317
12133	3317
10296	3317
9345	3317
8449	3317
13093	3317
4671	3317
18539	3317
9414	3317
17004	3317
17205	3317
14485	3317
11671	3318
10176	3318
6387	3318
2376	3319
18084	3319
7335	3319
9107	3319
4571	3319
11407	3319
5408	3319
7451	3319
9018	3319
12734	3319
19767	3319
6043	3319
18517	3319
13351	3319
11003	3319
11065	3319
4629	3319
7720	3319
19518	3319
8478	3319
13088	3319
13352	3319
7792	3319
4569	3319
7718	3319
12485	3319
8921	3319
19752	3319
12486	3319
12943	3319
7719	3320
18084	3320
11407	3320
9018	3320
12734	3320
19767	3320
6043	3320
4629	3320
7720	3320
19518	3320
6120	3320
10373	3320
7718	3320
8921	3320
1076	3321
961	3321
1836	3321
1463	3321
5410	3321
6165	3321
7457	3321
10599	3321
14964	3321
8455	3321
7751	3321
4424	3321
12719	3321
7672	3321
17192	3321
14975	3321
2189	3322
2424	3322
522	3322
1082	3322
10958	3322
3984	3322
12745	3322
2399	3323
1853	3323
956	3323
1070	3323
817	3323
7485	3323
7486	3323
9118	3323
10887	3323
12741	3323
4469	3323
12860	3323
12861	3323
956	3324
1413	3324
4426	3324
12743	3324
559	3325
3266	3325
2941	3325
8456	3325
11214	3325
1922	3326
1714	3326
1544	3326
1323	3326
7184	3326
4785	3326
7025	3326
18320	3326
1323	3327
2183	3327
975	3327
1694	3328
1736	3328
2026	3328
1790	3328
2097	3328
17396	3328
14074	3328
7199	3328
15352	3328
14075	3328
10201	3328
10202	3328
9590	3328
14089	3328
10539	3328
17472	3328
4871	3328
4071	3328
13385	3328
7026	3328
6331	3328
8090	3328
18130	3328
15340	3328
6621	3328
4880	3328
17064	3328
9539	3328
13386	3328
10309	3328
4052	3328
12201	3328
18148	3328
51	3329
1966	3329
13442	3329
11438	3329
10297	3329
7875	3329
11331	3329
13368	3329
19099	3329
15393	3329
2630	3330
51	3330
51	3331
532	3331
969	3331
2209	3331
1977	3331
2206	3331
1843	3331
1839	3331
4784	3331
5484	3331
1843	3332
51	3332
1977	3332
2441	3332
51	3333
2917	3334
975	3334
5942	3334
969	3335
1292	3335
9	3335
2917	3335
152	3335
8677	3335
16528	3335
12591	3335
14717	3335
14179	3335
5729	3335
19157	3335
12088	3336
5399	3337
7451	3337
5954	3337
7556	3337
10858	3337
2284	3338
1321	3338
6622	3338
6375	3338
4888	3338
14351	3338
3988	3338
8027	3338
19582	3338
14367	3338
5135	3338
17430	3338
416	3339
682	3339
971	3339
5478	3339
14592	3339
3988	3339
5141	3339
18625	3339
4975	3339
416	3340
5478	3340
5957	3340
4335	3340
5921	3340
15721	3340
9768	3340
3988	3340
19291	3340
5141	3340
9803	3340
13970	3341
3342	3342
6897	3342
2446	3342
13971	3342
4452	3343
16098	3343
14910	3343
4367	3343
10684	3343
17015	3343
10867	3344
18011	3344
9094	3344
8161	3344
535	3345
1852	3345
7565	3345
7034	3345
7767	3345
18598	3345
4348	3345
15	3346
535	3346
797	3346
1852	3346
2457	3346
18417	3346
7415	3346
18419	3346
15043	3346
7575	3346
16615	3346
6740	3346
7416	3346
7559	3346
18648	3346
18012	3346
10186	3346
18553	3346
14792	3346
817	3347
1036	3347
2520	3347
7567	3347
7415	3347
7486	3347
14492	3347
18848	3347
7561	3347
6200	3347
9101	3347
10878	3347
5402	3347
5973	3347
15098	3347
7416	3347
4351	3347
16925	3347
3299	3347
4470	3347
4348	3347
16901	3347
7563	3347
16915	3347
14495	3347
6204	3347
1853	3348
2453	3348
7565	3348
7560	3348
16892	3348
18651	3348
16895	3348
10889	3348
9108	3348
18368	3348
8943	3348
14802	3348
7562	3348
16897	3348
4461	3348
14795	3348
5403	3348
9109	3348
7563	3348
18665	3348
7564	3348
1420	3349
1826	3349
5972	3349
5403	3349
1852	3350
1283	3350
2184	3350
4462	3350
5972	3350
7571	3350
8469	3350
9108	3350
14803	3350
7568	3350
7569	3350
5403	3350
9109	3350
16913	3350
801	3351
1434	3351
294	3351
2576	3351
1043	3351
1067	3351
1283	3351
8941	3351
4633	3351
1068	3352
1018	3352
1283	3352
5763	3352
12777	3352
10878	3352
4296	3352
4470	3352
6576	3352
14801	3352
7564	3352
810	3353
1853	3353
3354	3353
182	3353
2399	3353
10903	3353
11102	3353
4468	3353
14816	3353
7486	3353
16100	3353
18873	3353
16904	3353
6218	3353
16950	3353
10887	3353
18874	3353
9307	3353
12898	3353
5973	3353
7573	3353
12857	3353
8545	3353
13055	3353
19695	3353
9032	3353
817	3354
810	3354
1853	3354
7565	3354
10883	3354
11102	3354
8941	3354
14816	3354
7486	3354
16100	3354
14785	3354
14800	3354
4680	3354
5967	3354
7419	3354
10888	3354
9307	3354
12618	3354
3532	3354
4467	3354
5973	3354
14813	3354
18661	3354
3250	3354
7568	3354
7569	3354
10885	3354
9113	3354
12862	3354
5974	3354
3353	3354
8545	3354
12692	3354
9114	3354
6180	3354
1071	3355
2462	3355
180	3355
10906	3355
5975	3355
5976	3355
17201	3355
5978	3355
298	3356
357	3356
676	3356
778	3356
733	3356
739	3356
1246	3356
1364	3356
9982	3356
18256	3356
18257	3356
8314	3356
19910	3356
9424	3356
6944	3356
5166	3356
8336	3356
11314	3356
8260	3356
1243	3357
1753	3357
207	3357
733	3357
3360	3357
664	3358
432	3358
733	3358
298	3358
357	3358
4719	3358
1008	3359
510	3359
733	3359
3360	3360
664	3360
207	3360
2588	3360
19	3360
1423	3360
4475	3360
11875	3360
9983	3360
7228	3360
15868	3360
4719	3360
12092	3360
4717	3360
16937	3360
9123	3360
13758	3360
7576	3360
17866	3360
3357	3360
8262	3360
19908	3360
17298	3360
9987	3360
16105	3360
17847	3360
2340	3361
5247	3361
10188	3361
6885	3361
14833	3361
7579	3361
3362	3361
3361	3362
2157	3362
10022	3362
10907	3362
10188	3362
6885	3362
19991	3362
286	3363
614	3363
15865	3363
9232	3363
11893	3363
10188	3363
16933	3363
10911	3364
9129	3364
7037	3364
4482	3364
16933	3364
2842	3365
3365	3365
9127	3365
4179	3365
9129	3365
10912	3365
7037	3365
4482	3365
16933	3365
4484	3366
14838	3366
10190	3366
734	3367
456	3367
549	3367
425	3367
1864	3368
139	3368
1207	3368
2524	3368
135	3368
1685	3368
3515	3368
878	3368
136	3368
734	3368
231	3368
137	3368
1864	3369
734	3369
139	3370
423	3370
1293	3370
2567	3370
1096	3370
831	3370
1844	3370
1671	3370
734	3370
12529	3370
17789	3370
5986	3370
12204	3370
6376	3370
4486	3370
7742	3370
3371	3370
5987	3370
139	3371
1864	3371
1206	3371
2567	3371
1096	3371
831	3371
734	3371
3370	3371
7590	3371
9907	3371
5585	3371
734	3372
2241	3372
7588	3372
17823	3372
1685	3373
734	3373
9134	3373
6376	3373
5989	3373
734	3374
3092	3374
1864	3374
12871	3374
5535	3374
7590	3374
14843	3374
18348	3374
13459	3374
8521	3375
16944	3375
9035	3375
9408	3375
12137	3375
3991	3375
4013	3375
14846	3375
10919	3375
14686	3375
9136	3375
14848	3375
16948	3375
735	3376
2186	3376
1875	3376
1798	3376
961	3376
1076	3376
5409	3376
13082	3376
10599	3376
5967	3376
12847	3376
10921	3376
15098	3376
4582	3376
7751	3376
10922	3376
9110	3376
5912	3376
18737	3376
7057	3376
12636	3376
11034	3376
2186	3377
2923	3378
2924	3379
6536	3379
8004	3379
11524	3379
8010	3379
11526	3379
4932	3379
1477	3380
2231	3380
2924	3380
499	3380
1977	3381
1475	3381
969	3381
1843	3381
152	3381
1839	3381
4784	3381
8472	3381
271	3382
2476	3382
6361	3382
3995	3382
8951	3382
9159	3382
827	3383
2087	3383
820	3383
2791	3383
494	3383
15049	3383
9494	3383
409	3384
418	3384
494	3384
76	3384
1002	3384
11836	3384
4660	3384
54	3385
494	3385
603	3386
494	3386
8208	3386
2925	3387
1	3388
1853	3388
2459	3388
205	3388
16917	3388
14810	3388
16904	3388
18650	3388
4466	3388
16950	3388
10890	3388
14493	3388
4349	3388
13156	3388
19727	3388
10891	3388
10899	3388
2517	3389
1284	3389
1879	3389
1284	3390
1284	3391
1880	3391
1881	3391
1880	3392
1284	3392
1284	3393
1284	3394
2494	3394
1880	3394
4518	3394
6032	3394
3396	3395
1284	3395
2485	3395
2496	3395
1881	3395
6020	3395
1284	3396
1887	3396
2485	3396
2487	3396
1881	3396
2496	3396
3395	3396
4519	3396
12924	3396
1881	3397
1284	3397
2498	3398
1284	3398
1284	3399
1284	3400
1881	3400
3414	3400
3407	3400
1437	3400
14881	3400
14886	3400
12918	3400
1284	3401
1435	3401
1881	3401
2484	3401
1089	3401
6022	3401
4535	3401
1284	3402
2498	3402
1887	3402
2480	3402
4511	3402
7626	3402
4542	3402
1284	3403
1284	3404
2495	3404
9765	3404
1284	3405
3405	3405
4539	3405
1284	3406
4519	3406
4533	3406
2509	3407
1284	3407
1881	3407
7617	3407
3400	3407
6020	3407
18722	3407
4554	3407
4564	3407
1284	3408
4528	3408
1284	3409
4521	3409
4538	3409
1284	3410
6016	3410
6030	3410
1284	3411
1883	3412
2517	3412
2499	3412
1284	3412
2500	3412
2484	3412
3417	3412
1284	3413
2487	3414
1284	3414
1887	3414
2489	3414
1435	3414
1437	3414
1881	3414
12905	3414
14881	3414
3400	3414
6015	3414
14886	3414
12918	3414
4538	3414
6032	3414
4554	3414
2498	3415
1284	3415
4539	3415
4542	3415
1284	3416
10967	3416
3412	3417
2500	3417
2517	3417
2499	3417
3423	3417
2484	3417
1883	3417
1284	3417
1284	3418
2494	3418
4523	3418
1284	3419
2485	3420
1284	3420
4528	3420
4539	3420
7645	3420
2499	3421
2484	3421
1284	3421
4533	3421
4536	3421
4539	3421
1284	3422
1881	3422
6013	3422
2500	3423
2499	3423
1883	3423
1284	3423
3417	3423
1881	3423
2517	3423
12921	3423
2504	3424
2498	3424
1284	3424
1284	3425
1284	3426
1284	3427
6015	3427
2496	3428
1284	3428
4548	3428
1284	3429
1881	3429
2512	3429
1284	3430
3430	3430
278	3430
1284	3431
1436	3431
1883	3431
1877	3431
2480	3431
4526	3431
13983	3432
16674	3432
9096	3432
1285	3433
2111	3433
446	3433
6622	3433
7384	3433
5535	3433
17414	3433
152	3434
1285	3434
843	3434
8945	3434
4888	3434
5725	3434
4291	3434
1285	3435
1170	3436
838	3436
19273	3436
10770	3436
18571	3436
15679	3436
13454	3436
19229	3436
11587	3436
15484	3436
18580	3436
11684	3436
17048	3436
12103	3436
17380	3436
19608	3436
10767	3436
19221	3436
6599	3436
14953	3436
10768	3436
11832	3436
18567	3436
13541	3436
2673	3437
971	3437
11162	3437
9490	3437
19162	3437
12245	3437
16514	3437
11094	3437
18852	3437
13737	3437
6123	3437
17140	3437
19164	3437
13046	3437
19957	3437
11448	3437
11337	3437
18036	3437
8072	3437
10610	3438
18037	3438
7406	3438
10831	3438
748	3439
1110	3439
1899	3439
2705	3439
1314	3439
14460	3439
6394	3439
18808	3439
17661	3439
7489	3439
12582	3439
9031	3439
9311	3439
14806	3439
13004	3439
8482	3439
8956	3439
8491	3439
4591	3439
5021	3439
198	3440
12109	3440
9242	3440
2406	3441
1875	3441
1851	3441
14634	3441
9117	3441
9122	3441
8485	3441
15197	3441
409	3442
736	3442
593	3442
14594	3442
6802	3442
4147	3442
8503	3442
14033	3442
15331	3442
8487	3442
1084	3443
2453	3443
9052	3443
7407	3443
16132	3443
271	3444
13445	3444
7379	3444
11841	3444
1868	3445
1871	3445
271	3445
2699	3445
2216	3445
19830	3445
1292	3446
1321	3446
271	3446
829	3446
14467	3446
10366	3446
10392	3446
271	3447
136	3447
15513	3447
271	3448
275	3448
1428	3448
1482	3448
975	3448
1087	3448
3730	3448
1971	3448
2990	3448
959	3448
2629	3448
5939	3448
5547	3448
4307	3448
7688	3448
6071	3448
5550	3448
4104	3448
7687	3448
14986	3448
959	3449
271	3449
8636	3449
271	3450
2699	3450
381	3450
829	3450
271	3451
381	3451
820	3451
1377	3451
2699	3451
12	3452
959	3452
2020	3452
4412	3452
959	3453
1307	3453
6071	3453
98	3454
959	3454
13008	3455
8704	3455
13685	3455
8493	3455
3022	3456
8494	3456
7868	3456
4042	3456
16447	3456
7910	3456
9546	3456
2571	3457
6189	3457
4667	3457
13999	3457
541	3458
1089	3458
1903	3458
4604	3458
4000	3458
523	3459
1089	3459
2536	3459
6087	3459
4601	3459
3460	3459
4001	3459
6097	3459
7697	3459
4602	3459
4600	3459
6088	3459
11072	3459
6089	3459
4605	3459
4000	3459
2536	3460
1089	3460
3459	3460
1902	3460
6087	3460
4001	3460
7697	3460
6088	3460
11072	3460
1662	3461
1662	3462
2538	3462
3463	3462
6105	3462
7703	3462
4616	3462
1662	3463
2538	3463
15017	3463
13031	3463
13032	3463
10969	3463
6105	3463
3462	3463
7631	3463
4611	3463
6106	3463
4612	3463
6107	3463
13026	3463
9275	3463
4616	3463
7711	3463
15006	3463
1892	3464
2235	3464
11520	3464
4928	3464
10316	3464
7940	3464
12889	3464
6416	3464
13614	3464
17365	3464
6418	3464
11677	3464
10945	3464
9304	3464
5413	3464
4934	3464
11541	3464
13372	3464
9696	3464
2231	3465
2235	3465
499	3465
971	3465
6535	3465
11514	3465
13461	3465
15520	3465
8109	3465
13463	3465
3602	3465
3749	3465
7936	3465
6559	3465
8007	3465
19129	3465
8008	3465
8105	3465
4041	3465
12889	3465
5034	3465
6541	3465
6560	3465
13474	3465
17583	3465
5413	3465
4934	3465
13599	3465
15541	3465
4932	3465
2452	3466
290	3466
4625	3466
16849	3466
4002	3466
5961	3467
4372	3467
7470	3467
4002	3467
16875	3467
17554	3468
19315	3468
4002	3468
18757	3469
4002	3469
960	3470
9119	3470
1451	3471
52	3471
299	3471
3471	3471
18850	3471
4626	3471
19793	3471
11099	3471
818	3472
181	3472
1441	3472
1996	3473
1813	3473
2549	3473
181	3473
10752	3473
1851	3474
555	3474
182	3474
182	3475
2550	3475
1093	3476
182	3476
815	3477
182	3477
2461	3477
6168	3477
182	3478
303	3478
7408	3478
6081	3478
6135	3478
7731	3478
182	3479
5799	3479
6135	3479
7467	3479
7731	3479
9032	3479
1665	3480
1803	3480
10564	3480
2214	3481
1796	3481
374	3481
135	3481
2214	3482
1096	3482
135	3482
374	3482
1796	3482
1097	3482
374	3483
1255	3484
5651	3484
8514	3484
1097	3485
135	3485
14251	3485
4811	3485
6144	3485
135	3486
1914	3486
2774	3486
12538	3486
63	3487
1097	3487
1104	3487
1202	3487
422	3487
135	3487
2774	3487
17022	3487
10418	3487
10434	3487
12952	3487
5604	3487
12394	3487
9221	3487
13569	3487
13066	3487
14245	3487
9908	3487
6142	3487
15060	3487
16376	3487
14279	3487
10421	3487
12372	3487
5583	3487
8706	3487
9789	3487
5587	3487
5894	3487
8709	3487
12377	3487
627	3488
135	3488
1914	3488
9812	3488
13689	3488
6644	3488
4642	3488
15363	3488
2214	3489
2247	3489
135	3489
2774	3490
2214	3490
1461	3490
1914	3490
1460	3490
135	3490
6149	3490
4643	3490
135	3491
831	3491
4486	3491
135	3492
576	3492
1796	3492
63	3492
279	3492
912	3493
848	3493
499	3493
135	3493
8710	3493
8115	3493
7605	3493
4411	3493
14659	3493
7606	3493
6563	3493
9154	3493
5037	3493
2214	3494
1096	3494
136	3494
2551	3494
135	3494
3517	3494
12363	3494
12364	3494
11672	3494
5535	3494
12961	3494
17161	3494
17036	3494
12537	3494
6161	3494
135	3495
15691	3495
4081	3495
17022	3495
14922	3495
10416	3495
9549	3495
9724	3495
11120	3495
17684	3495
8712	3495
14262	3495
12386	3495
16371	3495
10434	3495
10419	3495
11672	3495
13338	3495
14243	3495
14926	3495
9220	3495
14927	3495
15068	3495
5535	3495
9657	3495
14246	3495
8701	3495
12954	3495
11648	3495
11012	3495
9028	3495
15656	3495
16374	3495
14934	3495
17029	3495
6644	3495
17432	3495
10456	3495
6385	3495
12369	3495
8897	3495
10916	3495
11397	3495
13571	3495
6055	3495
12371	3495
16377	3495
14238	3495
4643	3495
12372	3495
17257	3495
4830	3495
14938	3495
17037	3495
17435	3495
15073	3495
14255	3495
8091	3495
12374	3495
17794	3495
19935	3495
12376	3495
10423	3495
17040	3495
16518	3495
1329	3496
135	3496
2271	3496
5576	3496
4127	3496
15362	3496
12372	3496
961	3497
1463	3498
2434	3498
6113	3498
9205	3498
5861	3498
6215	3498
12928	3498
7751	3498
18066	3498
5962	3498
9381	3498
1019	3499
962	3499
1901	3499
15481	3499
962	3500
13153	3500
10220	3500
5871	3500
2932	3501
2663	3501
828	3501
8946	3501
1922	3502
10220	3502
9120	3502
12897	3502
843	3503
1691	3503
2566	3503
1925	3503
1446	3503
1862	3503
1869	3503
1677	3503
627	3503
2955	3503
11420	3503
963	3504
8220	3504
963	3505
2207	3505
10340	3505
10339	3505
16314	3505
18103	3505
963	3506
8523	3507
5420	3508
5901	3508
12996	3508
2406	3509
16155	3509
7411	3509
497	3510
2361	3510
2647	3510
6793	3510
12641	3510
15561	3510
5773	3510
5792	3510
6191	3510
6053	3510
6434	3510
4007	3510
6067	3510
8901	3510
12146	3510
14035	3510
14155	3510
7472	3510
6192	3510
9594	3510
8957	3510
4676	3510
978	3511
7773	3511
8855	3511
8148	3511
12324	3511
4008	3511
6184	3511
11485	3511
11486	3511
15481	3511
231	3512
803	3512
497	3512
276	3512
8647	3512
14981	3512
13249	3512
5425	3512
15113	3512
9369	3512
15145	3512
7772	3512
9594	3512
2062	3513
5426	3513
1494	3514
976	3514
7148	3514
8663	3514
13314	3514
16339	3514
5426	3514
690	3515
576	3515
9	3515
276	3515
188	3515
886	3515
1290	3515
656	3515
231	3515
632	3515
971	3515
15624	3515
6501	3515
6198	3515
8802	3515
2646	3515
4828	3515
3368	3515
2657	3515
4849	3515
276	3516
1331	3516
1290	3516
6609	3516
4814	3516
15689	3516
13737	3516
11624	3516
13326	3516
6667	3516
17418	3516
6670	3516
15442	3516
136	3517
6330	3517
5535	3517
14031	3517
16508	3517
14211	3517
3494	3517
2247	3518
3835	3518
14919	3518
14177	3518
13575	3518
9724	3518
12951	3518
11792	3518
12395	3518
9657	3518
10233	3518
9028	3518
5104	3518
15803	3518
9814	3518
14917	3518
19769	3518
8091	3518
6194	3518
17101	3519
15151	3519
6162	3519
6609	3519
7354	3519
5868	3519
16219	3519
10438	3519
14330	3519
12188	3519
7779	3519
13737	3519
15335	3519
11624	3519
6605	3519
6677	3519
14034	3519
5470	3519
8045	3519
15331	3519
8593	3519
19086	3519
12464	3519
17417	3519
6667	3519
13441	3519
15336	3519
5465	3519
14447	3519
8818	3519
6670	3519
14348	3519
56	3520
843	3520
2414	3520
765	3520
1446	3520
4888	3520
5725	3520
9228	3520
3270	3520
13437	3520
9610	3520
17354	3520
9504	3520
10717	3520
8959	3520
15408	3520
4291	3520
12146	3520
11418	3520
10236	3521
8542	3522
13021	3522
815	3523
737	3523
17265	3523
7780	3523
4681	3523
1291	3524
53	3525
6206	3525
53	3526
8206	3526
557	3527
53	3527
80	3527
6207	3527
53	3528
1818	3529
2942	3529
1434	3529
2576	3529
2941	3529
18962	3529
6209	3529
5931	3529
2943	3530
4498	3530
2944	3530
3228	3531
2452	3531
1785	3531
1894	3531
9018	3531
5429	3531
7722	3531
6121	3531
810	3532
556	3532
2459	3532
3354	3532
1422	3532
14609	3532
5974	3532
8545	3532
6180	3532
4986	3533
9037	3533
6219	3533
13554	3533
4011	3533
5037	3533
10381	3533
6163	3533
13556	3533
4011	3534
5430	3535
1411	3536
964	3536
841	3536
2435	3536
1066	3536
13179	3536
15209	3536
9410	3536
971	3537
6222	3537
11621	3537
5539	3537
17293	3537
9292	3537
11426	3537
7344	3537
6223	3537
7169	3537
13180	3537
8546	3537
14214	3537
8568	3537
767	3538
1892	3538
2299	3538
5598	3538
12531	3538
6380	3538
5901	3538
3830	3538
3072	3538
4038	3538
7379	3538
7903	3538
17254	3538
8806	3538
6368	3538
12996	3538
14381	3538
15673	3538
9580	3538
19792	3538
15167	3538
16698	3538
16486	3538
5999	3538
4164	3538
13311	3538
16640	3538
15833	3538
13732	3538
9174	3538
11195	3538
10241	3538
6750	3538
2583	3539
2586	3539
2198	3539
3541	3539
739	3539
17344	3539
5187	3539
4699	3539
2947	3539
12939	3539
16180	3539
18997	3539
13215	3539
4704	3539
2947	3540
1123	3540
2583	3541
2197	3541
965	3541
847	3541
1944	3541
739	3541
15248	3541
17344	3541
6227	3541
4719	3541
4754	3541
9419	3541
4019	3541
3539	3541
18997	3541
13215	3541
12171	3541
1670	3542
965	3542
3542	3542
13777	3542
5441	3542
1118	3543
1773	3543
739	3543
739	3544
859	3544
1669	3545
2193	3545
2949	3545
4699	3545
4710	3545
6231	3545
11288	3545
4704	3545
1669	3546
2588	3547
4014	3547
406	3548
2194	3548
18990	3548
7815	3548
8549	3548
6236	3548
5218	3548
7808	3548
18986	3548
6237	3548
4737	3548
9434	3548
847	3549
4015	3549
7819	3549
1670	3550
5216	3550
13776	3550
1354	3551
1012	3551
1760	3551
19459	3551
18090	3551
10021	3551
6909	3551
9878	3551
11310	3551
5660	3551
13241	3551
7247	3551
7835	3551
12166	3551
16405	3551
7255	3551
12939	3551
12169	3551
6860	3551
6266	3551
8551	3551
7257	3551
4227	3551
15268	3551
7260	3551
4751	3551
9474	3551
15267	3551
4245	3551
9475	3551
5166	3551
6265	3551
8553	3551
11286	3551
10483	3551
7289	3551
5707	3551
7292	3551
2195	3552
2195	3553
1848	3553
2196	3553
2446	3553
854	3554
685	3554
2	3554
1942	3555
376	3555
1944	3555
7802	3555
10913	3555
9455	3555
9422	3555
15921	3555
6277	3555
11293	3555
740	3556
9435	3556
9883	3556
6926	3556
740	3557
2596	3557
4699	3557
4704	3557
2197	3558
477	3558
3559	3559
4747	3559
7829	3559
5439	3559
6227	3560
6243	3560
4747	3560
6872	3560
5439	3560
8791	3560
7449	3560
8349	3560
5709	3560
15253	3560
5293	3560
12659	3560
2146	3561
2199	3561
4750	3561
19846	3562
17303	3562
8357	3562
11906	3562
9437	3562
6104	3562
15011	3562
6107	3562
4752	3562
19551	3562
360	3563
1763	3563
3911	3563
3894	3563
3899	3563
2953	3563
1064	3563
5229	3563
3563	3563
515	3563
19453	3563
6868	3563
11978	3563
6945	3563
8293	3563
8284	3563
5227	3563
19959	3563
7837	3563
4755	3563
6276	3563
10676	3563
15263	3563
9676	3563
7840	3563
1118	3564
406	3564
1773	3564
8333	3564
5663	3564
10020	3564
10470	3564
5667	3564
5670	3564
5679	3564
5680	3564
4748	3564
9467	3564
4249	3564
8553	3564
7289	3564
1671	3565
1492	3565
7864	3565
13289	3565
11341	3565
11342	3565
11343	3565
13578	3565
15291	3565
7877	3565
17371	3565
4031	3565
2363	3566
7086	3566
12238	3566
5491	3566
1488	3567
2203	3567
2960	3568
1675	3569
1493	3569
78	3569
272	3569
5484	3569
1679	3570
446	3570
7420	3570
8602	3570
16250	3570
18170	3570
14118	3570
2204	3571
8145	3571
6442	3571
13129	3571
8602	3571
4868	3571
1764	3572
742	3572
7361	3572
6314	3572
2308	3573
2223	3573
2312	3573
1764	3573
1145	3573
742	3573
2327	3573
2322	3573
2220	3574
742	3574
2219	3574
2669	3574
4057	3574
3668	3574
10320	3574
7139	3574
377	3575
2253	3575
6389	3575
6680	3575
803	3576
7101	3576
803	3577
18457	3577
7101	3577
18972	3577
2231	3578
3685	3578
19229	3578
6619	3578
9729	3578
19823	3578
11524	3578
6404	3578
12248	3578
8010	3578
16204	3578
4929	3578
9548	3578
11529	3578
8013	3578
19236	3578
11531	3578
674	3579
656	3579
2206	3579
2206	3580
16840	3581
7874	3581
9804	3581
16943	3581
16206	3581
11740	3581
4786	3581
15668	3581
17747	3581
16818	3581
19195	3581
1296	3582
3677	3582
6464	3582
54	3583
54	3584
1708	3584
878	3585
1498	3585
136	3585
451	3585
137	3585
10285	3585
11129	3585
8739	3585
1685	3586
423	3586
137	3586
77	3586
1890	3586
5	3586
139	3586
3	3586
231	3586
425	3586
276	3586
12195	3586
1298	3587
2632	3587
7195	3587
1683	3588
15704	3588
10395	3588
18300	3588
7883	3588
10397	3588
8198	3588
743	3589
183	3589
6610	3589
2975	3590
744	3591
715	3591
1314	3591
969	3592
2638	3592
499	3592
10604	3592
8110	3592
17400	3592
17390	3592
13620	3592
499	3593
969	3593
2209	3593
6346	3593
6353	3593
11367	3593
13301	3593
15321	3593
10809	3593
15327	3593
7521	3593
11685	3593
969	3594
562	3594
969	3595
9855	3595
499	3596
2209	3596
1843	3596
17402	3596
6352	3596
15641	3596
6353	3596
11367	3596
15320	3596
15321	3596
15718	3596
15327	3596
55	3597
94	3597
2209	3597
1095	3597
4808	3597
7892	3597
9526	3597
4635	3597
15531	3597
13451	3597
7520	3597
4783	3597
6497	3597
8017	3597
13127	3597
2060	3598
2979	3598
6187	3598
2743	3599
2110	3599
275	3599
10507	3599
9930	3599
11198	3599
6609	3599
5601	3599
15557	3599
4814	3599
13718	3599
3604	3599
8602	3599
12708	3599
7903	3599
16384	3599
10721	3599
15689	3599
9228	3599
13719	3599
16219	3599
6676	3599
14522	3599
10438	3599
9946	3599
4154	3599
18248	3599
13737	3599
9912	3599
15839	3599
19390	3599
4675	3599
11624	3599
14335	3599
8187	3599
6774	3599
6748	3599
6363	3599
13326	3599
9771	3599
4401	3599
7944	3599
8045	3599
7224	3599
15331	3599
6637	3599
14118	3599
6667	3599
15336	3599
11434	3599
7900	3599
10722	3599
7317	3599
17552	3599
12686	3599
6670	3599
6750	3599
1979	3600
1138	3600
1787	3600
2362	3600
2210	3600
1388	3600
9537	3600
7866	3600
2981	3601
12529	3601
3465	3602
499	3602
4041	3602
1504	3603
532	3603
6628	3603
5474	3603
1686	3604
988	3604
3599	3604
9927	3604
4132	3604
10512	3604
19260	3604
8207	3604
16309	3604
15685	3604
17026	3604
6770	3604
15850	3604
14425	3604
6384	3604
6725	3604
8742	3604
2214	3605
1198	3605
3606	3605
9	3606
2214	3606
1890	3606
1731	3606
231	3606
3605	3606
69	3607
9	3607
231	3607
1890	3607
276	3607
4046	3607
1890	3608
276	3608
886	3608
6198	3608
4828	3608
4046	3608
1323	3609
423	3609
975	3609
746	3609
6390	3609
3632	3610
9135	3610
12753	3610
5481	3610
4051	3610
17598	3610
15092	3610
4330	3610
12764	3610
1833	3611
1689	3611
3611	3611
1689	3612
1833	3612
1833	3613
1689	3613
4844	3613
2216	3614
4844	3614
11417	3614
2216	3615
1303	3616
7121	3617
6491	3617
13332	3618
14114	3618
5524	3618
7525	3618
299	3619
971	3619
13374	3619
17665	3619
14276	3619
971	3620
17758	3620
7934	3620
13563	3620
15603	3620
971	3621
299	3621
971	3622
3311	3622
971	3623
553	3623
3720	3623
19561	3623
6493	3623
971	3624
1977	3624
13180	3624
971	3625
971	3626
971	3627
1504	3628
971	3628
6424	3628
871	3629
275	3629
971	3629
2385	3630
1692	3630
7308	3630
16456	3631
7340	3631
14119	3631
12485	3631
3632	3632
15525	3632
4051	3632
11736	3632
3610	3632
4650	3632
497	3633
972	3633
10403	3633
2647	3634
3009	3634
136	3634
17258	3634
11192	3634
10588	3634
12590	3634
16258	3634
2218	3635
2532	3635
16543	3636
7138	3636
11767	3636
6341	3636
2222	3637
4877	3637
980	3638
1927	3638
5494	3638
1138	3639
2362	3639
7141	3639
1729	3640
8801	3640
11390	3640
12245	3640
16514	3640
15495	3640
12392	3640
13737	3640
6124	3640
16973	3640
8900	3640
9302	3640
9951	3640
1536	3641
1159	3641
1695	3641
792	3642
1695	3642
56	3643
468	3644
3046	3644
56	3644
5774	3644
56	3645
14255	3645
56	3646
843	3646
1467	3646
90	3647
656	3647
152	3647
56	3647
11585	3647
56	3648
995	3648
16267	3649
526	3650
6306	3650
11182	3650
16268	3650
11384	3650
17463	3650
593	3651
1025	3651
409	3651
12253	3651
767	3652
409	3652
6427	3652
9651	3652
12253	3652
15049	3652
4331	3652
13249	3653
7738	3653
5016	3653
6767	3653
16326	3653
4821	3653
14428	3653
14144	3653
14688	3653
4788	3653
18218	3653
10336	3654
1146	3655
2370	3655
275	3655
15107	3655
8625	3655
6602	3655
14159	3656
975	3657
2710	3658
16839	3658
7475	3658
7601	3658
7874	3658
4060	3658
6060	3658
4786	3658
1913	3659
1099	3659
136	3659
2646	3659
9218	3659
1149	3660
136	3660
1498	3660
4989	3660
95	3661
524	3661
136	3661
15079	3661
11804	3661
19394	3661
15815	3661
1699	3662
4852	3662
7344	3662
6186	3662
1892	3663
3712	3663
8074	3663
9855	3663
19066	3663
17514	3663
4888	3663
12266	3663
17382	3663
9697	3663
19332	3663
15309	3663
9524	3663
4802	3663
9503	3663
9579	3663
11593	3663
19346	3663
4803	3663
11599	3663
19589	3663
7713	3663
17384	3663
17087	3663
4594	3663
12267	3664
976	3665
9784	3665
2683	3666
1700	3666
1516	3666
9641	3666
1516	3667
1700	3667
3669	3667
4912	3667
3128	3668
1700	3668
3574	3668
1700	3669
3667	3669
7967	3669
2998	3670
2634	3671
2018	3671
7988	3671
7509	3671
14218	3671
4598	3671
12274	3671
10712	3671
1307	3672
2642	3672
19178	3672
17541	3672
15818	3672
9660	3672
9794	3672
15427	3672
15428	3672
15395	3672
6364	3672
13122	3672
2087	3673
2791	3673
2660	3673
275	3673
1701	3673
13251	3673
2386	3674
1701	3674
2567	3674
2227	3674
1034	3675
2227	3675
1813	3675
1798	3675
1888	3675
9018	3675
9243	3675
6121	3675
2999	3676
6687	3676
6464	3676
6315	3676
19072	3676
4066	3676
6492	3676
977	3677
3582	3677
409	3678
1309	3678
418	3678
1895	3678
1428	3678
381	3678
4585	3678
12996	3678
2524	3679
31	3679
152	3679
12290	3679
3001	3680
13006	3680
1100	3681
9216	3681
10569	3681
6623	3681
11674	3681
9134	3681
12954	3681
17433	3681
7163	3681
18242	3681
14843	3681
18348	3681
13459	3681
5989	3681
58	3682
6533	3682
499	3683
2231	3683
3685	3683
8006	3683
9665	3683
14840	3683
9729	3683
8013	3683
13621	3683
19961	3683
2231	3684
2231	3685
8001	3685
13462	3685
13465	3685
11524	3685
9831	3685
19193	3685
4929	3685
8012	3685
9673	3685
3683	3685
3578	3685
8014	3685
6550	3685
499	3686
2231	3686
2231	3687
11524	3687
17583	3687
19213	3688
5516	3688
15587	3689
17716	3689
5516	3689
17390	3689
6668	3689
2233	3690
409	3690
1958	3691
1704	3691
2052	3691
6732	3691
5083	3691
9225	3691
18207	3692
15556	3692
14830	3692
497	3693
15423	3693
8092	3693
274	3694
2526	3695
2235	3695
19291	3695
978	3696
11550	3696
11553	3696
11556	3696
14213	3697
5744	3697
4596	3697
13349	3697
8087	3697
10829	3697
12307	3697
14401	3697
7526	3697
748	3698
788	3699
1314	3699
12555	3699
1314	3700
1705	3701
2569	3701
6364	3701
7324	3702
12309	3702
1478	3703
8049	3703
7174	3703
3704	3704
498	3704
498	3705
275	3706
1170	3707
277	3707
79	3707
1531	3707
275	3707
17759	3707
9728	3707
11625	3707
15627	3707
9755	3707
275	3708
275	3709
275	3710
7595	3710
1157	3711
275	3711
1170	3711
275	3712
10507	3712
4888	3712
7870	3712
9503	3712
9504	3712
3663	3712
275	3713
275	3714
79	3714
6589	3714
6057	3714
9749	3714
1159	3715
275	3715
221	3715
1385	3715
275	3716
13518	3716
6496	3716
6795	3716
7998	3716
17321	3716
15723	3716
11598	3716
9674	3716
17694	3716
13538	3716
19976	3716
11615	3716
275	3717
1157	3717
1158	3717
275	3718
275	3719
1160	3719
15814	3719
2369	3720
3623	3720
276	3720
13606	3720
13044	3720
17407	3720
13616	3720
14858	3720
13494	3720
6493	3720
276	3721
2525	3722
276	3722
152	3723
276	3723
14261	3723
12390	3723
4935	3723
11395	3723
5606	3723
13406	3723
9926	3723
14276	3723
6388	3723
18252	3723
1330	3724
2780	3724
276	3724
2109	3724
69	3724
1928	3724
5530	3725
5529	3725
9606	3726
5530	3726
9772	3726
9696	3726
1711	3727
2632	3727
1812	3727
2240	3727
2377	3727
2572	3728
137	3728
5	3728
867	3728
5535	3728
10916	3728
1708	3729
11127	3730
13574	3730
17399	3730
9578	3730
3448	3730
11456	3730
11667	3730
13204	3730
7183	3730
8047	3730
9617	3730
4864	3730
90	3731
318	3731
69	3731
879	3731
137	3731
14226	3731
380	3732
6	3733
678	3733
315	3733
13111	3733
4567	3733
5540	3733
17429	3733
2733	3734
1321	3734
296	3734
2732	3734
9586	3734
15585	3734
15672	3734
11657	3734
13585	3734
5004	3734
6426	3734
328	3735
1321	3735
770	3735
237	3735
8801	3735
8094	3735
18891	3735
19323	3735
237	3736
2732	3736
296	3736
1321	3736
2382	3736
328	3736
2733	3736
771	3736
16394	3736
1321	3737
237	3737
11657	3737
18891	3737
237	3738
1321	3738
2566	3739
1004	3739
296	3739
4316	3739
5724	3739
12330	3739
17810	3739
10573	3739
16441	3739
13586	3739
18891	3739
11852	3739
5005	3739
3233	3740
7220	3740
3825	3740
6380	3740
7190	3740
6804	3740
12389	3740
5597	3740
6782	3740
5613	3740
7222	3740
15835	3740
8730	3740
14427	3740
4825	3740
15836	3740
16400	3740
15695	3740
499	3741
3742	3741
5541	3741
9503	3741
11593	3741
11599	3741
17694	3741
7778	3741
8074	3742
5541	3742
3741	3742
5035	3742
8031	3742
11429	3742
629	3743
767	3743
1344	3743
574	3743
3786	3743
792	3743
5543	3743
13663	3743
11848	3743
13733	3743
6749	3743
4154	3743
8724	3743
17775	3743
5008	3743
14269	3743
15685	3743
11775	3743
17792	3743
12405	3743
9768	3743
8096	3743
10575	3743
19411	3743
4163	3743
9941	3743
10422	3743
11335	3743
10451	3743
5587	3743
19770	3743
5546	3744
828	3745
1044	3745
1045	3745
1544	3745
10391	3745
3746	3745
19657	3745
10627	3745
5021	3745
1179	3746
3745	3746
202	3746
1908	3746
7565	3746
5022	3746
10391	3746
8044	3746
18446	3746
7563	3746
5021	3746
5550	3747
499	3748
3465	3749
499	3749
499	3750
523	3750
8113	3750
499	3751
1050	3752
499	3752
499	3753
6169	3753
499	3754
499	3755
499	3756
15709	3756
6659	3756
499	3757
499	3758
499	3759
749	3760
452	3760
2411	3761
2725	3761
749	3761
4867	3761
6676	3761
14582	3761
4099	3762
5556	3763
10930	3763
19302	3763
3024	3764
1547	3765
2439	3765
16528	3765
4102	3765
5557	3765
1323	3766
5935	3767
6520	3767
10833	3767
4105	3767
144	3768
12381	3768
14261	3768
11797	3768
6753	3768
7390	3768
14265	3768
16707	3768
12391	3768
14266	3768
11395	3768
5606	3768
12345	3768
17157	3768
12401	3768
14271	3768
14249	3768
9926	3768
12404	3768
12407	3768
6781	3768
14276	3768
14278	3768
12963	3768
11016	3768
14281	3768
12415	3768
12416	3768
4165	3768
4592	3768
9584	3768
18252	3768
5626	3768
12373	3768
9947	3768
16397	3768
10452	3768
16378	3768
10734	3768
14286	3768
1385	3769
277	3769
4963	3769
2068	3770
277	3770
1160	3770
6618	3770
4333	3770
1324	3771
9350	3771
11106	3772
5063	3772
15632	3772
4109	3772
11108	3772
278	3773
2754	3774
3034	3774
2070	3775
6573	3775
11744	3775
6704	3775
15752	3775
10412	3775
8163	3775
6703	3775
6083	3775
2757	3776
3035	3776
2072	3776
6283	3776
10047	3776
6708	3776
6709	3776
4114	3776
19977	3776
6714	3776
8164	3776
15774	3776
11764	3776
16367	3776
4116	3776
15772	3776
6715	3776
11316	3776
15897	3776
5077	3776
14233	3776
5073	3776
2260	3777
2756	3777
2755	3777
3778	3778
9881	3778
13660	3778
3035	3778
15775	3778
3035	3779
2756	3779
12350	3779
5980	3779
3780	3780
4114	3780
4115	3780
6710	3780
5564	3781
9876	3781
1800	3782
10413	3782
789	3783
629	3783
705	3783
175	3783
2108	3783
574	3784
629	3784
3838	3784
2793	3784
5599	3784
7775	3784
18244	3784
12531	3784
5569	3784
11842	3784
5782	3784
11840	3784
3038	3785
1333	3786
3820	3786
3743	3786
3040	3786
4918	3786
1511	3787
308	3787
553	3787
15589	3787
9665	3787
19282	3787
12354	3787
17626	3787
11591	3787
9737	3787
13134	3787
19301	3787
19302	3787
2263	3788
13738	3788
99	3789
1190	3789
5568	3789
1192	3790
13670	3790
4127	3790
11775	3790
14239	3790
8826	3790
17781	3791
15788	3791
8690	3791
2266	3792
17784	3792
8177	3792
5091	3792
10415	3793
7633	3793
1327	3794
708	3794
4891	3794
15821	3794
2766	3795
752	3795
409	3795
1566	3795
752	3796
5819	3796
8694	3796
6741	3796
5098	3796
752	3797
501	3797
752	3798
752	3799
4500	3799
5095	3799
501	3800
11662	3800
5820	3800
11791	3800
11790	3800
2581	3801
501	3801
5572	3801
11789	3801
5094	3801
11790	3801
6500	3801
2269	3802
2766	3802
5	3803
141	3803
2270	3803
13681	3803
12950	3803
12956	3803
17700	3803
5586	3803
63	3804
6	3805
79	3805
315	3805
17253	3805
19881	3805
11082	3805
6594	3805
11456	3805
11625	3805
11597	3805
15627	3805
6	3806
35	3806
350	3806
562	3806
1208	3806
170	3806
36	3806
17799	3806
6	3807
3807	3807
6	3808
557	3808
9965	3808
6	3809
79	3809
6	3810
1385	3810
678	3810
80	3811
315	3811
1159	3811
1985	3811
871	3811
6	3811
8192	3811
1330	3812
701	3812
1330	3813
988	3814
603	3815
988	3815
1152	3815
1445	3815
15508	3815
6534	3815
13276	3815
13501	3815
15845	3815
281	3816
1445	3816
1928	3816
4134	3817
1789	3818
760	3818
2003	3818
466	3818
1331	3818
9927	3818
15850	3818
1737	3819
1333	3820
3786	3820
6077	3821
4406	3821
4141	3821
6302	3821
763	3822
8213	3822
7588	3822
8185	3822
4989	3822
2284	3823
5772	3824
5597	3824
13324	3824
3233	3825
1825	3825
3740	3825
1386	3825
2074	3825
6802	3825
5597	3825
6788	3825
13335	3825
14272	3825
15361	3825
1930	3826
1446	3826
2285	3826
1156	3826
2644	3827
1337	3827
4678	3827
4849	3827
13544	3827
4146	3828
5885	3828
4400	3829
4146	3829
5880	3829
3072	3829
4394	3829
4395	3829
5123	3829
5127	3829
4397	3829
3302	3829
3303	3829
4946	3829
3538	3830
4146	3830
4152	3830
1338	3831
1004	3832
12388	3832
11852	3832
764	3833
1581	3833
1350	3833
13736	3833
11769	3833
5618	3833
5139	3833
3075	3834
19381	3834
4159	3834
8731	3834
18251	3834
10450	3834
6789	3834
5628	3834
2083	3835
3518	3835
18955	3835
9549	3835
9724	3835
12620	3835
19830	3835
11124	3835
12395	3835
6048	3835
15803	3835
14935	3835
15070	3835
6068	3835
6055	3835
8091	3835
6194	3835
17493	3835
12396	3836
1879	3837
325	3837
15629	3837
8724	3837
5008	3837
15835	3837
11335	3837
16518	3837
3784	3838
148	3838
172	3838
14271	3838
46	3839
1111	3839
633	3839
17692	3840
15843	3840
10441	3840
7225	3841
13540	3841
2298	3842
1156	3842
6811	3842
1156	3843
2298	3843
13128	3843
1349	3844
9653	3844
17646	3844
7985	3844
636	3845
154	3846
636	3846
6361	3846
393	3847
393	3848
2803	3848
776	3849
776	3850
712	3850
289	3851
650	3851
394	3851
394	3852
8231	3852
677	3853
1007	3853
784	3853
662	3853
397	3853
259	3853
1007	3854
284	3855
3855	3855
284	3856
1599	3857
194	3857
2312	3858
1354	3858
17882	3858
1354	3859
870	3859
1354	3860
16401	3860
4209	3860
4230	3860
4751	3860
5691	3860
11874	3860
6827	3860
1354	3861
1770	3862
1354	3862
1354	3863
1354	3864
1354	3865
477	3865
4186	3865
10473	3865
1354	3866
5636	3867
1140	3868
2878	3868
11259	3868
5636	3868
10039	3868
3100	3868
5294	3868
8769	3868
15236	3868
8246	3868
895	3869
692	3869
8747	3869
510	3870
1008	3870
4475	3870
510	3871
2463	3871
2588	3871
3871	3871
5222	3871
5252	3871
6230	3871
224	3872
402	3872
716	3872
924	3872
6836	3872
611	3873
208	3873
5186	3873
402	3873
676	3874
1753	3874
1606	3875
1753	3875
3875	3875
676	3876
3877	3876
1753	3876
1604	3876
2823	3876
1604	3877
2823	3877
1753	3877
4177	3877
3876	3877
777	3878
777	3879
6285	3879
778	3880
2825	3880
777	3880
2827	3880
1008	3881
2830	3882
1008	3882
1008	3883
4736	3883
676	3884
778	3884
778	3885
3885	3885
676	3886
1756	3886
8262	3886
403	3887
1608	3888
286	3888
590	3888
483	3888
9997	3888
2304	3889
2157	3890
1757	3890
1012	3890
3890	3890
8269	3890
858	3891
513	3891
779	3891
640	3891
858	3892
1356	3892
726	3892
640	3892
779	3892
3892	3892
640	3893
858	3893
11902	3893
6853	3893
5212	3893
13785	3893
515	3894
1763	3894
1770	3894
3911	3894
3563	3894
4755	3894
5229	3894
11022	3894
3899	3894
7840	3894
1763	3895
5229	3895
1438	3895
515	3895
1118	3896
1364	3896
2312	3896
870	3896
2320	3896
3151	3896
1759	3896
10055	3896
14310	3896
4268	3896
18264	3896
3107	3897
1118	3897
6862	3897
5642	3898
4211	3898
3159	3898
8320	3898
3183	3898
1618	3899
3911	3899
2527	3899
1763	3899
3894	3899
7232	3899
3563	3899
6868	3899
6890	3899
8293	3899
6866	3899
8284	3899
5227	3899
6867	3899
5229	3899
9676	3899
17872	3899
6870	3899
6869	3899
10009	3899
7840	3899
261	3900
3900	3900
2867	3900
2870	3900
3112	3900
9088	3900
7240	3900
14538	3900
4718	3900
8346	3900
5672	3900
10011	3900
5838	3900
4375	3900
5958	3900
6932	3900
9084	3900
5292	3900
2156	3901
1766	3901
8757	3901
477	3902
2312	3902
1764	3902
2308	3902
1012	3902
6928	3902
4198	3902
5677	3902
1761	3903
3120	3903
1761	3904
1761	3905
2814	3905
2312	3905
3905	3905
2312	3906
3116	3906
2309	3907
2309	3908
2310	3909
5254	3909
6889	3909
4200	3910
7359	3910
4773	3910
7252	3910
14298	3910
19907	3910
3167	3910
6914	3910
17378	3910
6083	3910
8340	3910
1763	3911
3563	3911
6868	3911
10008	3911
11582	3911
6890	3911
9667	3911
8284	3911
5227	3911
4755	3911
3894	3911
6867	3911
6891	3911
11022	3911
5699	3911
19990	3911
9359	3911
8021	3911
3899	3911
10009	3911
19244	3911
3912	3912
10466	3912
18481	3912
10830	3912
2312	3913
1357	3914
2404	3915
2869	3915
2873	3915
4274	3915
10688	3915
7240	3915
5836	3915
8970	3915
7443	3915
10686	3915
11975	3915
2315	3916
1360	3916
2315	3917
10032	3917
15922	3917
2315	3918
2331	3918
2316	3919
8761	3920
19432	3920
1012	3921
261	3921
14295	3921
859	3922
1123	3922
14295	3922
6226	3922
9470	3922
9417	3922
5667	3923
2016	3924
4216	3924
8777	3924
2321	3925
3142	3926
1012	3927
2324	3927
723	3927
6928	3927
15894	3927
15895	3927
13811	3927
8280	3927
2325	3928
1258	3929
2341	3929
2404	3929
2873	3929
2815	3929
2325	3929
6929	3929
1766	3930
1766	3931
1766	3932
347	3933
18622	3933
5682	3933
6940	3933
9359	3933
10056	3934
6056	3934
5682	3934
5300	3934
14750	3934
2329	3935
2326	3935
10058	3936
6942	3936
4231	3936
19480	3937
10058	3937
13829	3937
4231	3937
5865	3937
9976	3938
4233	3938
1768	3939
3939	3939
13833	3939
1768	3940
4240	3941
2328	3942
10801	3942
2330	3943
1618	3943
7262	3944
1360	3945
2885	3945
2815	3945
2331	3945
10688	3945
9080	3945
7440	3945
4568	3945
7443	3945
8976	3945
8977	3945
5312	3945
5847	3945
5848	3945
5313	3945
16641	3945
11891	3945
11975	3945
8329	3945
2404	3946
2403	3946
1360	3946
4274	3946
3290	3946
3283	3946
5855	3946
8975	3946
5689	3946
15888	3946
4365	3946
2404	3947
261	3947
2873	3947
18474	3947
5689	3947
8362	3947
9854	3948
8776	3948
