12381	133
1336	133
14259	133
7219	133
5598	133
3070	133
16381	133
1337	133
5599	133
7220	133
1740	133
2288	133
383	133
16382	133
10430	133
1330	133
5589	133
504	133
2275	133
10431	133
18243	133
5600	133
4146	133
12382	133
2289	133
997	133
12383	133
8719	133
8720	133
10432	133
14260	133
14261	133
12384	133
10433	133
16383	133
18244	133
18245	133
8721	133
1281	133
18246	133
5601	133
3071	133
1338	133
2290	133
1741	133
632	133
738	133
3072	133
998	133
12385	133
8370	133
4147	133
2291	133
5602	133
14262	133
12386	133
384	133
5603	133
18247	133
12387	133
10434	133
12388	133
10300	133
14263	133
4148	133
4149	133
14264	133
5604	133
3073	133
8590	133
281	133
14265	133
8722	133
3057	133
4132	133
5605	133
4133	133
12389	133
10435	133
12390	133
764	133
765	133
3074	133
12391	133
14266	133
7221	133
766	133
16384	133
1339	133
10436	133
16385	133
12392	133
14267	133
5606	133
2892	133
10437	133
5607	133
4150	133
16386	133
3075	133
1723	133
16372	133
12393	133
3076	133
12394	133
5608	133
767	133
4151	133
999	133
10438	133
3058	133
12395	133
12396	133
4152	133
12397	133
758	133
505	133
14268	133
8723	133
1654	133
16387	133
12398	133
4153	133
768	133
1742	133
16388	133
12345	133
4154	133
1340	133
18248	133
16389	133
4155	133
4156	133
5609	133
5610	133
8724	133
268	133
12399	133
5611	133
972	133
1341	133
4157	133
769	133
12400	133
10439	133
1743	133
4158	133
3077	133
189	133
18249	133
4067	133
14269	133
5612	133
12401	133
770	133
1000	133
14270	133
3078	133
14271	133
1342	133
1001	133
5613	133
5614	133
771	133
5615	133
385	133
14272	133
12402	133
386	133
14273	133
8716	133
5496	133
14274	133
759	133
12403	133
1744	133
8725	133
1343	133
10440	133
4137	133
5616	133
16390	133
633	133
5617	133
18250	133
3079	133
2292	133
8726	133
12404	133
10441	133
12405	133
1344	133
12406	133
3080	133
387	133
12407	133
16391	133
1745	133
10442	133
5618	133
16392	133
4159	133
8727	133
506	133
12408	133
1332	133
772	133
10443	133
388	133
12409	133
1274	133
12410	133
1002	133
4160	133
5619	133
5620	133
14099	133
4161	133
282	133
7222	133
7223	133
12411	133
16393	133
14275	133
5621	133
14276	133
389	133
8728	133
6984	133
4162	133
14277	133
10444	133
993	133
5622	133
8729	133
10445	133
3081	133
18241	133
14278	133
390	133
3082	133
2293	133
736	133
369	133
7224	133
3083	133
2294	133
8730	133
12412	133
144	133
10446	133
10447	133
1003	133
1746	133
12346	133
12413	133
2295	133
8731	133
5623	133
8732	133
502	133
14279	133
1737	133
18251	133
14280	133
10448	133
10449	133
2296	133
16394	133
8733	133
7225	133
773	133
391	133
3084	133
1345	133
4163	133
5624	133
16395	133
190	133
12414	133
14281	133
14253	133
392	133
8734	133
12415	133
12416	133
2281	133
4164	133
4165	133
10450	133
5625	133
14282	133
1747	133
1346	133
14283	133
3054	133
4166	133
8735	133
18252	133
5626	133
761	133
16396	133
3085	133
8736	133
3086	133
8737	133
634	133
1347	133
18253	133
635	133
2297	133
8738	133
12417	133
1004	133
12373	133
16397	133
18254	133
12418	133
1748	133
1348	133
16398	133
2298	133
14284	133
8739	133
1349	133
5586	133
1297	133
10451	133
16399	133
5627	133
14285	133
10452	133
5628	133
636	133
1350	133
8740	133
19500	133
19573	133
19574	133
5629	133
5630	133
14286	133
8376	133
1351	133
8741	133
12419	133
18255	133
12420	133
12421	133
191	133
14287	133
5631	133
12377	133
629	133
5568	133
3087	133
774	133
8742	133
1749	133
5818	134
3264	134
5321	134
7420	134
18443	134
3265	134
16632	134
12632	134
5819	134
4354	134
14506	134
8950	134
2400	134
3266	134
4355	134
525	134
14507	134
5820	134
7421	134
14508	134
18444	134
1037	134
4356	134
18445	134
10650	134
5821	134
3267	134
7422	134
5822	134
151	134
12633	134
56	135
5	135
9	135
141	135
1912	135
13064	135
18890	135
5543	135
12529	135
12363	135
422	135
4081	135
17022	135
3047	135
17023	135
11007	135
4130	135
2524	135
3993	135
2552	135
1633	135
6049	135
546	135
4636	135
1285	135
4022	135
4637	135
9132	135
14106	135
6139	135
5575	135
12949	135
17167	135
10416	135
8686	135
7738	135
547	135
17168	135
548	135
6145	135
18093	135
12364	135
13871	135
10093	135
1685	135
4124	135
17169	135
11120	135
8696	135
9217	135
12532	135
8710	135
423	135
11127	135
8712	135
12620	135
955	135
1634	135
8384	135
1271	135
7589	135
17170	135
10434	135
16186	135
2270	135
1099	135
1293	135
12733	135
5604	135
8590	135
9218	135
5576	135
2553	135
14265	135
13060	135
1383	135
424	135
9324	135
425	135
7090	135
549	135
15067	135
14241	135
15059	135
17171	135
9219	135
374	135
17172	135
6146	135
6147	135
6148	135
3049	135
6149	135
763	135
746	135
5606	135
12002	135
18240	135
14926	135
18768	135
4638	135
1100	135
9325	135
5578	135
14029	135
6150	135
1913	135
1642	135
2210	135
5579	135
6140	135
4074	135
14927	135
671	135
9326	135
15068	135
1096	135
3485	135
7739	135
13065	135
7477	135
7213	135
837	135
13880	135
5535	135
3237	135
2554	135
4127	135
7740	135
1914	135
6151	135
13066	135
9327	135
8658	135
1724	135
4156	135
16238	135
3481	135
13067	135
1027	135
521	135
3486	135
14245	135
8700	135
214	135
3996	135
11011	135
18292	135
14930	135
14246	135
3013	135
14247	135
8391	135
14248	135
3994	135
2555	135
305	135
14931	135
6152	135
3487	135
6051	135
2963	135
1101	135
13061	135
17026	135
15069	135
14932	135
545	135
12177	135
12213	135
426	135
3488	135
550	135
11128	135
12367	135
5991	135
12874	135
2214	135
8703	135
3489	135
14163	135
5776	135
12368	135
5502	135
4639	135
16374	135
18121	135
14934	135
12404	135
17029	135
279	135
1458	135
17030	135
1102	135
1864	135
1459	135
6153	135
12369	135
3482	135
12370	135
3368	135
18891	135
6154	135
8561	135
2271	135
10916	135
8480	135
12958	135
6141	135
1865	135
1460	135
6142	135
4640	135
427	135
1915	135
14251	135
9223	135
14099	135
14936	135
12959	135
6143	135
13068	135
2927	135
10525	135
11014	135
4641	135
15070	135
13069	135
9224	135
1911	135
7741	135
11129	135
15071	135
492	135
8424	135
1704	135
14164	135
9328	135
982	135
3053	135
7742	135
14276	135
1916	135
15061	135
12961	135
11130	135
7163	135
11131	135
4642	135
5582	135
3490	135
12290	135
6155	135
1726	135
17173	135
12268	135
17034	135
15062	135
14427	135
551	135
6055	135
672	135
12371	135
13062	135
18215	135
2556	135
11132	135
13070	135
12963	135
1097	135
1103	135
16377	135
8669	135
9321	135
15072	135
10081	135
8470	135
3964	135
4168	135
14252	135
984	135
552	135
959	135
17161	135
1917	135
1104	135
4643	135
11016	135
11133	135
12964	135
4327	135
9329	135
1918	135
7215	135
5583	135
12352	135
4592	135
2551	135
1098	135
7743	135
14367	135
1461	135
3054	135
3491	135
1329	135
1794	135
1427	135
1267	135
18242	135
428	135
2959	135
17036	135
4644	135
3492	135
6144	135
15073	135
6156	135
15074	135
12192	135
14255	135
2557	135
2282	135
6157	135
13896	135
7744	135
18348	135
3493	135
3312	135
3494	135
3495	135
5585	135
429	135
9229	135
12374	135
1297	135
1919	135
7424	135
14285	135
4645	135
6158	135
12026	135
18892	135
13071	135
6159	135
138	135
4646	135
4647	135
5988	135
17963	135
10423	135
12419	135
4648	135
371	135
3055	135
2212	135
3496	135
17174	135
15035	135
5739	135
14256	135
14942	135
6160	135
12377	135
17175	135
6161	135
4040	135
5568	135
7745	135
14257	135
5588	135
12969	135
18774	135
1462	135
1796	135
5	136
1152	136
576	136
9631	136
877	136
7978	136
4764	136
5589	136
1677	136
1862	136
2011	136
546	136
1984	136
9132	136
3009	136
2012	136
3634	136
3585	136
12364	136
188	136
12452	136
4904	136
423	136
734	136
1128	136
12453	136
1691	136
7979	136
425	136
7090	136
549	136
5726	136
14610	136
18240	136
1823	136
1968	136
13437	136
10285	136
12117	136
12871	136
1096	136
5592	136
15486	136
12188	136
5535	136
1153	136
6468	136
431	136
769	136
13307	136
3447	136
5340	136
17356	136
12401	136
4905	136
16508	136
6469	136
11420	136
12872	136
1928	136
19197	136
12460	136
227	136
3659	136
6470	136
12699	136
3368	136
7087	136
4039	136
4906	136
2271	136
10916	136
5729	136
3660	136
9054	136
14211	136
11129	136
2013	136
2014	136
3008	136
5486	136
1871	136
736	136
6471	136
1016	136
1374	136
18939	136
1737	136
3517	136
2015	136
190	136
1498	136
1333	136
4139	136
1154	136
9632	136
6069	136
11484	136
13401	136
1866	136
4078	136
11418	136
10577	136
13329	136
3494	136
17442	136
4834	136
15487	136
2688	136
7004	136
1493	136
9633	136
878	136
16088	136
7980	136
2689	136
3661	136
6472	136
1749	136
1152	137
14195	137
3585	137
547	137
1148	137
4991	137
1175	137
9783	137
281	137
1691	137
3728	137
10285	137
231	137
233	137
234	137
6533	137
4905	137
827	137
291	137
18250	137
15659	137
19197	137
15660	137
3586	137
3368	137
867	137
11129	137
15661	137
2013	137
11651	137
5486	137
235	137
12878	137
2003	137
6471	137
1737	137
4992	137
391	137
4078	137
743	137
448	137
449	137
583	137
450	137
6987	137
3731	137
451	137
878	137
584	137
10123	137
135	138
5	138
3	138
9	138
141	138
229	138
230	138
11394	138
5579	138
1027	138
521	138
214	138
426	138
550	138
8703	138
12875	138
1911	138
492	138
1103	138
552	138
1427	138
456	138
5	139
3	139
9	139
1328	139
547	139
230	139
17789	139
1913	139
12204	139
1027	139
521	139
214	139
7590	139
3586	139
3368	139
867	139
492	139
881	139
3370	139
9226	139
9907	139
3371	139
552	139
1154	139
14843	139
456	139
583	139
450	139
10423	139
13459	139
5739	139
141	140
5	140
1328	140
547	140
1099	140
763	140
5579	140
1708	140
243	140
521	140
214	140
6001	140
305	140
1310	140
550	140
279	140
5103	140
706	140
1911	140
492	140
1735	140
881	140
1726	140
1103	140
1198	140
1199	140
5	141
33	141
141	141
229	141
6375	141
6139	141
547	141
734	141
1099	141
900	141
424	141
135	141
374	141
763	141
2085	141
1913	141
5579	141
592	141
901	141
18248	141
1027	141
521	141
214	141
3803	141
902	141
550	141
386	141
8703	141
12875	141
8186	141
140	141
706	141
10525	141
8185	141
492	141
881	141
552	141
1098	141
6746	141
456	141
1198	141
18348	141
429	141
753	141
1199	141
138	141
2771	141
68	142
367	142
58	143
8744	143
989	143
464	143
764	143
187	143
758	143
268	143
585	143
14270	143
946	143
252	143
3079	143
6470	143
387	143
1214	143
282	143
3242	143
872	143
944	143
1135	143
2416	143
1006	143
133	144
187	144
1025	144
268	144
1575	144
253	144
906	144
4166	144
3768	144
708	144
270	145
196	145
17967	146
8267	146
9996	146
8268	146
14448	146
14827	146
49	147
1388	147
970	147
7308	147
963	147
879	147
13	148
49	148
5126	148
14262	148
281	148
3838	148
5617	148
8202	148
1445	148
5470	148
2014	148
8731	148
803	148
232	148
149	149
10148	149
1256	149
4571	150
802	150
10152	150
134	151
56	152
96	152
3381	152
18427	152
6347	152
7304	152
7588	152
1475	152
15368	152
13135	152
1285	152
1223	152
2058	152
281	152
5868	152
255	152
2047	152
765	152
5985	152
1654	152
1977	152
234	152
4155	152
2573	152
12175	152
13344	152
1990	152
9610	152
2629	152
5496	152
1928	152
969	152
15128	152
12699	152
656	152
8625	152
5907	152
1111	152
3434	152
12290	152
4805	152
6786	152
6637	152
843	152
4291	152
3647	152
2414	152
3679	152
190	152
5734	152
2566	152
10718	152
5625	152
11387	152
2010	152
17549	152
2112	152
6070	152
3723	152
14284	152
3335	152
10452	152
10519	152
322	152
873	152
1843	152
12139	152
497	152
6076	152
2116	152
15632	153
19698	153
7714	153
10994	153
19720	153
7396	153
6114	153
7715	153
302	153
11087	153
7411	153
2406	153
17281	153
4414	153
7020	153
764	154
3232	154
538	154
1025	154
494	154
9173	154
1080	154
1395	154
3846	154
2187	154
16396	154
19573	154
12	155
209	155
7609	155
1869	155
16287	155
538	155
12354	155
7610	155
1229	155
14867	155
494	155
5998	155
1998	155
1429	155
2474	155
2187	155
9169	155
181	156
302	156
421	156
157	157
1155	157
10437	157
1467	157
1165	157
10445	157
2567	157
7059	157
14623	158
15052	158
1106	158
19800	158
8526	158
1149	159
6675	159
11671	159
5537	159
19103	159
14582	159
8679	159
454	159
10955	159
3305	159
14036	159
2	160
2	161
222	161
6253	161
1953	161
855	161
2	162
2	163
16228	164
56	165
58	166
549	166
1096	166
706	166
2773	166
584	166
4126	167
18852	167
6	168
36	169
6	169
35	169
678	169
2288	169
1330	169
524	169
9940	169
675	169
3078	169
9371	169
338	169
15669	169
636	169
6	170
221	170
3806	170
17803	170
70	171
126	171
13	171
69	171
254	171
843	171
636	171
689	171
13	172
281	172
3838	172
239	172
13706	172
769	172
606	172
703	172
1445	172
463	172
708	172
3070	173
13060	173
2120	173
3304	173
998	174
175	175
44	175
13	175
2108	175
321	175
1023	175
247	175
19381	175
455	175
767	175
1579	175
3783	175
898	175
15685	175
1001	175
1344	175
257	175
5619	175
396	176
6455	176
5233	176
