11984	19931
5718	19931
12448	19931
13193	19932
2895	19932
7812	19932
15232	19932
13901	19933
15741	19933
7713	19933
371	19934
6571	19934
1890	19935
5529	19935
14427	19935
2554	19935
2247	19935
371	19935
276	19935
2646	19935
3495	19935
656	19935
14937	19935
18490	19936
12074	19936
12934	19936
2153	19936
13369	19936
12901	19937
15105	19937
12132	19937
16670	19937
12078	19937
7450	19937
16670	19938
19981	19938
12901	19938
8249	19938
2559	19938
3100	19938
12078	19938
18912	19938
18983	19938
17201	19938
10180	19939
10362	19939
7379	19939
15670	19939
275	19939
971	19939
8462	19940
19524	19941
8272	19942
16105	19942
16939	19942
9129	19942
612	19942
2923	19943
417	19943
18017	19944
14906	19945
8477	19945
14908	19945
13138	19945
4000	19946
4002	19947
12132	19948
15105	19948
299	19949
1699	19949
2571	19949
18160	19949
18936	19949
8532	19949
18931	19949
15136	19949
11485	19949
11486	19949
12326	19949
19950	19950
17156	19950
12693	19950
18082	19950
1434	19950
18965	19950
17270	19950
10995	19950
12152	19951
7067	19952
2027	19952
656	19952
843	19952
5737	19952
8944	19952
277	19952
9674	19953
4013	19953
4432	19953
9039	19953
18996	19954
19026	19954
19846	19954
17301	19954
17310	19954
6282	19954
17318	19954
14044	19954
2949	19955
19000	19955
2599	19955
9455	19955
9463	19955
14828	19955
13190	19955
14053	19955
10249	19955
17304	19955
15251	19955
4017	19955
4479	19955
11266	19955
11261	19955
19552	19956
6299	19957
2673	19957
299	19957
3437	19957
15430	19957
5495	19957
19772	19957
4060	19958
6945	19959
870	19959
2527	19959
2231	19959
9676	19959
6550	19959
3563	19959
8321	19959
15529	19959
2231	19960
2231	19961
3683	19961
9675	19962
19233	19962
9672	19962
2231	19962
2231	19963
13469	19963
978	19964
2231	19964
7773	19965
11551	19965
9706	19965
11548	19965
978	19965
275	19966
275	19967
9037	19968
275	19968
275	19969
417	19970
18566	19970
275	19970
5995	19970
4884	19971
11629	19971
6614	19971
9769	19971
8079	19971
9778	19971
9644	19971
4886	19971
5529	19971
6011	19971
3012	19971
9777	19971
14629	19971
6613	19971
17831	19971
11632	19971
8081	19971
848	19971
11634	19971
8078	19971
9097	19971
11628	19971
14210	19972
499	19973
13265	19973
16969	19974
894	19974
499	19974
6559	19975
499	19975
3022	19976
3716	19976
3035	19977
3776	19977
6715	19977
9879	19977
10415	19978
15121	19978
553	19979
16941	19979
11808	19979
6	19979
673	19979
8245	19980
13748	19980
15942	19980
8246	19980
5636	19980
12682	19980
3158	19980
8249	19981
19938	19981
3100	19981
13765	19982
19429	19982
7228	19982
15870	19982
18256	19982
15873	19982
17844	19982
17851	19982
18985	19982
16939	19982
17846	19982
19915	19983
19434	19983
15883	19983
14293	19983
19909	19983
19438	19983
17855	19984
17854	19984
19916	19984
19575	19984
15891	19984
5640	19985
13775	19986
8751	19986
14304	19986
8751	19987
19734	19987
13775	19987
18985	19988
264	19988
513	19988
15878	19988
19928	19988
19920	19989
7581	19989
3120	19989
5698	19989
3911	19990
1763	19990
9667	19990
19991	19991
10469	19991
5294	19991
7583	19991
19917	19991
19447	19991
7581	19991
3362	19991
17891	19991
16407	19992
16407	19993
18262	19994
7585	19994
19577	19994
