177	362
267	362
2892	362
1264	362
489	363
1676	364
495	364
3953	364
7098	364
1677	364
7099	364
10280	364
7100	364
10281	364
1678	364
1679	364
5456	364
5457	364
8569	364
741	364
1293	364
8570	364
10102	364
6998	364
14058	364
967	364
16202	364
2967	364
2204	364
742	364
16203	364
10254	364
2968	364
18112	364
18113	364
10257	364
15977	364
17954	364
2901	364
10107	364
1294	364
13884	364
377	364
2969	364
7101	364
8571	364
8572	364
7102	364
2970	364
2205	364
8398	364
12013	364
5458	364
16204	364
5343	364
8402	364
937	364
3961	364
16205	364
3962	364
8514	364
2971	364
2206	364
1295	364
7103	364
968	364
16206	364
16207	364
1296	364
1637	364
6985	364
12019	364
5459	364
10282	364
3966	364
14081	364
14082	364
1680	364
14083	364
14084	364
12192	364
2207	364
14085	364
1681	364
17962	364
4032	364
3969	364
2171	364
17964	364
2208	364
62	365
177	365
56	365
185	365
6	365
1275	365
2265	365
177	366
4	366
279	366
754	366
142	367
64	367
7	367
382	367
177	367
65	367
66	367
67	367
280	367
68	367
755	367
985	367
756	367
177	368
8	368
368	368
986	368
371	369
133	369
56	369
3088	369
16381	369
5632	369
10453	369
10281	369
10433	369
987	369
8744	369
2290	369
989	369
3089	369
14289	369
1666	369
3057	369
4132	369
4133	369
16384	369
1728	369
2892	369
775	369
10454	369
7226	369
4167	369
3058	369
758	369
4154	369
10455	369
14269	369
7227	369
5615	369
8716	369
5496	369
10456	369
12422	369
14275	369
3090	369
760	369
3091	369
1005	369
10448	369
995	369
4168	369
3084	369
4163	369
5633	369
1695	369
3092	369
1276	369
761	369
16396	369
8737	369
12152	369
3093	369
944	369
14290	369
2299	369
1349	369
2236	369
16399	369
2300	369
16400	369
14291	369
1006	369
8745	369
397	370
11	370
285	370
194	370
0	370
270	370
730	370
4170	370
1353	370
1752	370
3097	370
637	370
3098	370
509	370
4171	370
1352	370
135	371
56	371
7054	371
1336	371
8885	371
2378	371
12528	371
12529	371
16513	371
4316	371
1022	371
8886	371
1788	371
12530	371
2276	371
5768	371
4130	371
2379	371
14421	371
5632	371
10453	371
4086	371
8887	371
653	371
4317	371
5769	371
987	371
5334	371
12523	371
12531	371
3230	371
8888	371
7368	371
4318	371
5601	371
14422	371
14423	371
10569	371
8576	371
10570	371
12532	371
8889	371
4319	371
7369	371
8711	371
789	371
5770	371
4038	371
8890	371
1023	371
12533	371
4148	371
14162	371
1383	371
14424	371
8891	371
5771	371
3231	371
3232	371
5772	371
2937	371
16514	371
5773	371
8892	371
1339	371
19601	371
10571	371
12392	371
3233	371
8893	371
10572	371
7370	371
12534	371
7371	371
2380	371
5361	371
3234	371
1024	371
3235	371
767	371
4167	371
4060	371
12535	371
4320	371
3236	371
505	371
14268	371
4321	371
1025	371
8894	371
2900	371
1026	371
10573	371
3237	371
10574	371
1027	371
3238	371
18249	371
10126	371
12536	371
4106	371
5774	371
5775	371
5613	371
4322	371
4323	371
4324	371
16515	371
8716	371
14274	371
7372	371
3239	371
5776	371
790	371
7373	371
3240	371
654	371
16163	371
14425	371
8895	371
8896	371
4056	371
1028	371
1789	371
1790	371
5777	371
506	371
2271	371
1791	371
3241	371
8897	371
14426	371
791	371
5619	371
8364	371
5344	371
8898	371
8899	371
2381	371
4104	371
10575	371
3242	371
3062	371
5778	371
8900	371
5779	371
369	371
4325	371
16516	371
14427	371
2295	371
2382	371
14428	371
5780	371
8901	371
4326	371
1792	371
7225	371
4168	371
5781	371
10576	371
2383	371
1793	371
8902	371
4327	371
4328	371
2281	371
16517	371
5633	371
5583	371
1384	371
978	371
1686	371
1794	371
3243	371
14258	371
4030	371
10577	371
3093	371
12149	371
5782	371
12373	371
12537	371
18348	371
5783	371
10578	371
3244	371
1349	371
4329	371
4330	371
12538	371
5784	371
4331	371
19934	371
19935	371
3245	371
12539	371
7374	371
3246	371
5785	371
792	371
5786	371
16379	371
1029	371
5787	371
1795	371
4332	371
10579	371
14429	371
1796	371
16518	371
294	372
15	372
16	372
1401	372
2418	372
4407	372
13845	372
1826	372
804	372
5896	372
1047	372
1048	372
5402	372
527	372
14599	372
12704	372
2419	372
1402	372
528	372
1049	372
951	372
19678	372
4408	372
5822	372
18523	372
1827	372
4409	372
3307	372
5897	372
17	373
295	373
373	373
1050	373
1051	373
657	373
1403	373
1404	373
529	373
14600	373
1405	373
13845	373
1406	373
805	373
806	373
10724	373
2420	373
1052	373
9008	373
14601	373
16709	373
1407	373
807	373
527	373
9009	373
10725	373
12705	373
2421	373
2422	373
1053	373
1054	373
14602	373
530	373
1055	373
2423	373
1056	373
3308	373
531	373
3309	373
5898	373
658	373
10726	373
3310	373
18524	373
5899	373
141	374
135	374
12363	374
17022	374
4130	374
6139	374
8888	374
12364	374
11120	374
15058	374
12365	374
11009	374
14265	374
13060	374
14241	374
15059	374
9219	374
18240	374
2914	374
11121	374
6140	374
14927	374
1096	374
4127	374
14190	374
3481	374
14245	374
11011	374
11122	374
13061	374
17026	374
545	374
16239	374
2214	374
12369	374
3482	374
12370	374
2271	374
6141	374
6142	374
12959	374
15060	374
6143	374
2927	374
10525	374
9320	374
1911	374
8424	374
3053	374
15061	374
12961	374
17033	374
15062	374
13062	374
1097	374
16377	374
9321	374
10081	374
17161	374
12964	374
17162	374
2551	374
1098	374
18242	374
17036	374
6144	374
3483	374
3312	374
5585	374
7424	374
14285	374
3055	374
5739	374
5588	374
18774	374
1050	375
9403	375
18976	375
11229	375
11230	375
11231	375
1938	375
844	375
1939	375
8377	375
845	375
1114	375
82	376
6244	376
13208	376
740	376
10249	376
4739	376
1483	376
6227	376
9430	376
9452	376
14050	376
561	376
6229	376
4740	376
5436	376
1955	376
739	376
2197	376
13209	376
4693	376
9416	376
2594	376
13210	376
686	376
1950	376
9417	376
1123	376
4741	376
4694	376
2595	376
9453	376
859	376
17935	376
13211	376
664	376
8380	376
2198	376
571	376
12171	376
11253	376
11287	376
1947	376
4703	376
860	376
6262	376
4742	376
687	376
3555	376
1956	376
9454	376
732	376
13212	376
364	377
2253	377
2619	377
1131	377
13270	377
7868	377
18691	377
4597	377
3575	377
1494	377
2620	377
19064	377
4777	377
967	377
1968	377
865	377
7869	377
1969	377
688	377
4778	377
5540	377
1963	377
1320	377
1715	377
1319	377
2621	377
6287	377
1970	377
16466	377
1871	377
6317	377
1132	377
1495	377
4779	377
3247	377
1091	377
1971	377
1710	377
1515	378
7154	378
5539	378
2685	378
875	378
1317	378
5340	378
13435	378
4085	378
1301	378
9629	378
2686	378
876	378
2904	378
18218	378
272	379
327	379
28	379
1541	379
13289	379
5477	379
1683	379
585	379
1308	379
5540	379
532	379
1320	379
6307	379
2904	379
1710	379
318	380
78	380
1131	380
17687	380
1542	380
4586	380
3732	380
18411	380
2968	380
971	380
2731	380
1320	380
1715	380
17688	380
15292	380
2616	380
1695	380
6629	380
1919	380
2904	380
1710	380
271	381
1687	381
1377	381
5353	381
3450	381
4587	381
1180	381
9847	381
1898	381
1309	381
3451	381
3678	381
111	382
1211	382
2092	382
367	382
133	383
387	383
133	384
2111	384
635	384
133	385
141	386
133	386
1227	386
143	387
133	387
383	387
1100	387
133	388
133	389
133	390
281	391
137	391
133	391
392	392
10	392
133	392
13729	392
15849	392
6807	392
5146	392
15779	392
5902	392
1344	392
19414	392
2120	392
1104	392
15783	392
5152	393
711	393
6813	393
2125	393
2126	393
1751	393
17833	393
1232	393
5153	393
5634	393
9968	393
8227	393
2803	393
6814	393
8228	393
589	393
11856	393
11857	393
1594	393
9969	393
5154	393
6052	393
5155	393
2804	393
15855	393
19417	393
11858	393
8746	393
11859	393
3971	393
2127	393
11398	393
9970	393
1233	393
3847	393
1234	393
19906	393
2805	393
11860	393
2806	393
9971	393
8229	393
3848	393
406	394
289	394
0	394
5157	394
8230	394
11861	394
8231	394
9972	394
5158	394
1596	394
5159	394
3851	394
1597	394
1278	394
9973	394
5160	394
9974	394
5161	394
11862	394
5162	394
3852	394
913	394
2807	394
5866	394
8232	394
17834	394
6815	394
4280	394
15856	394
11863	394
3973	394
9975	394
2808	394
0	395
473	395
262	395
716	395
1236	395
11	396
0	396
176	396
2131	396
5165	396
1599	396
2132	396
1600	396
11	397
0	397
1752	397
717	397
718	397
3853	397
370	397
1007	397
915	397
1352	397
2133	397
11	398
283	398
0	398
0	399
0	400
2134	400
0	401
2135	401
1237	401
916	401
47	402
1072	402
2138	402
2818	402
8748	402
13755	402
18256	402
2139	402
6832	402
15866	402
17842	402
1601	402
3872	402
1241	402
19737	402
623	402
11763	402
624	402
6833	402
3102	402
5182	402
921	402
17843	402
2819	402
1754	402
922	402
1602	402
1242	402
11880	402
2140	402
19422	402
2820	402
923	402
2303	402
924	402
3873	402
6834	402
14293	402
1603	402
611	402
13756	402
2821	402
3104	402
5183	402
5184	402
11881	402
925	402
926	402
512	402
5185	402
5186	402
927	402
4178	402
2141	402
263	403
493	403
13772	403
3887	403
11892	403
650	403
662	403
5201	403
2836	403
493	404
1247	404
264	405
265	405
1249	405
1356	405
10001	405
779	405
624	405
640	405
933	405
5220	405
8278	405
1250	405
687	405
13778	405
197	406
270	406
406	406
1072	406
2309	406
1627	406
5855	406
7298	406
3548	406
516	406
2352	406
394	406
5713	406
8339	406
2883	406
1362	406
935	406
3196	406
357	406
926	406
19448	406
648	406
1777	406
3973	406
732	406
3564	406
714	406
270	407
676	407
69	408
49	408
340	408
1213	408
5732	408
10716	409
4316	409
5600	409
14594	409
6802	409
3795	409
8479	409
831	409
13942	409
4147	409
14498	409
3652	409
3384	409
3442	409
5883	409
418	409
15390	409
1079	409
1226	409
593	409
17810	409
538	409
7896	409
1025	409
1895	409
12457	409
3248	409
15843	409
827	409
494	409
1225	409
8503	409
3651	409
3690	409
1445	409
14033	409
12695	409
10614	409
1871	409
736	409
1395	409
15331	409
2533	409
7161	409
6503	409
2281	409
889	409
2010	409
1004	409
1587	409
3312	409
9942	409
4331	409
12539	409
15332	409
2699	409
3678	409
13691	410
8441	410
594	410
14613	410
16618	410
4366	411
954	411
16072	412
530	412
16074	412
99	413
247	413
6077	413
15842	413
1654	413
13335	413
14272	413
2794	413
551	413
9006	413
15361	413
1555	413
4406	413
4143	413
16883	414
10184	414
2464	415
1861	415
11894	415
561	415
1255	415
6878	415
1425	415
9125	415
10188	415
7579	415
1012	415
416	416
5478	416
7589	416
1124	416
8687	416
14736	416
11674	416
11122	416
1560	416
5778	416
17034	416
9782	416
3339	416
6574	416
19401	416
1657	416
1427	416
18106	416
10375	416
6295	416
15389	416
3340	416
15346	416
4989	416
16138	417
18917	417
17742	417
18898	417
14854	417
15698	417
10926	417
16950	417
16774	417
14659	417
7595	417
11593	417
14967	417
2923	417
11599	417
14859	417
18566	417
16957	417
14688	417
19943	417
18695	417
7599	417
19970	417
409	418
12	418
5600	418
3384	418
538	418
494	418
12895	418
1429	418
2187	418
1872	418
16396	418
3678	418
15	419
1	419
294	419
15002	420
626	420
10969	420
7708	420
4612	420
203	421
181	421
156	421
1874	421
7751	421
135	422
279	422
305	422
13567	422
8686	422
9657	422
1027	422
8699	422
5109	422
2555	422
4828	422
3487	422
8702	422
15656	422
2214	422
18121	422
6142	422
3052	422
12372	422
5583	422
1098	422
1461	422
14255	422
5585	422
2272	422
136	423
135	423
3	423
183	423
9	423
5451	423
1685	423
1162	423
7090	423
6390	423
2098	423
6328	423
3586	423
4024	423
867	423
6312	423
10525	423
3609	423
3370	423
1297	423
1974	423
141	424
5	424
135	424
214	424
227	424
2271	424
231	425
136	425
135	425
214	425
7588	425
1862	425
6375	425
10350	425
2085	425
5985	425
3367	425
15193	425
3586	425
1864	425
867	425
1866	425
6746	425
5585	425
12876	425
5988	425
135	426
138	426
63	426
2084	426
1202	426
1725	426
552	426
1104	426
5739	426
135	427
1096	427
6151	427
135	428
344	428
1876	428
1212	428
1202	428
5	429
135	429
141	429
549	429
7059	430
136	431
738	431
602	431
1580	431
772	431
994	431
879	431
5434	432
4740	432
3358	432
2	433
313	433
301	433
2	434
2	435
563	435
6251	435
4860	435
568	435
312	436
2	436
562	436
683	436
220	437
2	437
2	438
311	438
220	438
27	438
564	438
566	438
567	438
6258	438
2	439
272	440
1989	440
56	441
13135	441
2111	441
15312	441
843	441
56	442
256	442
14162	443
8822	443
16338	443
18171	443
16335	443
3	444
978	445
9	446
276	446
3570	446
2111	446
3433	446
2411	446
228	447
2241	447
137	448
255	448
234	448
137	449
229	449
137	450
139	450
230	450
260	450
451	450
1175	450
583	450
137	451
260	451
3585	451
583	451
450	451
4132	452
12330	452
3760	452
13141	452
17428	452
14336	452
13309	452
17418	452
14230	452
635	452
13118	452
7463	452
247	453
839	453
2247	453
12365	453
14288	453
1186	453
3233	453
5079	453
5615	453
5902	453
8705	453
17828	453
6388	453
19574	453
15695	453
13573	453
6	454
159	454
185	454
122	454
1727	454
636	454
175	455
751	455
141	456
5	456
138	456
139	456
230	456
2085	456
3367	456
12876	456
5988	456
1912	457
1231	457
4820	457
6147	457
8893	457
589	457
1191	457
12367	457
14935	457
14940	457
6	458
315	458
707	458
1515	458
1209	458
875	458
11802	458
7	459
598	459
113	460
66	460
600	461
986	461
9	462
69	462
172	463
29	463
69	463
2798	463
769	463
1217	463
6783	463
703	463
1445	463
10446	463
2415	463
3301	463
6076	463
143	464
266	465
4131	465
4135	465
9765	465
9927	466
3818	466
1789	466
760	466
5633	466
123	467
124	467
504	467
14263	467
6753	467
605	467
6781	467
19382	467
634	467
15782	467
13716	467
13573	467
258	468
125	468
1038	468
1554	468
9892	468
469	468
3644	468
764	468
5618	468
910	468
2790	468
468	469
764	469
14273	470
18547	470
13727	470
507	471
472	472
608	472
283	472
395	473
11	474
289	474
261	474
2869	474
1772	474
196	475
285	475
783	475
3199	475
194	476
26	477
263	477
207	477
4187	477
1009	477
1118	477
4189	477
15867	477
7233	477
3115	477
15231	477
8333	477
5245	477
2584	477
5656	477
5657	477
3123	477
16403	477
4203	477
8315	477
8236	477
10470	477
5667	477
1354	477
7835	477
4214	477
9416	477
3139	477
847	477
4223	477
6275	477
7258	477
1944	477
4756	477
9467	477
3151	477
5171	477
2859	477
3558	477
7832	477
7267	477
1947	477
8316	477
3902	477
13782	477
2336	477
5242	477
10038	477
1770	477
2339	477
5174	477
2340	477
3865	477
4263	477
8784	477
3175	477
5250	477
6281	477
479	478
17	478
1051	478
657	478
1403	478
1404	478
2301	478
1406	478
2420	478
1052	478
1407	478
807	478
1053	478
1054	478
530	478
845	478
1056	478
531	478
17	479
478	479
1050	479
1051	479
657	479
1403	479
1404	479
529	479
821	479
2301	479
1406	479
2420	479
1052	479
1407	479
807	479
1938	479
1053	479
1054	479
530	479
1055	479
1056	479
531	479
510	480
722	480
207	481
2463	481
19424	481
4717	481
510	481
15869	481
571	481
19026	481
15867	482
1753	482
11884	482
11892	482
5189	482
286	483
3888	483
5182	483
9997	483
2844	484
858	484
725	484
1485	484
573	484
511	484
936	485
15930	485
5672	485
1766	486
2128	486
5310	487
14305	487
7282	487
4251	488
3172	488
2343	488
