363	489
3950	489
730	489
2893	489
620	489
1265	489
177	490
267	490
3041	490
2175	490
177	491
5566	491
1718	491
939	491
18238	491
18239	491
2173	491
630	491
5567	491
2174	491
3039	491
8687	491
14235	491
8688	491
631	491
1643	491
12354	491
3041	491
14236	491
4121	491
2263	491
1719	491
940	491
14237	491
12355	491
12356	491
7212	491
943	491
2175	491
3042	491
16369	491
2264	491
12357	491
941	491
4122	491
8689	491
3043	491
1325	491
10414	491
12358	491
12353	491
1326	491
16370	491
1275	491
3044	491
2265	491
1644	491
177	492
135	492
5	492
4	492
279	492
138	492
139	492
140	492
186	492
63	492
141	492
12362	492
12363	492
4081	492
3047	492
3048	492
1328	492
5575	492
10416	492
10417	492
8479	492
10418	492
12364	492
4124	492
8696	492
1271	492
16371	492
12365	492
2270	492
10419	492
5576	492
8697	492
12366	492
5577	492
14241	492
14242	492
3049	492
14243	492
4125	492
18240	492
1723	492
16372	492
5578	492
10420	492
8698	492
4126	492
1642	492
5579	492
14244	492
3050	492
7211	492
4127	492
1724	492
8699	492
14245	492
8700	492
14246	492
14247	492
14248	492
8701	492
5580	492
12355	492
16373	492
14249	492
8702	492
12367	492
8703	492
12368	492
16374	492
8704	492
14250	492
12369	492
5581	492
12370	492
16375	492
4128	492
2271	492
3051	492
14251	492
3052	492
982	492
3053	492
1725	492
5582	492
8705	492
18241	492
1726	492
983	492
12371	492
16376	492
16377	492
10421	492
14252	492
984	492
14253	492
12372	492
10422	492
7215	492
14254	492
5583	492
8706	492
3054	492
1329	492
18242	492
8707	492
14255	492
12373	492
12353	492
5584	492
5585	492
12374	492
5586	492
753	492
12375	492
16378	492
5587	492
8493	492
12376	492
10423	492
2272	492
16379	492
3055	492
8708	492
8709	492
14256	492
12377	492
14257	492
5588	492
195	493
403	493
286	493
404	493
8750	493
638	493
1355	493
19575	493
4179	493
2304	493
5640	493
4180	493
8751	493
1757	493
2893	493
7230	493
76	494
271	494
409	494
12	494
154	494
155	494
418	494
77	494
209	494
69	494
5521	494
3067	494
19562	494
18700	494
7609	494
9160	494
9161	494
1869	494
19742	494
9162	494
10952	494
1868	494
3383	494
1078	494
4147	494
3384	494
16971	494
4497	494
1079	494
12330	494
9163	494
1870	494
757	494
16974	494
12354	494
7610	494
6966	494
14867	494
18456	494
9164	494
9165	494
8393	494
5998	494
14868	494
10953	494
3385	494
12894	494
8572	494
7189	494
9166	494
12895	494
2473	494
14337	494
9167	494
1871	494
820	494
1429	494
1080	494
2474	494
9168	494
16975	494
1430	494
12896	494
5999	494
1872	494
2237	494
7611	494
2475	494
9169	494
1004	494
3249	494
18142	494
18701	494
14192	494
16976	494
12186	494
1431	494
3386	494
14869	494
7005	494
364	495
15966	495
19742	495
4084	495
8555	495
19056	495
2614	495
2980	495
4074	495
9165	495
1963	495
827	495
4355	495
8630	495
2615	495
10274	495
9484	495
8562	495
11344	495
6307	495
18209	495
1872	495
6308	495
2905	495
6309	495
12186	495
1639	495
8415	495
272	496
4791	496
13360	496
11359	496
12979	496
17058	496
13288	496
19117	496
8555	496
1139	496
6059	496
11026	496
13872	496
741	496
13289	496
9563	496
3001	496
12003	496
1972	496
10288	496
2568	496
4850	496
4794	496
1683	496
18097	496
13096	496
7118	496
1308	496
15978	496
16278	496
7883	496
2996	496
7928	496
15979	496
9520	496
4851	496
11013	496
10343	496
8572	496
18893	496
1690	496
5467	496
17957	496
17178	496
1989	496
9564	496
10289	496
2245	496
1698	496
13077	496
6307	496
1299	496
2649	496
15376	496
2905	496
5508	496
17454	496
8617	496
13361	496
16282	496
8417	496
14392	496
6332	496
12246	496
16247	496
10354	496
15377	496
56	497
32	497
291	497
152	497
4673	497
8647	497
12528	497
6556	497
13110	497
17221	497
5425	497
16316	497
8026	497
13123	497
11193	497
12641	497
17170	497
15211	497
8648	497
13112	497
11172	497
3232	497
3633	497
17293	497
5773	497
10656	497
7185	497
9373	497
11173	497
7917	497
12345	497
2940	497
7916	497
972	497
16526	497
2361	497
13345	497
3510	497
4322	497
6449	497
10403	497
15170	497
13124	497
15172	497
4007	497
9369	497
17243	497
5347	497
7771	497
736	497
12346	497
13113	497
18939	497
2414	497
6181	497
8717	497
15130	497
7158	497
9594	497
15169	497
8957	497
5349	497
15149	497
17989	497
15150	497
15300	497
3512	497
5480	497
4676	497
3693	497
13122	497
9370	497
325	498
563	498
17614	498
15585	498
8051	498
9538	498
11571	498
4947	498
1526	498
4948	498
11572	498
4133	498
2038	498
697	498
2707	498
9717	498
8052	498
6579	498
1527	498
1528	498
6116	498
11573	498
1166	498
1167	498
6566	498
3704	498
9283	498
8053	498
2039	498
4949	498
882	498
6580	498
11574	498
12021	498
883	498
1529	498
15183	498
11555	498
1530	498
4950	498
11575	498
857	498
13512	498
698	498
6034	498
14284	498
699	498
9718	498
11576	498
11577	498
685	498
884	498
3705	498
4951	498
499	499
18568	499
9403	499
11514	499
11364	499
6651	499
6652	499
2736	499
15586	499
17707	499
11687	499
6653	499
15706	499
19335	499
17708	499
17709	499
19336	499
11688	499
15520	499
18569	499
11689	499
15707	499
6654	499
17710	499
9822	499
8109	499
15708	499
8028	499
17565	499
13604	499
3993	499
11366	499
5024	499
17711	499
19250	499
5025	499
5026	499
15625	499
17554	499
11690	499
8003	499
16941	499
11691	499
17712	499
15709	499
11515	499
15710	499
9823	499
9824	499
11692	499
9825	499
11349	499
18571	499
17713	499
13584	499
8110	499
17500	499
6608	499
17084	499
3748	499
2737	499
3602	499
2251	499
4808	499
19337	499
15316	499
13605	499
6655	499
6656	499
13606	499
9664	499
13607	499
17714	499
8111	499
15711	499
19338	499
2058	499
8112	499
11693	499
9826	499
15712	499
9665	499
3749	499
5027	499
14459	499
15713	499
3592	499
11694	499
17715	499
14509	499
19339	499
11695	499
14840	499
11696	499
4096	499
9135	499
9827	499
9666	499
8113	499
19340	499
13608	499
15384	499
6657	499
18846	499
6989	499
17716	499
11450	499
15641	499
9526	499
11697	499
8909	499
8114	499
11698	499
5028	499
17534	499
5029	499
8115	499
3750	499
16311	499
17567	499
6658	499
9681	499
16612	499
2059	499
13609	499
13610	499
18563	499
5030	499
11699	499
13433	499
13094	499
15714	499
19341	499
6559	499
19342	499
4101	499
11700	499
9828	499
11701	499
8116	499
15715	499
11702	499
8117	499
8118	499
15278	499
13611	499
14189	499
3741	499
17404	499
17405	499
8119	499
3751	499
9829	499
15529	499
2962	499
2738	499
19343	499
3752	499
7477	499
8120	499
11703	499
11704	499
17717	499
5031	499
7496	499
8121	499
6659	499
19892	499
9830	499
1545	499
14376	499
8122	499
8009	499
17139	499
5032	499
9506	499
11705	499
17718	499
6563	499
5935	499
6660	499
3596	499
3753	499
10619	499
8123	499
13301	499
9831	499
11373	499
15683	499
17719	499
17678	499
9832	499
13612	499
6001	499
6540	499
3593	499
7497	499
13613	499
19097	499
8124	499
15716	499
15321	499
3994	499
17720	499
15717	499
9833	499
8125	499
3754	499
10817	499
15718	499
15719	499
11298	499
8446	499
3686	499
19872	499
11706	499
11368	499
13614	499
14710	499
11707	499
13615	499
5033	499
11684	499
11708	499
11650	499
8029	499
17721	499
8126	499
13351	499
19344	499
19345	499
8127	499
15720	499
12103	499
5034	499
19973	499
11709	499
19346	499
2235	499
15721	499
12894	499
6661	499
9834	499
8030	499
11710	499
8128	499
6662	499
4761	499
5035	499
17722	499
17723	499
11711	499
17724	499
19234	499
13616	499
9835	499
11369	499
10781	499
17409	499
3755	499
11712	499
4906	499
2739	499
15722	499
13451	499
15049	499
5729	499
6544	499
17218	499
10542	499
8129	499
5907	499
11713	499
2916	499
15325	499
13377	499
8130	499
15723	499
15312	499
15724	499
15725	499
9836	499
9837	499
17578	499
19347	499
11714	499
9838	499
9839	499
17725	499
13617	499
19209	499
11715	499
2231	499
11716	499
18364	499
13618	499
11717	499
11718	499
19348	499
11370	499
8131	499
6663	499
9840	499
15726	499
6664	499
18590	499
19349	499
15326	499
5036	499
2060	499
3756	499
10945	499
6665	499
9349	499
11719	499
11667	499
3683	499
5037	499
16967	499
11720	499
6666	499
15662	499
14148	499
6435	499
17726	499
8132	499
7713	499
11545	499
6667	499
13619	499
8013	499
17727	499
11721	499
11669	499
3380	499
17728	499
17729	499
3757	499
19350	499
11722	499
9632	499
9841	499
5038	499
8133	499
10937	499
13620	499
11371	499
13401	499
6668	499
13180	499
17730	499
7521	499
19351	499
11685	499
1530	499
2979	499
6350	499
6669	499
19132	499
13621	499
17731	499
17595	499
15727	499
9842	499
7093	499
13622	499
19352	499
15540	499
13965	499
19210	499
8015	499
11723	499
16818	499
17732	499
11724	499
15728	499
13599	499
3493	499
17733	499
6670	499
9843	499
13623	499
15729	499
3758	499
15730	499
2061	499
19255	499
19353	499
16823	499
17650	499
8134	499
11725	499
11726	499
3465	499
17087	499
6671	499
9844	499
8135	499
13624	499
3759	499
11727	499
19974	499
19975	499
4594	499
13178	499
18834	499
13625	499
17734	499
11728	499
8136	499
8137	499
13626	499
19354	499
15565	499
9845	499
16196	499
19242	499
19355	499
13627	499
17735	499
9846	499
5039	499
8138	499
15731	499
6672	499
2209	499
17736	499
9696	499
19356	499
5040	499
9679	499
62	500
8687	500
940	500
5571	501
2766	501
15797	501
15798	501
11789	501
899	501
1563	501
5364	501
5099	501
981	501
5100	501
3800	501
3801	501
941	501
3046	501
3797	501
17786	501
4501	501
12361	501
6742	501
752	501
2769	501
6743	501
4123	501
11788	501
6500	501
282	502
268	502
133	502
8210	502
5107	502
1579	502
758	502
1219	502
8211	502
1000	502
759	502
4891	502
9928	502
3064	502
760	502
13703	502
5633	502
15821	502
761	502
2299	502
99	503
268	503
1745	503
133	504
504	504
124	504
467	504
6753	504
371	505
188	505
133	505
791	505
133	506
371	506
955	506
4321	506
16390	506
2796	506
0	507
471	507
1235	507
0	508
3097	508
3098	508
370	509
0	509
3098	509
207	510
480	510
481	510
4173	510
2463	510
5178	510
8251	510
10457	510
2817	510
623	510
5179	510
5180	510
3102	510
7229	510
4176	510
3870	510
4177	510
3871	510
1008	510
3359	510
722	510
5181	510
4178	510
16105	510
359	511
484	511
624	511
2844	511
847	511
725	511
1610	511
402	512
208	512
512	512
13755	512
18256	512
1611	512
1601	512
1612	512
624	512
19425	512
19913	512
921	512
19422	512
5197	512
924	512
15883	512
2145	512
9999	512
732	512
1356	513
8276	513
2846	513
779	513
5214	513
624	513
640	513
3891	513
13777	513
2305	513
1613	513
858	513
6851	513
10000	513
11899	513
5215	513
514	513
17859	513
5216	513
5217	513
1485	513
1248	513
5218	513
2845	513
5219	513
19450	513
8275	513
861	513
8277	513
1956	513
2146	513
19988	513
2847	513
639	513
2848	513
639	514
359	514
573	514
513	514
9450	514
624	514
10002	514
2147	514
640	514
1613	514
858	514
8279	514
5216	514
1485	514
1248	514
5219	514
2199	514
861	514
2146	514
360	515
131	515
515	515
4184	515
4187	515
3563	515
7932	515
19453	515
4195	515
1763	515
16403	515
3125	515
5226	515
934	515
3127	515
4209	515
3130	515
11311	515
19419	515
2319	515
1354	515
2320	515
3139	515
8284	515
5227	515
5681	515
4755	515
3149	515
2137	515
15859	515
3154	515
3894	515
4238	515
1616	515
2330	515
5228	515
5692	515
5229	515
1770	515
11292	515
3169	515
269	515
2342	515
15897	515
7284	515
3895	515
2345	515
8788	515
2347	515
1774	515
7840	515
516	516
285	516
196	516
270	516
406	516
288	516
1359	516
947	516
642	516
3194	516
3199	516
197	517
270	517
1762	517
645	517
7467	517
732	517
519	518
832	518
2537	518
7301	518
16424	518
1649	518
8799	518
17855	518
5714	518
9265	518
518	519
16422	519
832	519
1371	519
1885	519
13909	519
1259	519
7301	520
5714	520
10504	520
8797	520
16011	520
547	521
141	521
5	521
135	521
138	521
139	521
140	521
2524	521
8830	521
8424	521
1198	521
1199	521
12035	522
8448	522
13981	522
2941	522
16109	522
10744	522
1875	522
3322	522
6373	522
3266	522
801	522
12124	522
4416	522
10761	522
4418	522
2424	522
16733	522
10687	522
14646	522
7495	522
10705	522
1667	522
3300	522
10647	522
11071	523
3459	523
6093	523
7697	523
3750	523
1435	523
1089	523
3999	523
7698	523
6088	523
13474	523
2535	523
12051	523
1902	523
16963	523
1885	523
11072	523
1903	523
17729	523
833	523
6092	523
4608	523
2687	523
221	524
169	524
562	524
315	524
5529	524
3209	524
632	524
16739	524
5056	524
534	524
17796	524
971	524
2258	524
11275	524
8466	524
8678	524
10615	524
12056	524
2243	524
871	524
2616	524
1172	524
4729	524
4884	524
11281	524
14986	524
2004	524
6694	524
6129	524
4886	524
3661	524
99	525
258	525
134	525
2	526
349	526
526	526
6634	526
18936	526
16353	526
13701	526
5473	526
17500	526
9810	526
1699	526
6306	526
8079	526
13521	526
17399	526
14267	526
8904	526
9921	526
15618	526
14375	526
12397	526
18852	526
8944	526
10876	526
17047	526
11709	526
19361	526
1332	526
9670	526
10331	526
7943	526
11457	526
15437	526
9548	526
9615	526
12191	526
7471	526
11382	526
19207	526
11666	526
11667	526
13204	526
5624	526
9616	526
7812	526
7183	526
8047	526
7191	526
19711	526
3650	526
17463	526
12079	526
12879	526
17	527
372	527
373	527
1053	527
531	527
1049	527
372	528
1053	528
1940	528
1827	528
479	529
373	529
17	529
1116	529
657	529
1403	529
11233	529
1407	529
18518	529
1053	529
14850	529
658	529
479	530
412	530
478	530
373	530
17	530
1407	530
807	530
1938	530
844	530
11086	530
1114	530
373	531
657	531
17	531
478	531
479	531
527	531
1403	531
1404	531
1406	531
2420	531
90	532
51	532
379	532
3331	532
969	532
6825	532
7520	532
3603	532
5768	533
17717	533
8122	533
4930	533
7029	533
562	534
524	534
2	534
312	534
4726	534
4727	534
7031	534
16329	534
202	535
7491	535
11060	535
9102	535
3346	535
10895	535
9307	535
8943	535
1852	535
1411	535
5402	535
7416	535
9111	535
7036	535
18598	535
2457	535
12845	535
7559	535
19713	535
16887	535
3345	535
18553	535
7563	535
5974	535
205	536
1401	536
14803	536
7036	536
16910	536
8468	536
1066	537
7036	537
1420	537
4408	537
76	538
296	538
409	538
12	538
154	538
328	538
155	538
418	538
77	538
1869	538
16287	538
1868	538
9172	538
10957	538
7610	538
1229	538
6001	538
1429	538
1395	538
7469	538
2187	538
2010	538
9169	538
210	539
1	539
4499	539
16977	539
1060	539
1285	540
863	540
4905	540
7855	540
6070	540
20	541
3458	541
1089	541
833	541
4000	541
2	542
16142	542
9441	542
679	542
2931	542
9442	542
4724	542
15030	542
1907	542
12317	542
2433	542
6251	542
18858	542
682	542
7825	542
1584	542
2117	542
1710	542
302	543
181	543
182	544
135	545
374	545
1383	545
1027	545
2555	545
1101	545
4641	545
4168	545
1918	545
1461	545
12192	545
5585	545
239	546
136	546
135	546
982	546
1726	546
137	547
227	547
521	547
141	547
9	547
5	547
139	547
140	547
135	547
81	547
5985	547
6290	547
6387	547
135	548
4168	548
429	549
136	549
135	549
5	549
230	549
166	549
9132	549
2085	549
3367	549
1027	549
12875	549
14935	549
10525	549
12290	549
5585	549
753	549
6755	549
141	550
135	550
552	550
5	550
138	550
140	550
227	550
135	551
413	551
119	552
56	552
141	552
135	552
5	552
138	552
139	552
227	552
426	552
4130	552
5575	552
10811	552
1099	552
550	552
2214	552
9782	552
753	552
5739	552
9818	553
10839	553
4593	553
13410	553
11799	553
5045	553
9687	553
3623	553
9915	553
9688	553
8536	553
14715	553
6305	553
11082	553
6172	553
2240	553
3787	553
2802	553
18926	553
19393	553
8023	553
17802	553
8066	553
15443	553
13486	553
3004	553
2778	553
17558	553
11808	553
6365	553
11203	553
11610	553
1451	553
1452	553
19979	553
19858	553
2378	554
632	554
1290	554
71	555
3474	555
8542	555
835	555
8878	555
16917	556
1422	556
737	556
9307	556
3532	556
10898	556
10899	556
13055	556
19695	556
16920	556
53	557
1209	557
6207	557
3527	557
3808	557
1143	557
46	558
53	558
558	558
2941	559
3266	559
9392	559
3325	559
218	560
3258	560
846	560
2946	560
1850	560
415	561
82	561
376	561
4739	561
739	561
4741	561
314	562
563	562
277	562
436	562
221	562
315	562
310	562
2	562
5053	562
4723	562
9822	562
524	562
16353	562
8054	562
1951	562
7823	562
4981	562
9443	562
7784	562
3806	562
534	562
6248	562
851	562
6116	562
9444	562
3594	562
853	562
6251	562
10615	562
16973	562
6252	562
791	562
15809	562
4965	562
4860	562
2243	562
1711	562
2616	562
8082	562
4728	562
4729	562
6255	562
10821	562
11281	562
4732	562
6365	562
6694	562
17766	562
14347	562
2	563
562	563
498	563
435	563
1163	563
6248	563
15239	563
11277	563
6253	563
4860	563
682	563
17322	563
13204	563
4732	563
6694	563
699	563
685	563
8083	563
2	564
311	564
438	564
2	565
222	565
219	565
312	566
438	566
2	566
685	566
2	567
311	567
438	567
6258	567
435	568
2	568
312	568
5053	568
4723	568
9765	568
853	568
6694	568
2	569
316	569
14657	569
312	570
2	570
7203	570
850	570
4860	570
15242	570
207	571
376	571
481	571
289	571
5440	572
359	573
484	573
11902	573
17860	573
2584	573
6852	573
10002	573
640	573
2305	573
1613	573
2849	573
858	573
6851	573
514	573
5216	573
1485	573
11888	573
4183	573
1248	573
17858	573
2845	573
8275	573
2199	573
861	573
8277	573
13776	573
1956	573
639	573
4045	574
2379	574
2074	574
789	574
4935	574
5569	574
908	574
887	574
5613	574
1575	574
3743	574
3784	574
1686	574
4825	574
4030	574
3244	574
792	574
1987	574
1295	575
136	576
276	576
188	576
69	576
340	576
10453	576
3515	576
1685	576
6676	576
9570	576
11130	576
2216	576
10516	576
8217	576
843	576
4849	576
13441	576
3492	576
878	576
5466	576
183	577
231	577
69	577
633	577
656	577
56	578
1316	579
2394	579
1021	579
976	579
728	579
3267	579
1893	580
1516	580
1700	580
1847	580
5529	581
1538	581
13548	581
17671	581
15636	581
9768	581
9775	581
5529	582
9606	582
4884	582
4886	582
137	583
139	583
260	583
450	583
451	583
1175	583
4904	583
6330	583
4905	583
166	584
137	584
260	584
379	585
187	585
143	585
256	585
990	585
760	585
10411	586
8684	587
8686	588
4732	588
751	589
457	589
393	589
1191	589
3888	590
14235	590
1608	590
9997	590
591	591
2266	591
1188	591
141	592
5	592
2012	592
757	592
1000	592
759	592
1080	592
879	592
761	592
409	593
1868	593
3442	593
9247	593
9164	593
4161	593
3651	593
18241	593
1871	593
1004	593
10639	593
410	594
880	594
14252	594
72	595
1398	595
1990	595
1409	595
2773	595
5585	595
6	596
7	597
13593	597
7	598
459	598
756	598
96	599
2010	599
2525	599
18254	599
756	599
461	600
986	600
77	601
188	601
119	601
431	602
15508	602
988	602
1981	602
1577	602
3061	602
1332	602
3815	603
10427	603
3386	603
12620	604
5923	604
2283	604
348	605
467	605
998	605
172	606
87	606
239	606
1824	606
5610	606
8202	606
1445	606
2773	606
3301	606
905	606
6076	606
296	607
201	607
771	607
472	608
283	608
4170	609
4171	610
208	611
402	611
17842	611
2819	611
19422	611
3873	611
722	611
9999	611
4178	611
195	612
75	612
5296	612
9129	612
920	612
2842	612
4482	612
19942	612
2876	612
7292	612
613	613
286	613
615	613
286	614
638	614
11893	614
5202	614
4471	614
3363	614
5204	614
8269	614
4482	614
613	615
638	615
931	615
1247	615
4184	616
5643	617
1056	617
1046	617
5245	618
3202	618
3161	618
1363	618
14308	618
11866	619
15930	619
5171	619
4251	619
3172	619
2343	619
8325	619
