489	620
270	620
2177	620
1277	620
947	620
1646	620
1278	620
3972	620
1647	620
731	620
2893	620
1279	620
3973	620
732	620
177	621
267	621
177	622
62	622
940	622
19500	622
510	623
402	623
623	623
4173	623
3101	623
10457	623
1753	623
8748	623
5637	623
7228	623
18256	623
5638	623
4174	623
947	623
3102	623
777	623
7229	623
4175	623
3103	623
4176	623
18257	623
4177	623
1754	623
2303	623
1008	623
14292	623
14293	623
778	623
1755	623
3104	623
2893	623
4178	623
1756	623
8749	623
5639	623
10458	623
3105	623
402	624
511	624
512	624
639	624
513	624
405	624
514	624
1356	624
779	624
8752	624
640	624
2305	624
4181	624
8753	624
4182	624
4183	624
5641	624
3106	624
10459	624
2893	624
1758	624
1265	624
200	625
296	625
201	625
72	625
2425	625
11987	625
1408	625
8958	625
7481	625
1828	625
1409	625
12712	625
1057	625
420	626
11077	626
11078	626
13029	626
7623	626
10969	626
7707	626
17112	626
15960	626
7704	626
4613	626
11079	626
13030	626
4617	626
4618	626
4619	626
11154	627
11155	627
1081	627
3503	627
3488	627
2202	627
1916	627
10445	627
10082	627
7059	627
7180	628
1286	628
13095	628
4033	628
16720	628
4037	628
5422	628
11159	628
18915	628
2201	628
3216	628
16253	628
7669	628
12173	628
7519	628
8574	628
14960	628
7376	628
5532	628
7370	628
4661	628
2234	628
2568	628
4659	628
7759	628
2569	628
1705	628
13096	628
7760	628
2238	628
2935	628
9346	628
4579	628
1294	628
7761	628
8398	628
6170	628
980	628
12981	628
5458	628
7750	628
10143	628
8579	628
15115	628
2934	628
17059	628
5520	628
7387	628
18904	628
10116	628
5533	628
6164	628
10083	628
10266	628
14026	628
8617	628
5789	628
9337	628
1468	628
7152	628
705	629
133	629
2758	629
6718	629
15691	629
2073	629
10430	629
13663	629
2173	629
10432	629
2074	629
15434	629
789	629
2075	629
14264	629
3012	629
8722	629
11769	629
3075	629
19381	629
3076	629
10454	629
3783	629
6719	629
8724	629
1743	629
18249	629
5079	629
15779	629
16390	629
5902	629
1344	629
16392	629
6720	629
8728	629
4162	629
8731	629
6638	629
1005	629
14281	629
3743	629
10450	629
3784	629
5625	629
19382	629
4166	629
18253	629
5628	629
13573	629
491	630
491	631
4	631
631	631
5086	631
524	632
554	632
275	632
343	632
133	632
1701	632
2378	632
8886	632
6049	632
11620	632
3515	632
11622	632
1124	632
15831	632
12393	632
17461	632
1115	632
13132	632
15832	632
1290	632
14916	632
11833	632
1333	632
13048	632
4779	632
1349	632
11201	632
2046	632
15346	632
1462	632
133	633
46	633
577	633
3839	633
19323	633
133	634
467	634
276	635
119	635
188	635
133	635
384	635
452	635
349	636
350	636
133	636
171	636
169	636
6	636
454	636
9939	636
1336	636
5107	636
738	636
2776	636
1727	636
1446	636
1339	636
9940	636
19415	636
6812	636
1929	636
1742	636
2800	636
9903	636
7949	636
3078	636
1342	636
2292	636
1593	636
8727	636
772	636
3845	636
3846	636
2525	636
2801	636
1210	636
370	637
353	637
3098	637
1352	637
493	638
614	638
615	638
286	638
13773	638
931	638
2837	638
8270	638
6844	638
8271	638
932	638
573	639
359	639
513	639
514	639
6849	639
624	639
640	639
9130	639
2305	639
858	639
5211	639
5212	639
17858	639
2845	639
8275	639
861	639
6850	639
13776	639
5213	639
1956	639
2146	639
624	640
514	640
639	640
573	640
513	640
726	640
405	640
1356	640
11902	640
13783	640
779	640
10003	640
6852	640
3892	640
11903	640
5221	640
3891	640
2849	640
858	640
6853	640
5212	640
13784	640
4183	640
1248	640
13785	640
861	640
3893	640
6857	640
6854	640
6858	640
5225	640
270	641
1362	641
915	641
784	641
732	641
285	642
270	642
516	642
196	642
270	643
285	643
196	643
643	643
1358	643
3190	643
781	643
647	643
270	644
270	645
517	645
646	646
270	646
643	647
285	647
270	647
406	648
270	648
8755	648
3099	648
11894	648
6910	648
4210	648
5261	648
7294	648
5666	648
3161	648
15267	648
5273	648
1363	648
11286	648
17298	648
7281	648
3200	648
1277	649
403	650
947	650
3851	650
1626	650
2828	650
1371	651
1885	651
10504	651
5359	651
290	652
12034	652
7516	652
6998	652
16570	652
14419	652
1907	652
1512	652
2930	652
8849	652
1410	652
2054	652
1021	652
1082	652
9286	652
9415	652
7792	652
825	652
8877	652
1020	652
5746	652
7726	652
5764	652
371	653
4638	653
371	654
96	654
5893	654
198	655
1837	655
3975	655
59	656
51	656
56	656
183	656
577	656
29	656
3	656
9	656
276	656
188	656
152	656
69	656
10507	656
6391	656
2651	656
6198	656
11619	656
8802	656
15151	656
3515	656
6608	656
14591	656
16274	656
9377	656
2643	656
1870	656
14522	656
16158	656
7869	656
6785	656
1990	656
2676	656
16708	656
17354	656
1191	656
5381	656
13577	656
10717	656
3579	656
9003	656
5902	656
8959	656
4047	656
11782	656
12206	656
8219	656
2050	656
8045	656
3647	656
4849	656
5734	656
4978	656
3301	656
5441	656
6611	656
9230	656
6778	656
5585	656
16823	656
10452	656
19935	656
19952	656
2688	656
3306	656
12139	656
9633	656
7312	656
4823	656
479	657
478	657
373	657
529	657
17	657
1050	657
1051	657
1404	657
2420	657
1052	657
1407	657
1053	657
845	657
531	657
17	658
373	658
529	658
51	659
2033	659
5912	659
51	660
51	661
9833	661
208	662
403	662
662	662
12089	662
3853	662
180	663
13840	663
4471	663
2157	663
4472	663
7582	663
10907	663
298	664
376	664
3360	664
733	664
1423	664
13191	664
2466	664
8254	664
3358	664
1073	664
4478	664
2867	665
2405	665
1661	665
1287	666
1287	667
5411	668
5718	668
1450	669
7053	669
13057	669
6776	669
12125	670
15050	670
835	670
19655	670
14982	670
17082	670
135	671
8712	671
1990	671
15069	671
6141	671
1915	671
12961	671
15035	671
135	672
1456	672
11110	672
6	673
335	673
349	673
17502	673
2778	673
7061	673
19979	673
231	674
321	674
276	674
188	674
69	674
7428	674
9385	674
6197	674
9569	674
1727	674
6050	674
9570	674
3579	674
17242	674
4849	674
7884	674
8739	674
16304	674
19546	674
5116	674
6	675
185	675
169	675
349	675
738	675
9916	675
676	676
407	676
9982	676
1243	676
5187	676
1244	676
10249	676
4739	676
9983	676
2947	676
4719	676
5196	676
4717	676
3874	676
13209	676
17845	676
2830	676
4177	676
8551	676
6918	676
3356	676
2467	676
3886	676
8252	676
1860	676
5190	676
8301	676
3884	676
17857	676
3876	676
11314	676
1074	676
1604	676
11315	676
1483	677
7077	677
4740	677
739	677
847	677
3853	677
1476	677
28	678
169	678
327	678
12156	678
3733	678
3810	678
219	679
2	679
542	679
2	680
2	681
563	682
2	682
542	682
5053	682
9440	682
16353	682
1951	682
7824	682
17668	682
849	682
7529	682
6253	682
2121	682
9773	682
3339	682
4732	682
857	682
1546	682
685	682
884	682
436	683
2	683
219	683
2	684
312	684
566	685
563	685
219	685
498	685
2	685
682	685
325	685
9088	685
3554	685
2591	685
5033	685
11574	685
18612	685
9448	685
6257	685
884	685
376	686
686	686
15247	686
16459	686
376	687
405	687
10001	687
2589	687
779	687
377	688
275	688
171	689
689	689
4045	689
17423	689
2742	689
19825	689
8806	689
10455	689
15734	689
4035	689
7227	689
5043	689
4846	689
1525	689
7194	689
2110	689
2634	689
183	690
276	690
3515	690
17354	690
4849	690
1338	691
5610	691
1445	691
5486	691
3301	691
934	692
9065	692
3869	692
7136	692
8269	692
2221	693
56	694
56	695
9503	695
58	696
11652	696
498	697
4948	697
1166	697
498	698
11572	698
9960	698
5592	698
2639	698
2455	698
9283	698
5143	698
13512	698
2299	698
563	699
498	699
15633	699
1480	699
9283	699
275	700
8055	700
1712	700
16468	700
79	701
275	701
9818	701
3812	701
15595	701
9727	701
13522	701
19282	701
2653	701
6588	701
11586	701
4960	701
13527	701
17762	701
1511	701
13534	701
11600	701
885	701
15696	701
9744	701
19295	701
1536	701
17644	701
2044	701
17647	701
9656	701
11614	701
275	702
239	703
172	703
276	703
463	703
2798	703
1338	703
1824	703
5610	703
6783	703
8202	703
1445	703
2773	703
3301	703
905	703
6076	703
277	704
7946	704
6451	704
247	705
2108	705
789	705
6753	705
3783	705
18249	705
1344	705
14251	705
15826	705
1350	705
629	705
141	706
5	706
140	706
166	706
6	707
458	707
11802	707
172	708
144	708
3794	708
6625	708
15509	708
1540	708
12	709
3071	709
4158	710
13738	710
393	711
776	712
3850	712
283	713
352	713
406	714
224	714
283	714
3098	714
3094	715
3591	715
395	716
924	716
208	716
3872	716
913	716
1600	716
1236	716
397	717
718	717
3098	717
1352	717
717	718
397	718
3098	718
6816	718
2130	718
1352	718
285	719
1420	719
285	720
1627	720
194	721
13829	721
480	722
510	722
611	722
2818	722
8748	722
777	722
298	723
195	723
10911	723
19468	723
8272	723
10907	723
19922	723
920	723
3927	723
1355	724
2838	724
511	725
484	725
1356	726
11902	726
5222	726
8276	726
779	726
10003	726
6852	726
3892	726
640	726
2305	726
13780	726
847	726
933	726
2849	726
858	726
6853	726
5223	726
5215	726
11888	726
1248	726
5218	726
861	726
17318	726
13776	726
6857	726
8756	727
11964	727
8789	727
579	728
2875	728
1764	728
3313	728
1512	728
6185	728
2429	728
729	729
2321	729
