1267	937
1268	937
364	937
3949	937
2166	937
13869	937
3953	937
17938	937
3954	937
2167	937
5331	937
17939	937
3955	937
17940	937
2896	937
5332	937
8382	937
15966	937
15967	937
1633	937
6971	937
8383	937
5333	937
10090	937
13870	937
12001	937
10091	937
5334	937
10092	937
13871	937
10093	937
15968	937
17941	937
17942	937
6972	937
2897	937
6973	937
10094	937
17943	937
13872	937
10095	937
6974	937
10096	937
1634	937
8384	937
3956	937
17944	937
13873	937
5335	937
10097	937
2898	937
17945	937
17946	937
5336	937
15969	937
17947	937
10098	937
8385	937
3957	937
10099	937
10100	937
13874	937
10101	937
10102	937
13875	937
17948	937
8386	937
17949	937
3958	937
15970	937
15971	937
2899	937
13876	937
12002	937
8387	937
17950	937
6975	937
12003	937
5337	937
10103	937
13877	937
8388	937
6976	937
10104	937
10105	937
13878	937
12004	937
17951	937
12005	937
5338	937
12006	937
8389	937
15972	937
15973	937
6977	937
2900	937
15974	937
13879	937
13880	937
1635	937
15975	937
13881	937
10106	937
17952	937
13882	937
5339	937
1636	937
15976	937
5340	937
12007	937
15977	937
8390	937
17953	937
12008	937
8391	937
12009	937
8392	937
17954	937
15978	937
13883	937
2901	937
3959	937
6978	937
6979	937
8393	937
2168	937
8394	937
5341	937
12010	937
10107	937
8395	937
15979	937
6980	937
2902	937
13884	937
19498	937
8396	937
15980	937
8397	937
15981	937
6981	937
10108	937
12011	937
13885	937
6982	937
5342	937
17955	937
17956	937
3960	937
12012	937
8398	937
8399	937
12013	937
1269	937
12014	937
2169	937
15982	937
8400	937
5343	937
12015	937
8401	937
8402	937
8403	937
2170	937
12016	937
13886	937
15983	937
8404	937
13887	937
13888	937
5344	937
15984	937
17957	937
3961	937
8405	937
5345	937
12017	937
5346	937
15985	937
3962	937
10109	937
6983	937
6984	937
8406	937
5347	937
10110	937
10111	937
13889	937
2903	937
13890	937
15986	937
8407	937
10112	937
13891	937
12018	937
15987	937
3963	937
15988	937
1637	937
10113	937
8408	937
13892	937
10114	937
8409	937
15989	937
15990	937
6985	937
12019	937
3964	937
15991	937
15992	937
12020	937
12021	937
15993	937
13893	937
3965	937
3966	937
5348	937
8410	937
6986	937
17958	937
13894	937
15994	937
17959	937
15995	937
12022	937
8411	937
10115	937
12023	937
17960	937
10116	937
17961	937
15996	937
8412	937
12024	937
12025	937
10117	937
13895	937
8413	937
15997	937
13896	937
17962	937
15998	937
6987	937
10118	937
15999	937
10119	937
5349	937
12026	937
19499	937
10120	937
16000	937
8414	937
1638	937
1639	937
17963	937
5350	937
2171	937
17964	937
2904	937
3967	937
10121	937
8415	937
13897	937
6988	937
13898	937
12027	937
8416	937
8417	937
10122	937
8418	937
12028	937
13899	937
8419	937
5351	937
13900	937
16001	937
10123	937
975	938
3021	938
16353	938
2253	938
2254	938
7199	938
5554	938
5555	938
3022	938
14161	938
3023	938
18228	938
12266	938
4099	938
4055	938
4100	938
12341	938
12342	938
2255	938
14224	938
5556	938
16023	938
4101	938
14225	938
16354	938
2256	938
8677	938
8657	938
18229	938
3024	938
7200	938
10402	938
2257	938
12343	938
14226	938
18230	938
7201	938
4054	938
2258	938
2259	938
4102	938
8678	938
1715	938
10403	938
3025	938
8679	938
1716	938
3026	938
4103	938
5550	938
16355	938
4104	938
5557	938
3027	938
19505	938
3028	938
1322	938
5558	938
1323	938
3029	938
16356	938
7202	938
14227	938
5320	938
2227	938
1717	938
12327	938
12344	938
10404	938
4105	938
8680	938
1710	938
177	939
491	939
8686	939
2261	939
177	940
622	940
491	940
500	940
19500	940
177	941
752	941
491	941
501	941
5571	941
5572	941
3045	941
8693	941
981	941
5573	941
3046	941
1721	941
5574	941
7214	941
12361	941
2268	941
8694	941
2269	941
4123	941
3044	941
1722	941
8695	941
267	942
3066	942
267	943
491	943
268	944
267	944
369	944
143	944
1274	944
12379	944
267	945
268	945
143	946
2892	946
516	947
623	947
650	947
620	947
782	947
784	947
270	947
16460	948
8836	948
18310	948
8366	948
10330	948
7328	948
8382	948
12200	948
10356	948
8837	948
10533	948
12215	948
18311	948
10534	948
4037	948
8838	948
7144	948
6997	948
10535	948
3951	948
10269	948
8839	948
16186	948
8427	948
8529	948
3216	948
5747	948
10100	948
16461	948
10536	948
5363	948
12487	948
12488	948
12002	948
1786	948
16462	948
14215	948
16198	948
10537	948
10130	948
7329	948
14375	948
12005	948
10325	948
10538	948
12030	948
8618	948
8840	948
10539	948
1376	948
13880	948
5477	948
14376	948
14298	948
14369	948
8841	948
7143	948
12489	948
14149	948
7330	948
12490	948
10540	948
12252	948
8842	948
18312	948
12335	948
8393	948
2168	948
8395	948
5514	948
18150	948
16295	948
8843	948
5417	948
8630	948
16463	948
8844	948
13885	948
10273	948
12491	948
8503	948
16464	948
19554	948
19561	948
12492	948
18303	948
18313	948
7331	948
10394	948
10541	948
10134	948
12493	948
8582	948
8430	948
10542	948
2365	948
10331	948
8563	948
14377	948
8405	948
10543	948
10264	948
16465	948
10109	948
14173	948
10544	948
14208	948
8500	948
14191	948
16466	948
7332	948
12243	948
4297	948
8431	948
16467	948
12494	948
8845	948
8622	948
7333	948
5510	948
18314	948
12495	948
12147	948
15991	948
8501	948
10282	948
16468	948
6991	948
14378	948
5454	948
17961	948
3217	948
10530	948
7008	948
12496	948
12497	948
1309	948
18315	948
8846	948
14379	948
13901	948
8656	948
3218	948
12498	948
10229	948
5748	948
12309	948
10545	948
13919	948
10298	948
7334	948
3219	948
17963	948
7096	948
7004	948
16469	948
10278	948
13898	948
7097	948
17981	948
8417	948
7115	948
18148	948
12499	948
10546	948
14141	948
13920	948
10279	948
5334	949
1631	949
1373	949
7399	949
1388	949
6975	949
4339	949
1389	949
17955	949
12056	949
4044	949
1298	949
1799	949
14081	949
16030	949
3255	950
19490	950
4343	950
2391	950
1324	950
14473	950
1373	950
1650	950
13848	950
1391	950
1810	950
1313	950
1811	950
2392	950
5808	950
2393	950
14474	950
16573	950
15	951
372	951
12615	951
15951	951
8942	951
18416	951
10641	951
3260	951
8440	951
8943	951
3261	951
10642	951
4350	951
16614	951
2397	951
5321	952
1038	952
5378	952
1394	952
1814	952
7039	952
5321	953
3268	953
5378	953
5823	953
12634	953
8374	953
2943	953
1652	953
5826	953
1041	954
800	954
801	954
411	954
8981	954
8368	954
5851	954
10683	954
8982	954
16654	954
4366	954
3279	954
4367	954
18476	954
10684	954
7446	954
12661	954
10685	954
3280	954
3281	954
10193	954
5852	954
135	955
506	955
808	955
14106	955
11987	955
12356	955
14163	955
12081	955
2225	955
3312	955
182	956
809	956
810	956
14642	956
10757	956
1059	956
2399	956
3323	956
14643	956
10074	956
12740	956
5914	956
16752	956
14644	956
5915	956
16753	956
1412	956
10758	956
3324	956
12741	956
1043	956
9031	956
18557	956
7492	956
2437	956
1413	956
10742	956
4425	956
7493	956
16754	956
5916	956
12742	956
14645	956
14646	956
19694	956
10759	956
19695	956
4426	956
4427	956
9032	956
12743	956
797	957
294	957
202	957
812	957
2941	957
12767	957
8440	957
5819	957
10075	957
12735	957
12619	957
2930	957
1832	957
9042	957
18598	957
5389	957
19713	957
14496	957
1402	957
12768	957
5822	957
9043	957
9044	957
3307	957
7432	957
735	958
51	958
11992	958
8482	958
135	959
831	959
1687	959
1868	959
4586	959
3452	959
11049	959
5353	959
4412	959
1714	959
7688	959
1443	959
1292	959
6071	959
3448	959
5325	959
3449	959
7380	959
9249	959
6072	959
1444	959
1307	959
1703	959
9250	959
3453	959
1267	959
4590	959
3454	959
212	960
6113	960
2541	960
9291	960
3470	960
7714	960
6114	960
1070	960
13042	960
7715	960
17926	960
11087	960
4622	960
4414	960
7716	960
735	961
17191	961
8912	961
1867	961
6165	961
4652	961
10599	961
5967	961
13078	961
3321	961
12847	961
3376	961
15098	961
8455	961
4582	961
7751	961
4424	961
19519	961
11994	961
2186	961
5912	961
9240	961
17192	961
14851	961
3497	961
11034	961
1419	961
1464	962
7752	962
16080	962
9343	962
12133	962
8903	962
5336	962
2432	962
14122	962
14123	962
16747	962
9344	962
7022	962
7753	962
16495	962
3499	962
2562	962
12725	962
1465	962
19691	962
2394	962
12138	962
7754	962
7755	962
2563	962
18914	962
10194	962
8452	962
2564	962
10747	962
5327	962
4422	962
3500	962
10748	962
7756	962
147	963
14110	963
7420	963
6162	963
7354	963
9347	963
5868	963
1388	963
2999	963
4659	963
3504	963
4660	963
7308	963
16442	963
7386	963
3505	963
7387	963
3506	963
10083	963
1925	963
841	964
9409	964
1117	964
13179	964
11245	964
19741	964
2581	964
1941	964
4691	964
3536	964
17292	964
15209	964
1066	964
4692	964
7794	964
1940	964
19496	964
17997	964
9410	964
18979	964
7795	964
9411	964
7796	964
18980	964
26	965
740	965
3952	965
1632	965
18984	965
4699	965
7077	965
2584	965
6227	965
1670	965
3541	965
6228	965
6229	965
9418	965
5436	965
2951	965
3542	965
2197	965
4700	965
9419	965
19842	965
18087	965
4019	965
4701	965
1944	965
11250	965
2948	965
8379	965
4702	965
1476	965
8380	965
6230	965
6231	965
4703	965
17299	965
9420	965
4704	965
14051	965
8381	965
12165	965
16177	965
7800	965
4758	966
16178	966
17936	966
15269	966
6285	966
19015	966
364	967
377	967
1317	967
8866	967
2616	967
2617	967
364	968
7420	968
12299	968
10582	968
4785	968
13282	968
9508	968
12238	968
1444	968
1296	968
12497	968
8626	968
5789	968
3017	968
8906	968
6294	968
12282	968
319	969
532	969
56	969
51	969
152	969
11364	969
3381	969
6347	969
11365	969
4801	969
17940	969
9522	969
3592	969
13299	969
7889	969
18562	969
4436	969
17399	969
9523	969
6348	969
1977	969
15309	969
7890	969
9524	969
3593	969
4802	969
3331	969
13300	969
16447	969
9525	969
1978	969
16004	969
3594	969
4803	969
4804	969
9489	969
3595	969
6349	969
4805	969
14365	969
19859	969
2637	969
6350	969
3335	969
3030	969
147	970
1787	970
8382	970
6367	970
4819	970
2385	970
7391	970
10269	970
15067	970
4820	970
1388	970
7903	970
10295	970
6368	970
6369	970
6984	970
17392	970
12281	970
16335	970
16271	970
7904	970
524	971
226	971
78	971
380	971
3619	971
6410	971
6411	971
4807	971
1337	971
2378	971
14131	971
3620	971
17258	971
3048	971
9161	971
16353	971
15368	971
4088	971
3209	971
1687	971
15397	971
3515	971
3621	971
14075	971
4576	971
7933	971
7934	971
13374	971
7369	971
5539	971
11424	971
3622	971
13873	971
4100	971
7935	971
12137	971
16655	971
15398	971
17163	971
7936	971
4597	971
18361	971
7937	971
6412	971
14424	971
15399	971
6413	971
7938	971
17293	971
4854	971
13375	971
2652	971
4855	971
4856	971
18295	971
1504	971
2530	971
19129	971
6990	971
2653	971
17469	971
7939	971
2962	971
9528	971
3437	971
13044	971
6348	971
6414	971
4857	971
2544	971
3623	971
6415	971
19130	971
9577	971
13344	971
3013	971
8536	971
18191	971
13376	971
11425	971
4858	971
2654	971
4678	971
2655	971
7940	971
4324	971
6416	971
9578	971
12248	971
4859	971
6417	971
7941	971
9579	971
9580	971
14126	971
11426	971
7942	971
1141	971
9581	971
1978	971
15298	971
16443	971
19131	971
16204	971
3624	971
6418	971
9555	971
3625	971
15400	971
4438	971
7943	971
4812	971
13377	971
4860	971
11427	971
6419	971
4861	971
4862	971
10111	971
3537	971
15401	971
9167	971
15145	971
13378	971
13379	971
6420	971
6045	971
11428	971
11429	971
3339	971
4622	971
2656	971
15154	971
11430	971
8733	971
16486	971
2657	971
9582	971
10821	971
11384	971
13380	971
7183	971
1142	971
4771	971
2658	971
7191	971
9583	971
11431	971
9304	971
9400	971
10115	971
6421	971
3626	971
15402	971
17470	971
9584	971
13381	971
19132	971
6214	971
6422	971
1994	971
13382	971
3627	971
11432	971
6423	971
5585	971
11433	971
3628	971
15998	971
4834	971
7726	971
4863	971
1143	971
4864	971
3465	971
9585	971
4865	971
4866	971
4090	971
19939	971
6424	971
5495	971
5485	971
4083	971
5480	971
8417	971
2659	971
6286	971
3629	971
133	972
497	972
736	972
8647	972
16353	972
13112	972
10098	972
3633	972
5773	972
12345	972
5792	972
6434	972
4007	972
17243	972
12346	972
13113	972
7158	972
9594	972
17442	972
8957	972
4676	972
13390	972
868	973
8885	973
6438	973
19149	973
10102	973
13394	973
5340	973
7949	973
4872	973
17487	973
2003	973
2666	973
13397	974
14398	974
17948	974
4295	974
11444	974
6411	975
14129	975
3334	975
16825	975
19191	975
6467	975
938	975
8657	975
7200	975
5339	975
9057	975
8634	975
4054	975
1512	975
12294	975
8678	975
16464	975
3448	975
3657	975
3609	975
16808	975
1323	975
5940	975
3327	975
9627	975
14986	975
7111	975
10293	975
1513	975
579	976
9573	976
10425	976
2630	976
7207	976
4314	976
4908	976
15978	976
2629	976
3665	976
7522	976
7313	976
8672	976
10813	976
8666	976
7983	976
3514	976
1298	976
14134	976
8487	976
11489	976
8828	976
8675	976
9638	976
5426	976
7984	976
13372	976
274	977
742	977
13288	977
2988	977
1764	977
2694	977
11446	977
11013	977
1489	977
6981	977
5544	977
1486	977
10289	977
1698	977
8613	977
16270	977
2698	977
3677	977
1493	977
2220	977
1163	978
371	978
1521	978
445	978
1522	978
14027	978
11548	978
17596	978
15569	978
6562	978
9701	978
11549	978
9702	978
18245	978
7773	978
19997	978
19256	978
19257	978
4935	978
13497	978
15570	978
11550	978
15571	978
9379	978
11166	978
9703	978
6563	978
11551	978
14841	978
2031	978
12209	978
15509	978
9704	978
6564	978
17597	978
9705	978
3511	978
12355	978
11552	978
9706	978
19050	978
17598	978
7555	978
19258	978
12406	978
6565	978
6566	978
15128	978
8032	978
11553	978
11177	978
13498	978
19224	978
17182	978
4936	978
17599	978
11554	978
15572	978
19259	978
12018	978
2704	978
15573	978
11485	978
17600	978
5990	978
11200	978
17601	978
4937	978
8033	978
6567	978
6568	978
15183	978
11555	978
9707	978
13499	978
11556	978
7774	978
8034	978
7778	978
8035	978
19965	978
19964	978
9708	978
3696	978
8036	978
10794	978
9709	978
8037	978
11557	978
4979	979
10804	979
4054	979
4980	979
2443	979
1707	979
1967	979
17958	979
628	980
3638	980
1927	980
11376	980
6616	980
7320	980
7668	980
1678	980
4037	980
5422	980
7365	980
3118	980
11159	980
18915	980
19060	980
15642	980
3216	980
13289	980
5531	980
14960	980
7376	980
12301	980
5532	980
4661	980
4659	980
7759	980
7109	980
1376	980
6315	980
8658	980
4776	980
16220	980
2935	980
4064	980
5518	980
9346	980
4997	980
13577	980
2626	980
13293	980
7189	980
2443	980
4056	980
11653	980
10541	980
16125	980
2005	980
6489	980
1296	980
11357	980
16259	980
1309	980
6164	980
12192	980
2728	980
17685	980
2727	980
14158	980
4032	980
4049	980
8414	980
5789	980
9337	980
8906	980
501	981
941	981
3045	981
8693	981
1722	981
492	982
546	982
135	982
4642	982
1794	982
14285	982
5568	982
492	983
4642	983
1794	983
14285	983
5568	983
239	984
984	984
135	984
492	984
333	984
4124	984
2270	984
5576	984
3049	984
4126	984
5579	984
7213	984
4127	984
5580	984
2271	984
5582	984
2773	984
11016	984
7215	984
1329	984
5585	984
367	985
2093	985
28	986
368	986
600	986
461	986
11812	986
11560	986
11813	986
11814	986
268	987
369	987
371	987
2049	987
8200	987
1331	987
268	988
602	988
15508	988
8201	988
9922	988
3604	988
1993	988
2098	988
3814	988
3815	988
1577	988
9923	988
5118	988
773	989
268	989
143	989
369	989
1328	989
2078	989
1075	989
1731	989
8714	989
268	990
585	990
2104	990
1750	990
878	991
268	991
5125	991
15819	991
2105	991
6771	991
8204	991
2966	991
2417	991
268	992
2106	992
268	993
133	993
81	993
4137	993
5585	993
69	994
431	994
268	994
234	994
255	994
2049	994
1580	994
4813	994
323	995
268	995
282	995
762	995
369	995
995	995
6773	995
14288	995
1075	995
1276	995
3648	995
268	996
10	997
133	997
174	998
133	998
605	998
133	999
237	999
6793	999
4086	999
15585	999
12641	999
7371	999
9581	999
18891	999
5141	999
7317	999
9547	999
3246	999
133	1000
502	1000
592	1000
759	1000
11846	1000
2604	1000
133	1001
175	1001
133	1002
5144	1002
3384	1002
133	1003
124	1003
3062	1003
237	1004
296	1004
409	1004
593	1004
494	1004
133	1004
328	1004
757	1004
771	1004
911	1004
8801	1004
9586	1004
1588	1004
5600	1004
11656	1004
5724	1004
17810	1004
2122	1004
10573	1004
5004	1004
3739	1004
11420	1004
18891	1004
9963	1004
11852	1004
3241	1004
15674	1004
9802	1004
3832	1004
9905	1004
344	1005
123	1005
96	1005
1337	1005
629	1005
369	1005
2379	1005
2074	1005
16386	1005
1743	1005
1744	1005
19414	1005
19411	1005
17832	1005
1748	1005
3244	1005
13337	1005
13573	1005
143	1006
369	1006
0	1007
270	1007
914	1007
397	1007
4170	1007
3853	1007
3854	1007
2809	1007
6816	1007
2130	1007
510	1008
623	1008
2463	1008
5178	1008
4476	1008
5179	1008
7229	1008
3881	1008
4176	1008
2830	1008
3870	1008
4177	1008
3882	1008
2303	1008
3883	1008
3359	1008
8262	1008
4178	1008
9990	1008
477	1009
270	1009
10007	1009
5250	1009
270	1010
270	1011
1012	1012
415	1012
19459	1012
13779	1012
10039	1012
15942	1012
2308	1012
5648	1012
6928	1012
3921	1012
15931	1012
15894	1012
7448	1012
15895	1012
13773	1012
934	1012
4773	1012
17876	1012
8236	1012
1646	1012
6878	1012
3890	1012
3551	1012
8280	1012
9423	1012
2324	1012
15547	1012
3147	1012
1766	1012
13206	1012
10476	1012
5249	1012
3153	1012
8295	1012
7666	1012
1606	1012
5217	1012
13400	1012
11958	1012
5218	1012
3902	1012
4250	1012
4742	1012
3171	1012
10482	1012
7277	1012
7278	1012
3927	1012
7081	1012
12163	1012
3180	1012
18287	1012
3182	1012
3184	1012
4577	1012
18270	1013
16433	1013
19502	1013
49	1014
56	1015
49	1015
2525	1015
59	1016
51	1016
136	1016
49	1016
14699	1017
12035	1017
8448	1017
17444	1017
10744	1017
1875	1017
5917	1017
3266	1017
4416	1017
10761	1017
4418	1017
2424	1017
16733	1017
2807	1017
10137	1017
7495	1017
14533	1017
9022	1017
3300	1017
5763	1018
6997	1018
3352	1018
4462	1018
1283	1018
7571	1018
5364	1018
1420	1018
14801	1018
10894	1018
14398	1019
8043	1019
3499	1019
8429	1019
14397	1019
1314	1019
652	1020
14419	1020
7350	1020
5513	1020
6300	1020
8843	1020
8652	1020
8429	1020
7352	1020
5746	1020
579	1021
841	1021
652	1021
7362	1021
8430	1021
1976	1021
5095	1021
4315	1021
371	1022
5986	1022
5739	1022
371	1023
175	1023
96	1023
1200	1023
2008	1023
3213	1023
4329	1023
2087	1023
1536	1024
371	1024
13715	1024
8216	1024
3231	1024
3235	1024
2031	1024
1311	1024
7943	1024
19224	1024
13571	1024
5018	1024
7224	1024
4787	1024
5037	1024
5784	1024
5542	1024
282	1025
409	1025
371	1025
154	1025
144	1025
14074	1025
1868	1025
5884	1025
3232	1025
14228	1025
17359	1025
12253	1025
8716	1025
11246	1025
1745	1025
15049	1025
3651	1025
1871	1025
1429	1025
1430	1025
16396	1025
5139	1025
4628	1025
5120	1025
13417	1025
2	1026
371	1026
371	1027
141	1027
5	1027
135	1027
545	1027
549	1027
138	1027
139	1027
422	1027
371	1028
1791	1028
1748	1028
371	1029
16022	1030
4671	1030
18383	1030
1130	1031
12577	1031
12051	1031
5559	1031
16032	1031
2911	1032
10154	1033
11354	1033
2625	1033
4339	1033
18920	1033
12482	1033
2389	1033
4998	1033
7138	1033
802	1034
212	1034
9263	1034
10741	1034
3257	1034
12746	1034
1889	1034
1995	1034
14123	1034
10738	1034
16038	1034
1813	1034
5377	1034
9345	1034
12610	1034
7396	1034
4671	1034
4582	1034
3293	1034
1997	1034
4346	1034
1465	1034
2412	1034
17193	1034
1070	1034
10638	1034
3317	1034
7484	1034
1996	1034
11153	1034
1798	1034
14485	1034
17194	1034
1888	1034
12605	1034
7718	1034
19751	1034
9243	1034
12061	1034
3251	1034
6121	1034
3675	1034
818	1035
802	1035
3257	1035
1889	1035
7465	1035
5377	1035
4431	1035
2915	1035
5871	1035
202	1036
3260	1036
18651	1036
8440	1036
12850	1036
16895	1036
18667	1036
3347	1036
8943	1036
3261	1036
12842	1036
16884	1036
18661	1036
7689	1036
9111	1036
5968	1036
7559	1036
4348	1036
19641	1036
14495	1036
5822	1036
9104	1036
10881	1036
16899	1036
2453	1036
134	1037
294	1037
752	1037
7069	1037
12151	1037
8968	1037
18968	1037
3266	1037
8971	1037
13157	1037
11227	1037
18963	1037
7066	1037
7421	1037
5428	1037
468	1038
952	1038
1995	1039
3220	1039
8848	1039
1652	1039
7423	1039
5826	1039
1652	1040
1065	1040
5826	1040
954	1041
7465	1042
6215	1042
16601	1042
2387	1042
14585	1042
1996	1042
2915	1042
12689	1042
956	1043
198	1043
4468	1043
3351	1043
1834	1043
4670	1043
3982	1043
1419	1043
2388	1043
198	1044
19265	1044
11562	1044
9281	1044
3745	1044
10711	1044
9820	1044
7570	1044
9121	1044
12568	1044
19713	1044
10654	1044
3982	1044
5878	1045
3745	1045
12768	1045
3982	1045
617	1046
16072	1046
372	1047
5896	1047
16635	1047
12704	1047
16920	1047
372	1048
814	1048
372	1049
527	1049
293	1050
17	1050
375	1050
373	1050
479	1050
657	1050
3752	1050
9049	1050
1827	1050
373	1051
478	1051
479	1051
657	1051
1051	1051
17	1052
478	1052
373	1052
657	1052
479	1052
657	1053
373	1053
527	1053
529	1053
17	1053
528	1053
479	1053
478	1053
478	1054
373	1054
17	1054
479	1054
1938	1054
479	1055
373	1055
2155	1055
2160	1055
2301	1055
807	1056
479	1056
478	1056
617	1056
373	1056
1403	1056
1404	1056
625	1057
8659	1058
11496	1058
1984	1058
17541	1058
14611	1058
13251	1058
14612	1058
17455	1058
6116	1058
17591	1058
9645	1058
16078	1058
2202	1058
18201	1058
1307	1058
3008	1058
10517	1058
18211	1058
4921	1058
202	1059
1067	1059
956	1059
9107	1059
1283	1059
539	1060
8936	1060
1282	1060
4415	1060
10705	1060
2429	1060
818	1061
1449	1061
1875	1061
19720	1061
9122	1061
1785	1061
8456	1061
5835	1061
2406	1061
1399	1061
18471	1061
18355	1062
8460	1062
5870	1062
12687	1062
19543	1062
12551	1062
17069	1062
51	1063
2744	1063
51	1064
3563	1064
2395	1064
1040	1065
735	1065
2921	1065
9059	1065
537	1066
964	1066
3536	1066
8467	1066
71	1067
202	1067
816	1067
14799	1067
3351	1067
16903	1067
1059	1067
11562	1067
2460	1067
14787	1067
14493	1067
13015	1067
9103	1067
8467	1067
9111	1067
15052	1067
2576	1067
5966	1067
7564	1067
891	1068
7567	1068
9106	1068
5763	1068
9107	1068
3352	1068
4462	1068
11407	1068
7116	1068
6043	1068
11003	1068
11065	1068
1410	1068
2374	1068
5403	1068
4569	1068
18378	1068
5482	1068
3228	1068
18658	1068
16916	1068
1820	1068
2459	1069
1853	1069
8468	1069
7432	1069
960	1070
1034	1070
1856	1070
2922	1070
9117	1070
2399	1070
11044	1070
3323	1070
6165	1070
1854	1070
4469	1070
2477	1070
10902	1070
10638	1070
8485	1070
18672	1070
9020	1070
2184	1070
14974	1070
2461	1070
180	1071
3355	1071
10906	1071
5975	1071
10907	1071
5976	1071
5978	1071
208	1072
406	1072
935	1072
402	1072
733	1072
664	1073
298	1073
733	1073
676	1074
733	1074
1074	1074
3202	1074
2865	1074
1365	1074
989	1075
995	1075
2552	1075
1328	1075
8686	1075
1561	1075
2078	1075
1694	1075
9903	1075
6625	1075
15509	1075
4891	1075
2214	1075
1540	1075
3081	1075
14282	1075
1657	1075
15821	1075
6746	1075
13667	1075
5410	1076
6165	1076
10738	1076
18498	1076
12741	1076
3321	1076
3376	1076
15098	1076
4582	1076
11035	1076
4424	1076
2186	1076
9240	1076
17192	1076
7057	1076
4426	1076
10465	1077
3992	1077
494	1078
1868	1078
1430	1078
409	1079
494	1079
757	1079
911	1079
296	1080
12	1080
154	1080
184	1080
592	1080
494	1080
249	1080
757	1080
879	1080
4388	1080
12999	1080
4676	1080
627	1081
2925	1081
6742	1081
8184	1081
815	1082
652	1082
841	1082
800	1082
16109	1082
19637	1082
3322	1082
18730	1082
13052	1082
15122	1082
15178	1082
4489	1082
2520	1082
2433	1082
3293	1082
11211	1082
18653	1082
5428	1082
1395	1083
10810	1083
19527	1083
14510	1083
9111	1083
9059	1083
10654	1083
802	1084
2926	1084
3220	1084
15342	1084
7407	1084
1387	1084
3443	1084
11066	1084
13277	1085
10472	1085
1661	1085
271	1086
829	1086
1377	1086
5537	1086
7380	1086
271	1087
1687	1087
4586	1087
1705	1087
14868	1087
3448	1087
7380	1087
9600	1087
1703	1087
4587	1087
1287	1088
20	1089
523	1089
541	1089
11071	1089
3459	1089
3460	1089
4001	1089
1905	1089
7697	1089
9184	1089
3401	1089
8504	1089
7700	1089
4602	1089
4600	1089
1435	1089
17107	1089
3458	1089
6088	1089
2535	1089
1902	1089
1885	1089
11072	1089
4606	1089
1903	1089
3203	1089
4607	1089
4608	1089
4000	1089
8506	1090
377	1091
7051	1091
9293	1091
52	1092
11580	1092
182	1093
304	1093
303	1093
2945	1093
3476	1093
12125	1094
19655	1094
14982	1094
94	1095
55	1095
5534	1095
6351	1095
7892	1095
9526	1095
4635	1095
3002	1095
4781	1095
5416	1095
4783	1095
3597	1095
136	1096
135	1096
166	1096
230	1096
227	1096
427	1096
374	1096
746	1096
87	1096
17023	1096
11007	1096
4130	1096
8686	1096
12365	1096
9218	1096
18240	1096
1723	1096
5985	1096
5535	1096
2572	1096
2214	1096
3482	1096
2271	1096
3053	1096
11131	1096
3370	1096
17034	1096
9226	1096
13062	1096
11132	1096
9907	1096
3371	1096
2015	1096
1329	1096
6144	1096
3494	1096
3055	1096
5739	1096
5588	1096
135	1097
374	1097
8686	1097
7738	1097
5016	1097
2247	1097
3485	1097
4067	1097
2555	1097
3487	1097
2214	1097
1102	1097
3482	1097
1911	1097
14164	1097
1916	1097
14427	1097
4168	1097
2551	1097
1329	1097
6144	1097
10524	1097
1796	1097
141	1098
422	1098
374	1098
135	1098
3	1099
141	1099
135	1099
140	1099
5	1099
552	1099
2214	1099
3659	1099
1725	1099
6158	1099
56	1100
135	1100
387	1100
6622	1100
3681	1100
6623	1100
135	1101
545	1101
18769	1101
16377	1101
18242	1101
135	1102
1097	1102
1383	1102
2555	1102
4641	1102
1916	1102
4168	1102
1918	1102
1133	1103
135	1103
140	1103
138	1103
13702	1103
6145	1103
135	1104
392	1104
426	1104
2774	1104
3487	1104
4917	1105
1536	1105
7061	1105
158	1106
8526	1106
2937	1107
4009	1107
2571	1107
15472	1108
3109	1108
5027	1108
8121	1108
4008	1108
9835	1108
4781	1108
3254	1108
4929	1108
8534	1109
1291	1110
13002	1110
1899	1110
7781	1110
1453	1110
3439	1110
12722	1110
13004	1110
2576	1110
1667	1110
4591	1110
11213	1110
53	1111
904	1111
322	1111
291	1111
152	1111
12535	1111
6769	1111
3839	1111
2525	1111
2285	1111
6076	1111
2944	1112
2945	1113
14123	1113
1997	1113
530	1114
844	1114
375	1114
1114	1114
11230	1114
1938	1114
632	1115
4011	1115
2046	1115
529	1116
1116	1116
9404	1116
4012	1116
5037	1116
5899	1116
964	1117
17135	1117
12336	1117
5095	1117
781	1118
1364	1118
1118	1118
477	1118
784	1118
739	1118
1759	1118
2306	1118
3107	1118
7231	1118
6817	1118
4275	1118
3115	1118
10249	1118
3543	1118
5637	1118
18982	1118
5245	1118
1762	1118
10037	1118
3121	1118
4276	1118
5226	1118
3190	1118
11867	1118
5663	1118
9465	1118
5670	1118
1354	1118
5314	1118
4218	1118
3142	1118
2854	1118
6275	1118
13236	1118
8332	1118
4756	1118
9467	1118
4232	1118
5309	1118
2859	1118
3897	1118
3160	1118
6954	1118
4278	1118
17903	1118
5688	1118
2332	1118
7267	1118
6284	1118
3196	1118
3896	1118
1947	1118
4249	1118
7272	1118
5166	1118
6824	1118
5697	1118
6265	1118
5173	1118
12438	1118
2338	1118
11286	1118
5257	1118
4259	1118
8355	1118
8784	1118
11953	1118
7289	1118
7840	1118
3564	1118
4272	1118
2861	1118
1119	1119
3107	1119
1484	1119
6267	1119
7833	1119
1354	1119
2195	1119
9429	1119
10244	1119
6839	1119
1773	1119
5706	1119
1621	1120
7072	1120
740	1121
1670	1121
1476	1121
2	1122
313	1122
5959	1122
4870	1122
6253	1122
376	1123
778	1123
859	1123
2463	1123
3922	1123
6226	1123
4697	1123
3540	1123
1942	1123
632	1124
416	1124
6049	1124
16224	1124
12222	1124
8711	1124
2985	1124
7739	1124
18096	1124
11674	1124
12328	1124
1965	1124
16239	1124
11206	1124
5778	1124
9227	1124
12975	1124
19401	1124
1427	1124
17820	1124
10577	1124
19122	1124
14939	1124
15389	1124
15346	1124
1672	1125
1672	1126
1496	1126
7905	1127
2700	1127
1324	1127
1494	1127
2392	1127
8562	1127
2701	1127
1713	1127
2627	1127
1717	1127
136	1128
227	1128
1677	1128
119	1129
746	1129
1293	1129
16215	1129
16220	1129
2636	1129
1717	1129
1031	1130
1131	1130
4433	1130
16819	1130
2967	1130
6290	1130
12577	1130
9166	1130
15427	1130
15428	1130
5937	1130
377	1131
272	1131
380	1131
1130	1131
6116	1131
6290	1131
1320	1131
9645	1131
1319	1131
9166	1131
16590	1131
377	1132
11621	1132
1970	1132
1971	1132
1103	1133
1297	1133
11058	1134
2979	1134
745	1135
143	1135
2049	1135
1823	1135
4038	1136
1729	1136
8804	1136
2612	1136
14366	1136
6298	1136
2213	1137
1724	1137
2008	1137
8819	1137
8589	1138
10719	1138
3600	1138
5795	1138
3639	1138
496	1139
11259	1140
3868	1140
5636	1140
10039	1140
8335	1140
2878	1140
8249	1140
13749	1140
3100	1140
9423	1140
16243	1140
13751	1140
15927	1140
15236	1140
17298	1140
6957	1140
971	1141
4324	1141
14208	1141
2659	1141
971	1142
971	1143
557	1143
276	1143
2657	1143
4849	1143
2376	1144
5766	1144
7321	1144
14373	1144
7446	1144
14374	1144
14119	1144
3573	1145
2444	1145
7525	1145
14127	1145
8663	1146
8672	1146
1924	1146
6372	1146
10324	1146
5790	1146
3655	1146
1717	1146
7170	1146
56	1147
1510	1147
1350	1147
56	1148
137	1148
159	1149
15434	1149
8688	1149
14522	1149
14731	1149
18229	1149
6296	1149
14228	1149
5610	1149
16708	1149
5615	1149
12253	1149
9003	1149
15128	1149
14231	1149
3660	1149
13323	1149
10444	1149
18241	1149
10955	1149
4163	1149
18254	1149
14939	1149
15451	1149
5631	1149
857	1150
1528	1150
10338	1150
1481	1150
13375	1151
9863	1151
10338	1151
1481	1151
136	1152
137	1152
3815	1152
1498	1152
136	1153
281	1153
69	1153
877	1153
1928	1153
136	1154
139	1154
227	1154
1965	1154
5739	1154
157	1155
3009	1155
10344	1155
6360	1155
2243	1155
4819	1156
14594	1156
4913	1156
3842	1156
19327	1156
16393	1156
4795	1156
1307	1156
3008	1156
3843	1156
3826	1156
15584	1156
18211	1156
6423	1156
9066	1156
15456	1156
4952	1157
9723	1157
17752	1157
747	1157
11581	1157
16759	1157
8060	1157
15555	1157
13530	1157
8715	1157
3711	1157
13634	1157
6597	1157
1158	1157
9742	1157
3027	1157
19293	1157
15812	1157
1584	1157
2100	1157
9750	1157
2044	1157
3717	1157
15614	1157
11612	1157
275	1158
1157	1158
13517	1158
19037	1158
1475	1158
2690	1158
17617	1158
9723	1158
15348	1158
9731	1158
4067	1158
6319	1158
9650	1158
3027	1158
19293	1158
5010	1158
3717	1158
15614	1158
17654	1158
871	1159
1385	1159
6402	1159
10356	1159
1183	1159
13692	1159
9443	1159
3641	1159
2384	1159
6638	1159
3715	1159
3811	1159
275	1160
79	1160
11745	1160
7868	1160
13518	1160
5055	1160
6477	1160
19282	1160
18768	1160
15599	1160
9732	1160
4961	1160
9734	1160
6451	1160
3770	1160
6596	1160
9739	1160
13647	1160
15607	1160
13134	1160
10996	1160
13477	1160
19236	1160
13538	1160
15615	1160
15243	1160
17803	1160
10357	1160
3719	1160
239	1161
1192	1161
10434	1161
12290	1161
2773	1161
5585	1161
423	1162
6375	1162
14923	1162
12296	1162
14190	1162
563	1163
978	1163
4076	1164
11565	1164
17546	1164
157	1165
14200	1165
14201	1165
10437	1165
1924	1165
4861	1165
10445	1165
14281	1165
697	1166
498	1166
4950	1166
498	1167
1528	1167
6566	1167
2039	1167
9286	1167
6568	1167
277	1168
275	1168
80	1168
4952	1168
3027	1168
1962	1169
79	1169
275	1169
275	1170
1536	1170
19273	1170
8056	1170
7933	1170
4953	1170
6587	1170
13521	1170
15232	1170
9728	1170
3707	1170
3436	1170
6591	1170
8105	1170
19881	1170
9734	1170
3711	1170
9736	1170
8062	1170
9737	1170
15604	1170
17629	1170
13646	1170
4967	1170
9807	1170
4968	1170
4970	1170
9808	1170
4971	1170
7762	1170
10767	1170
6601	1170
11751	1170
3219	1170
17652	1170
9755	1170
17227	1170
14945	1170
275	1171
838	1171
4955	1171
524	1172
17622	1172
5528	1172
6248	1172
11275	1172
2616	1172
17232	1172
15141	1172
276	1173
276	1174
69	1174
3301	1174
137	1175
583	1175
450	1175
12336	1176
4082	1176
18320	1176
899	1177
3257	1177
5539	1177
5795	1177
1711	1178
5022	1179
10391	1179
4789	1179
1908	1179
3746	1179
8044	1179
7462	1179
9296	1179
6698	1179
5021	1179
381	1180
749	1181
5920	1181
18440	1181
1717	1182
277	1183
1159	1183
277	1184
6	1184
221	1184
1951	1184
2616	1184
11565	1184
3032	1185
453	1186
750	1186
2073	1186
1553	1186
5585	1186
185	1187
345	1188
591	1188
9050	1188
17756	1188
3043	1188
7213	1189
14238	1189
4647	1189
1232	1190
3789	1190
1751	1190
6731	1190
1565	1190
7472	1190
5568	1190
589	1191
12	1191
656	1191
209	1191
457	1191
4642	1191
5568	1191
13670	1192
1161	1192
9961	1192
2113	1192
10434	1192
5569	1192
1339	1192
11775	1192
1791	1192
9899	1192
1748	1192
5585	1192
3790	1192
19770	1192
752	1193
1194	1193
1193	1194
752	1194
331	1195
2268	1195
5	1196
11394	1196
6147	1196
6387	1196
12	1197
5	1197
141	1198
140	1198
5	1198
763	1198
1199	1198
521	1198
3605	1198
763	1199
5	1199
521	1199
141	1199
140	1199
1198	1199
1023	1200
186	1200
239	1201
244	1201
105	1201
63	1201
12367	1201
63	1202
426	1202
428	1202
10434	1202
3487	1202
1725	1202
5739	1202
63	1203
1864	1203
880	1204
8696	1204
5104	1205
12367	1205
14935	1205
1726	1205
2771	1205
1865	1206
3371	1206
7215	1206
2084	1207
3368	1207
5585	1207
10423	1207
5739	1207
6	1208
35	1208
350	1208
338	1208
5107	1208
11799	1208
11800	1208
6587	1208
11582	1208
6760	1208
3806	1208
15806	1208
2090	1208
15807	1208
11803	1208
17799	1208
8194	1208
17801	1208
1970	1208
6763	1208
9918	1208
17802	1208
8197	1208
11808	1208
1573	1208
2779	1208
13694	1208
6	1209
458	1209
557	1209
2775	1209
6760	1209
6	1210
636	1210
190	1211
382	1211
231	1212
9	1212
428	1212
69	1213
408	1213
9132	1213
5732	1213
143	1214
2277	1215
8200	1215
1331	1215
1500	1215
3067	1216
5725	1216
4767	1216
12708	1216
11392	1216
4674	1216
1731	1216
15335	1216
15356	1216
14582	1216
2111	1216
2279	1216
4835	1216
14447	1216
12703	1216
2411	1216
463	1217
769	1217
2798	1217
5617	1217
1734	1217
1445	1217
2014	1217
10446	1217
3301	1217
3306	1217
6076	1217
2116	1217
3061	1218
6725	1218
502	1219
81	1219
863	1219
1333	1220
764	1221
1339	1222
773	1223
152	1223
12393	1223
2122	1223
17826	1223
2773	1223
2799	1223
4157	1224
409	1225
769	1225
771	1226
296	1226
409	1226
101	1227
386	1227
282	1228
2123	1228
155	1229
538	1229
12	1229
12996	1229
8732	1229
1345	1230
457	1231
232	1231
4830	1231
12421	1231
1190	1232
393	1232
1751	1232
1594	1232
1565	1232
393	1233
1594	1233
393	1234
924	1235
916	1235
507	1235
395	1236
716	1236
935	1236
401	1237
2135	1237
11	1238
1238	1238
1239	1239
194	1239
920	1240
11879	1240
4193	1240
6656	1240
3120	1240
3100	1240
4210	1240
5669	1240
1354	1240
6876	1240
8769	1240
5679	1240
7257	1240
2137	1240
1609	1240
2814	1240
2328	1240
14631	1240
3165	1240
4247	1240
6230	1240
15251	1240
12435	1240
2337	1240
1770	1240
1771	1240
5698	1240
2340	1240
2346	1240
7292	1240
402	1241
208	1241
208	1242
402	1242
676	1243
1753	1243
7576	1243
3357	1243
14837	1243
1604	1243
676	1244
1244	1244
777	1244
2467	1244
778	1245
2303	1245
9992	1245
6840	1245
2833	1245
1607	1245
778	1246
9455	1246
3356	1246
2833	1246
404	1247
615	1247
640	1248
513	1248
514	1248
726	1248
573	1248
5221	1248
1613	1248
8277	1248
405	1249
405	1250
933	1250
1759	1251
1760	1251
7835	1251
6266	1251
4748	1251
7277	1251
7289	1251
4185	1252
1619	1252
5689	1252
5693	1252
3170	1252
8757	1253
11964	1253
2311	1254
5251	1254
782	1255
930	1255
415	1255
1255	1255
2753	1255
8759	1255
4711	1255
13829	1255
3484	1255
17612	1255
4742	1255
149	1256
4206	1256
8316	1256
3147	1257
5863	1258
3147	1258
3929	1258
2158	1258
519	1259
2559	1259
1767	1259
8989	1259
1767	1260
14832	1261
5310	1261
4238	1261
10060	1261
1769	1261
14305	1261
18679	1261
4240	1262
15906	1262
4303	1263
2330	1263
