1586	2681
1586	907
1586	665
1586	1700
1586	2732
1586	746
1586	2545
1586	2781
1586	1317
1586	2375
1586	1325
367	494
367	1192
367	407
975	2832
1612	1469
1612	2330
1612	3060
1275	1004
2006	1053
2368	213
2368	3129
375	237
375	2364
375	1124
375	1394
1023	2530
1023	1630
1023	1351
106	2939
106	790
106	2891
106	299
167	2819
167	2716
167	1999
266	917
2711	933
2176	1064
2176	2774
1945	1551
3209	169
3209	473
3209	2141
2641	3022
424	2077
3104	3210
1728	482
1728	189
1188	2917
563	1855
563	2147
563	797
563	1667
563	2531
860	678
501	715
501	1757
1623	2062
337	798
1864	1098
1569	89
2717	1919
2717	920
2289	1621
2450	2263
2450	2611
245	1929
245	1594
245	3080
3199	1529
869	276
3055	2791
3055	267
3055	437
3055	1877
2295	1146
2655	2123
2655	1712
2655	2933
2655	802
2655	490
2655	1936
2103	3236
2103	699
1399	1447
1399	2668
1399	396
1469	2822
1469	488
877	1024
677	809
2952	2548
2952	422
2952	1392
458	1679
2547	1255
2547	43
2543	683
2792	3188
152	165
152	1615
152	1103
152	463
152	3256
152	3028
152	894
3095	240
2886	1766
2886	61
2886	422
2886	1392
319	445
1817	2848
1817	3035
1817	2233
1817	744
2548	2952
2548	1392
107	686
1746	224
1746	502
1746	2866
1746	2623
1746	2538
2065	3012
2065	898
180	2808
791	2078
791	3158
791	1352
791	13
791	1686
791	1572
791	3200
791	1801
2881	2850
2881	42
2881	524
2881	1493
2881	922
2881	2793
2881	1394
2369	1300
2369	1546
2369	923
2369	3256
2369	1392
2369	2645
551	2208
551	2508
2048	1885
2535	108
2535	2799
512	120
512	2742
304	2918
304	111
304	1635
474	2300
474	2190
708	944
708	2224
1030	1024
2934	706
2934	1495
2934	230
1028	154
3045	2263
2292	1784
3091	472
1917	103
1917	822
1917	2189
2049	2742
2521	724
2417	2846
2417	1677
1716	2939
1716	1394
2079	3135
2079	697
2530	1023
2530	1630
2530	1351
2082	2522
2801	501
1454	1530
1582	1412
2281	2157
2688	1974
2688	1431
3036	508
3036	1847
3036	247
3036	806
3036	1899
3036	2164
3036	1045
3036	2443
191	729
2989	1341
2989	2302
2989	547
439	727
439	1331
1645	1264
1645	2679
1645	3262
1645	1490
1645	2862
1645	2773
238	1584
2017	1923
2017	2224
1063	2474
1603	2393
2640	825
2640	3032
2640	2648
2640	565
2640	359
2953	1442
2953	1186
2854	1787
1452	423
2254	1657
3192	2484
1350	2425
1350	706
1350	1495
1350	230
2790	1567
200	2939
200	2652
745	2682
807	2721
807	2691
807	2041
807	1249
807	379
807	725
2399	619
2399	2242
2399	288
2275	3147
2275	1881
216	2175
2116	2939
2376	1330
1791	1676
1791	2532
1791	2703
1791	2991
1791	494
1791	383
1791	803
171	2312
689	1217
689	478
689	2695
689	323
689	770
689	2785
689	189
689	2896
2802	1389
2843	2856
2843	2057
2843	517
2843	214
2491	1817
2491	2695
2491	1029
2491	1719
2491	1703
2491	2302
2491	1589
2491	196
2491	1774
2491	2058
2491	1192
2491	1036
2491	3035
2491	1407
2491	3004
1389	1230
1766	61
2502	89
61	1570
61	3167
343	1249
343	3138
343	2677
343	2488
343	1005
343	2716
2769	1470
2769	3101
2769	2752
2769	2273
2769	785
2769	1484
22	1996
2859	1309
2859	1845
2859	509
1829	119
1829	305
2700	2302
1285	2933
2027	635
2027	840
479	219
479	788
479	790
479	2891
479	2181
479	649
479	299
674	3130
674	178
674	659
674	2880
674	1005
674	2233
674	1409
2666	1724
2666	2656
2666	883
718	77
3113	1825
2307	2939
1059	2708
1059	1792
48	165
48	1615
48	1103
48	515
3194	1008
389	2243
1362	2293
1362	638
1362	333
1362	2887
1362	1642
1362	2514
1362	2233
423	2977
419	2344
1673	2316
1673	1921
1197	3111
408	1377
408	80
408	2902
408	202
408	3099
408	1383
408	3084
470	581
549	1926
1117	2964
1117	3056
1929	2967
1929	1510
2402	477
1681	2088
1681	2252
1681	834
1681	2050
1681	3000
1681	241
1681	774
1681	177
1681	2981
1982	805
1982	3077
1483	2076
294	2039
294	2263
235	757
193	597
193	2299
1767	2279
2011	521
2159	495
2159	2286
1652	1534
1652	1405
3261	1496
3261	1977
3261	2906
165	3244
165	1103
165	204
1618	2316
1618	1921
1599	1064
1599	2774
1195	2673
1620	1788
1620	1987
1620	867
2267	1339
2240	2020
2104	1013
2104	2092
1676	2991
1092	430
1403	2519
1403	2151
1403	3220
1403	3232
3154	3062
3154	373
3154	1937
3154	2460
3154	2044
3154	93
3154	998
2771	2866
2771	2623
1488	832
1488	727
914	143
914	2817
1441	445
38	1120
38	1765
38	2246
38	3160
38	40
1255	43
1255	15
1498	1221
1498	254
694	1300
694	2300
694	589
694	463
694	515
694	3256
694	3028
694	894
694	1111
3024	3130
3024	1086
3024	1005
544	2269
550	2220
550	1034
2986	527
2986	1418
2600	1055
2480	271
2480	2383
2480	2677
2480	1035
2709	195
2007	1851
1516	753
1555	1290
1555	2850
1555	42
1555	922
1739	2876
1421	407
1421	1427
1226	2244
2599	1200
2147	2531
715	2416
715	1099
715	1715
715	1253
2525	34
2237	2532
2237	2703
2237	1472
1314	2314
1048	1901
172	2707
121	1760
614	2764
825	3062
825	373
825	93
224	2372
224	2803
1511	2182
675	953
1629	1381
1629	362
2908	1748
119	3080
829	3200
829	757
2261	1691
2765	144
1162	1031
1162	1192
1168	3173
1573	1658
1573	3261
95	1743
95	2211
2894	1460
2894	186
2997	1728
2997	1362
2997	3214
2997	2848
2997	1868
2997	2819
2997	2523
2997	2514
2997	2233
2997	744
851	1025
1064	2774
2070	2110
2070	124
2070	691
2070	395
693	2939
693	1558
693	624
693	1625
693	2574
693	956
693	2836
693	889
2486	1037
2486	2616
2816	983
2816	2014
1040	712
1147	1185
136	178
136	1236
136	1005
2553	2112
2553	1640
2553	831
2884	2619
2884	1048
1205	2701
1713	1882
1713	2762
1713	957
1713	2523
1713	1287
1713	746
1713	2269
1713	2066
1713	114
1713	2152
801	1180
320	334
118	3155
118	2227
118	394
2015	998
1613	1497
1097	34
1097	848
1097	233
1097	3035
1097	2669
1097	481
1097	1960
1755	2248
1755	1548
2580	3195
2580	1043
2089	823
2089	2766
2936	2824
82	648
82	1480
1799	1682
1799	288
635	840
3139	770
3139	1073
2440	704
528	79
120	1039
120	173
120	1895
120	2927
120	1514
1105	1806
3227	3092
1615	3244
1615	1103
1615	204
2432	2755
3105	1868
3105	1574
3105	1666
3105	1485
3105	2633
678	864
1016	25
1016	890
432	661
432	69
797	563
797	1855
797	2147
797	2531
345	3242
719	219
2681	2059
2681	738
2681	2773
1641	1431
260	2420
260	1125
2882	1826
974	1156
974	2033
2102	751
1583	1051
1583	1560
1718	3193
1718	916
1718	403
1718	1745
784	3115
943	486
2703	1472
2703	3130
60	454
60	3223
772	328
663	2707
663	354
663	1219
26	1961
763	1562
763	516
1614	1940
532	596
1187	659
610	603
2554	3197
2554	1138
2118	1054
529	260
529	1659
1491	1253
1491	262
1415	643
1217	2829
1217	1760
1217	653
459	112
2080	1967
2086	1120
2086	1765
2086	2246
2086	3160
2086	40
1467	1450
2721	329
2310	1164
1292	252
129	2612
129	701
129	546
705	2083
989	933
1578	181
1593	2313
1266	2813
1692	2939
3260	2887
3260	2222
3260	1045
3260	436
1856	1389
1856	1230
1856	2266
1856	62
1140	2283
453	491
453	1148
453	2817
2875	27
2875	1348
2875	2550
2875	1760
2875	537
3123	713
1455	2692
1619	692
1115	1227
1115	109
1115	3063
1115	1471
2387	1823
2170	3125
2575	2691
2575	1876
2575	1249
2575	2357
1470	1248
2612	638
2612	1401
1637	2449
1637	2911
1346	2225
1346	2169
1346	2393
1346	2326
2939	1108
2939	1394
2617	937
2265	2169
2411	2939
2411	889
1875	2617
1875	1377
1875	49
1875	937
2806	792
302	71
1402	215
1377	483
339	575
2728	2245
520	2728
520	2245
34	2880
1474	780
2742	1628
2742	1902
2742	1152
1765	40
2123	1936
1566	2585
926	1849
169	2441
1991	2773
1701	406
3078	2111
2852	2409
2852	2637
2779	1405
2779	1744
2779	2510
2779	146
18	1492
2748	1498
2748	120
2748	2196
2257	663
2257	218
2257	2732
692	902
1730	1152
758	1455
440	987
2158	3035
2158	2183
2567	1189
2494	1257
2796	2212
2796	2549
2796	1656
1320	1389
1320	2695
1320	751
1320	1719
1320	1937
1320	323
1320	2880
1320	2058
1320	3035
1320	1245
1320	2785
815	2535
815	1273
815	92
815	2946
815	2355
533	2532
533	2991
533	586
533	2505
533	8
533	1034
533	1084
533	1576
533	1005
533	86
533	2276
533	2241
533	1272
2197	2215
3126	392
1184	967
2905	1600
1890	1894
2855	1695
2855	2362
2858	1406
2156	2707
2156	354
2156	1219
1712	2639
340	1715
710	375
710	2697
710	1590
1328	1141
1328	699
2406	2718
942	3137
604	176
2475	1332
2475	542
2475	493
626	445
626	3042
2995	3212
1723	2525
1723	339
1723	648
1723	1703
1723	1480
1723	2514
1723	1560
1723	1192
1723	3232
1723	425
730	593
730	912
2354	1728
2354	2356
3037	509
2823	1132
2528	1377
2528	80
2528	2902
2528	202
2528	3099
2528	1383
2528	3084
861	804
2223	2170
2223	3125
2573	1736
2573	2646
23	1948
455	3102
455	1552
455	2805
2762	10
2762	1458
2762	114
1654	416
1702	2697
2839	1882
2839	816
2839	2384
2839	3162
2839	2844
2839	969
2839	3038
2839	2672
2839	1490
2839	891
2839	2066
2839	2940
2839	1473
1291	2059
1291	2363
3216	2127
2735	825
2735	1022
2735	1934
2735	1577
2735	1246
2735	3098
2735	2648
2735	359
934	2525
934	1097
934	34
934	1719
934	1490
934	1192
934	2095
934	208
934	1142
1106	2325
1106	46
2250	651
2250	3129
2250	404
115	2866
654	729
1997	3083
2786	2498
2786	1045
833	2398
1908	576
1908	311
1908	2373
41	2263
1732	1339
1174	2545
957	3214
957	2762
957	865
957	2887
957	93
957	1337
957	2465
2325	46
2492	310
2492	5
2343	1728
2343	3110
2738	1855
2738	2147
2738	2680
2738	340
2738	2463
45	1791
45	2532
45	2703
45	2991
45	586
45	494
45	1899
45	1236
45	1005
45	2731
45	803
45	1272
2378	825
2378	1022
2378	2482
2378	1046
2378	1298
2378	3142
2378	2648
2378	1337
2378	359
2378	1859
2378	2909
1868	2293
1868	638
1868	333
1868	2887
1868	1642
1868	2514
1868	2233
3073	759
3073	1099
3073	2564
3073	2733
3073	644
3073	1323
3119	2191
3119	608
3119	2970
2713	1265
1029	1589
1029	2183
554	509
449	1631
2756	271
2756	2383
2756	2677
2756	1035
1100	1875
1100	2964
1100	1940
1100	493
996	1684
98	1447
98	1006
2358	548
2358	1152
1009	2839
1009	2384
2653	2699
2653	1192
865	3093
865	778
865	2975
865	373
865	611
865	1005
865	2800
74	1650
74	1088
74	872
74	3109
2590	1800
2507	61
2507	2403
1011	2249
3007	479
3007	1147
2423	238
2423	1835
2423	842
2423	652
2423	2513
2423	441
2423	300
2423	2896
1663	1085
1363	954
1363	2595
1674	1278
1674	179
1725	2426
999	2852
999	1653
999	2744
1714	2970
1077	3237
1077	534
1077	1811
1077	3250
2090	1023
2090	2530
2090	1351
2090	2199
1311	2504
1311	1701
1311	2582
810	1192
426	589
426	2900
426	1848
426	2933
426	2375
3044	2237
3044	2991
3044	34
3044	494
3044	848
3044	778
3044	3078
3044	1310
3044	1170
3044	2725
3044	373
3044	611
3044	540
3044	2460
3044	2557
3044	1577
3044	93
3044	813
3044	146
3044	2005
3044	1458
3044	565
3044	1576
3044	2501
3044	3003
3044	2951
3044	3134
3044	467
2571	465
1515	1894
1515	2040
1883	2729
1883	1013
1883	2945
1883	568
1883	3106
1883	2092
2747	2077
370	968
370	3234
370	2982
370	323
370	1954
1451	840
332	2212
332	2549
332	1656
332	444
332	3141
332	3058
332	933
332	1192
332	709
332	1407
1282	2640
1282	825
1282	2648
1282	2351
2935	896
2935	1751
2935	1947
2935	187
2935	1438
2935	1354
2683	1095
62	2802
62	1230
2229	1480
2229	1410
2229	620
2949	322
2949	2539
1719	816
1719	1264
1719	1980
1719	639
1719	10
1719	1135
1719	114
1719	1851
2031	1026
1318	781
1318	3111
788	2070
788	2629
788	1647
1941	669
978	48
978	515
1288	1693
1772	676
646	1270
1386	750
430	2272
2052	2939
893	347
893	299
607	2964
3068	205
24	155
2427	489
1464	2666
1464	1303
1072	1594
2662	2963
1089	1707
1086	438
1086	1937
1086	3003
1086	2674
1086	1768
1847	3130
1847	2660
175	2030
2232	933
1771	2043
2979	2859
2979	3037
2979	2775
2979	554
2979	321
2979	1373
2979	992
2979	2090
2979	3157
2979	1709
2979	78
2979	2958
2979	1280
2979	1364
2979	3087
2979	881
2979	2046
2979	331
2979	1340
2979	1260
2979	1196
1213	1312
552	78
767	2212
767	2549
767	1656
2352	2045
52	1369
1797	1951
2654	2263
2654	2611
443	3046
443	1392
727	832
800	901
800	1459
2670	1199
1088	2471
1088	1650
1088	74
1088	872
1088	3109
1465	1251
2384	924
2384	640
640	924
1866	420
1866	2568
1866	63
1866	586
1866	2441
1866	2414
1866	2270
1082	257
1015	257
2542	257
1333	2520
2561	2780
29	931
29	2767
1113	29
352	3154
352	2044
352	998
2203	1414
125	377
1353	58
1735	1245
756	1411
756	310
756	3112
756	2119
756	273
2332	901
2332	3259
2332	935
2081	316
100	2943
100	732
100	1293
100	3200
642	2646
619	2476
619	2242
2978	2294
2978	793
225	2374
32	703
1466	503
1466	1926
1466	1021
1466	2433
1466	2732
1136	1306
2552	752
1802	1800
3183	2290
2941	2728
2941	2245
2245	2191
2245	608
2245	2141
2245	1580
2245	2970
442	3125
1475	1855
1475	2147
1475	797
1475	2972
1475	338
1475	506
1475	2329
2414	2312
2284	584
1107	1985
3001	464
3001	644
2145	1251
2145	998
11	1736
149	3127
149	1081
3127	2120
2783	454
2783	2722
2871	2949
2871	322
222	2112
222	1640
790	2891
2827	999
2827	1653
168	2971
168	3174
913	825
913	1022
913	2482
913	1046
913	1298
913	3142
913	2648
913	1337
913	359
913	1859
913	2909
138	1071
2524	2920
2524	585
2524	1748
2524	1881
701	546
236	1634
236	2217
259	2953
259	1186
259	1782
1947	2263
959	790
959	2891
2043	1394
3065	3213
3065	1018
612	2195
870	2385
870	1527
870	1632
870	2128
2128	388
929	2718
2390	703
1559	961
1367	1548
2435	2474
220	1524
1830	709
572	123
414	2054
414	234
1616	1502
3162	1502
2638	1992
1744	2779
578	1823
163	1698
3253	1430
2988	976
910	297
910	1980
910	812
910	2876
543	1980
543	1166
3076	1222
2238	3144
2540	238
2540	1807
2540	2353
2540	96
2540	2423
2540	369
2540	1084
2540	2333
2540	441
2227	2806
2227	486
2227	1119
2227	1408
1639	2852
1639	3067
1639	2413
1943	1416
1943	837
2023	1943
2023	73
1717	1812
369	1887
369	1084
1906	842
1906	341
1906	2186
1906	1236
608	672
1356	2630
2122	2177
526	2787
2956	416
2956	1461
2956	1137
1461	1991
1461	1625
1137	3261
1137	1416
1137	1943
1137	2023
1137	837
1137	1461
1137	1710
1137	1263
1137	73
1137	3077
3062	373
2421	1263
2421	2230
1710	2421
1263	2421
1263	1710
1869	2564
2134	2901
2456	1128
3016	15
2383	2677
930	3154
930	3214
930	3078
930	1922
930	415
930	438
930	2063
930	875
930	1086
930	3062
930	2437
930	603
930	540
930	2460
930	2044
930	2557
930	2172
930	93
930	566
930	1749
930	1729
930	1145
930	1458
930	1005
930	1355
930	55
930	1044
930	3003
930	1635
930	2674
930	2937
930	1768
930	2702
2437	1199
971	2455
971	495
292	1781
292	3147
292	506
3043	2078
3043	3158
3043	1352
3043	13
3043	1686
3043	1572
3043	3200
3043	1801
1655	1550
1648	3106
197	2792
197	2007
197	2354
197	1163
197	2124
704	2440
704	1525
1525	2440
1525	704
3225	58
3225	2921
1627	927
1778	775
2667	2899
2667	1778
2667	1758
2667	1387
2321	1245
2321	2428
2736	1392
2736	445
1231	825
1231	1022
1231	1934
1231	1577
1231	1246
1231	2648
1231	359
1231	2351
291	596
2593	3093
2593	899
2593	438
2593	2762
2593	1171
2593	1642
2593	611
2593	2551
2593	1135
1171	3093
1171	1642
1171	611
966	2137
960	672
960	3067
750	590
3219	974
3219	1156
3219	19
3219	2862
2461	2447
1322	790
1322	2891
2544	380
201	3113
201	1825
201	2777
201	1689
1116	420
1116	2623
1096	1175
1096	2948
1096	2094
1505	1790
859	730
859	912
1521	818
1878	1842
1842	1878
1842	1463
267	1877
0	2388
1795	1498
1795	1587
665	2310
665	2946
665	497
665	3082
665	2944
885	1682
2356	3121
782	2960
782	826
1366	614
1366	2764
2764	782
2764	2960
2764	2987
2987	2960
826	2987
2707	1219
354	663
354	218
354	2732
218	2732
1711	2166
2271	1712
2271	799
799	1712
799	51
3236	1712
3236	2288
3236	2515
3236	1141
2993	1804
2148	1602
2148	303
2148	47
2497	1705
2497	2821
2497	1052
2497	303
2497	1940
2497	776
2497	2477
2497	863
853	1962
853	3171
853	1860
853	3036
853	1791
853	3154
853	2532
853	3024
853	1413
853	136
853	3093
853	368
853	3214
853	2991
853	2615
853	764
853	494
853	848
853	44
853	1554
853	3078
853	1472
853	3130
853	638
853	2140
853	2980
853	1371
853	666
853	980
853	465
853	1922
853	415
853	2359
853	2063
853	2576
853	875
853	1847
853	1170
853	352
853	2725
853	3062
853	373
853	1017
853	603
853	2160
853	571
853	1642
853	611
853	1988
853	806
853	1861
853	540
853	2460
853	2044
853	2557
853	2172
853	639
853	183
853	93
853	566
853	1749
853	1729
853	1145
853	1946
853	2880
853	2366
853	998
853	786
853	1236
853	1942
853	1045
853	436
853	1458
853	1431
853	1576
853	1005
853	1644
853	1302
853	1355
853	1139
853	55
853	2501
853	2985
853	609
853	150
853	3003
853	471
853	460
853	513
853	1851
853	2674
853	2347
853	1907
853	2800
853	2443
853	1334
853	2937
853	3204
853	1272
2160	2757
2160	603
2679	1249
2679	1368
1884	1248
285	568
2945	1013
2945	1883
2945	568
2945	2059
2945	2092
568	1013
568	2092
3223	454
6	2346
6	429
2689	490
67	2758
1401	2612
1874	1448
1349	904
1660	3085
1660	2529
2715	1660
2715	3085
2715	2529
2258	2529
1552	2715
1552	2258
1552	2529
2529	1169
3262	2021
940	2347
2327	2116
2327	2307
2327	2697
2327	1913
2327	2939
2327	1702
2327	237
2327	12
2327	1394
2643	93
2809	1821
127	265
1540	747
1540	2788
1540	1247
1540	2561
1540	202
1540	2577
1540	2780
1540	2334
1067	2216
1041	2943
2462	1065
2601	1513
2601	372
571	3024
2621	584
2621	157
2621	1875
2621	1377
2621	1020
2621	837
2621	2964
2621	49
2621	3137
2621	821
2621	600
2770	49
2770	1164
2964	2617
2964	1377
2964	49
2964	937
1019	1100
1019	2456
3186	465
1210	1216
1811	386
1625	1558
2574	624
2505	1791
2505	1676
2505	2532
2505	2703
2505	2991
2505	494
2505	1934
2505	1899
2505	1034
2505	383
2505	86
2505	221
2505	803
1892	693
2910	2773
243	2728
243	520
243	1558
243	2191
243	2941
243	2245
243	1912
243	2130
2844	3038
969	3038
569	1834
1160	938
1039	1169
2957	1458
1998	1010
1998	2653
1998	552
1998	767
1998	2352
1998	3090
1998	627
1998	915
1998	1628
1998	1192
3090	767
3090	2352
3090	1221
2509	1192
2041	329
2135	2112
2135	804
2135	1640
1832	2263
2560	2504
2560	1701
2560	2187
2560	174
2560	2582
9	1304
888	1273
888	2355
380	2544
1536	192
1740	192
1200	1042
1042	901
1042	3039
310	5
310	2382
5	2382
2412	2210
2453	2599
2288	3236
2288	3002
524	546
2631	2404
2631	1955
2415	1937
2415	93
2415	2985
1937	438
1588	3154
1588	3024
1588	3093
1588	3078
1588	2980
1588	415
1588	2063
1588	875
1588	1086
1588	2145
1588	3062
1588	930
1588	2437
1588	603
1588	571
1588	1937
1588	1642
1588	611
1588	2044
1588	2557
1588	2172
1588	93
1588	566
1588	1729
1588	998
1588	1045
1588	436
1588	1431
1588	1005
1588	1139
1588	2586
1588	57
1588	2674
1588	1229
1588	2702
1379	3171
2661	2939
2661	733
2661	1322
2661	538
2661	2302
2661	1775
2661	1510
2661	2262
2661	2372
2661	1108
2661	1907
2661	2803
2008	838
2008	1605
3022	120
3022	2742
3022	2379
3022	2196
3022	431
286	2777
2506	1084
1780	2991
2220	1034
1344	1422
2860	3253
2860	2744
2860	1981
2860	1368
1214	1175
1642	3093
2150	1844
2150	1322
2150	2192
2150	1775
2150	1510
2150	2609
2150	2878
611	3093
611	1934
611	1642
2947	461
2947	1202
2913	1737
2913	1013
2913	2602
2913	1282
2913	3141
2913	150
2913	2092
2913	1738
2913	711
2913	1134
317	397
871	1164
1575	862
3081	784
3081	1081
827	2850
827	733
827	42
827	1970
1970	733
1970	827
1970	538
1970	1493
1493	2850
1493	42
2795	691
2795	395
1988	1118
1988	2454
1988	582
1988	395
1988	2800
2644	3005
3005	2817
2282	1432
92	2946
3131	3080
2373	576
2100	1726
364	688
364	2919
688	899
688	2677
688	2095
491	2389
1517	1783
1517	491
1158	1476
732	325
732	2314
732	3200
951	2968
951	2848
951	1276
951	2233
1861	2615
1124	2398
1124	2364
2371	355
2371	1223
779	2377
3245	2880
3245	1005
2523	129
2523	848
2523	2839
2523	1490
2523	1999
2523	979
2523	2152
1287	2640
1287	825
1287	359
540	3078
540	2233
473	3182
473	3010
1166	812
1952	892
1952	783
1316	794
2449	2911
1969	1637
1969	2449
1969	2911
1899	1034
1899	383
1899	1005
2746	2989
2746	689
2746	2491
2746	1389
2746	1230
2746	2266
2746	816
2746	1264
2746	1980
2746	1320
2746	2762
2746	957
2746	2378
2746	1029
2746	865
2746	370
2746	913
2746	639
2746	66
2746	10
2746	2360
2746	2672
2746	196
2746	1005
2746	1192
2746	1135
2746	3177
2746	114
2746	1851
3088	157
3088	724
3075	2106
3075	146
3075	2677
3075	2488
2173	1121
2173	2473
2173	2833
2833	2473
3064	1190
1190	3064
755	1165
755	684
421	1610
1315	2234
2698	444
2969	952
2969	1648
2969	2395
2969	1357
2556	2263
1382	3103
2618	1390
1083	1405
1083	1947
1083	2510
1083	40
3151	1917
3151	2923
1541	3083
1541	3008
1541	535
2044	3154
2557	3154
2557	2044
2557	1005
308	2589
2172	3154
2172	848
2172	2757
2172	415
2172	2063
2172	875
2172	3062
2172	2044
2172	93
2172	1729
2172	998
2172	1139
2172	55
2172	2501
2172	2702
3112	941
3070	3190
3070	1683
3049	990
3049	1174
3049	390
2926	1810
2926	1197
2926	990
2926	1174
2926	636
2926	2466
2926	3049
2926	1395
2926	1253
2926	2749
2926	936
2926	2663
2926	390
2926	2194
2926	3191
2926	3111
2794	382
2163	2028
905	1477
905	2807
905	2084
1664	874
3184	2948
2820	2694
1773	2847
981	2577
777	981
777	483
2675	2429
2675	1091
2675	2251
2675	1499
2675	1976
2675	712
2675	2470
2675	1468
231	2575
231	2691
231	1249
2012	157
1069	724
2826	2430
315	2098
2319	1715
244	662
1577	2351
1246	1022
1246	1577
1246	2918
1246	57
1246	2351
2298	1548
64	933
639	778
2434	3126
2434	392
2434	1333
2434	3163
2434	1786
2434	1457
2434	1519
3009	1462
2038	689
2038	1498
2038	825
2038	1162
2038	2748
2038	1031
2038	1507
2038	1192
3002	1426
3002	401
3002	1805
3002	280
3002	362
183	2071
1182	2788
1182	716
66	639
66	2672
2732	1466
2732	354
2732	2263
3211	3018
3211	2707
1828	3081
1179	964
566	438
566	2887
566	1729
566	1458
566	1229
1720	452
1720	1152
2064	1172
141	2773
669	2277
509	1309
3157	3037
1061	530
3221	2852
2658	487
2658	1355
1183	1791
1183	2532
1183	2703
1183	2991
1183	586
1183	494
1183	2423
1183	2540
1183	369
1183	1899
1183	487
1183	1236
1183	1005
1183	2731
1183	803
1183	2241
1183	1272
775	831
819	1153
819	659
2876	812
356	1739
356	1508
356	1812
1812	1739
1244	1449
2605	1532
734	1769
1434	734
1434	1769
2950	2350
1228	1873
2930	1766
2930	61
2930	3167
2930	923
2930	997
2930	305
2930	227
139	1135
1785	1492
1749	638
1749	1075
1286	1225
598	2906
1002	15
2113	1758
388	1056
1729	813
2922	2030
580	2912
3160	194
3160	2246
326	821
405	2897
3187	1852
3187	946
3187	1164
161	1031
161	1192
1031	1192
2606	843
834	3017
1831	2091
1831	2344
1831	760
433	3254
1528	2455
1528	495
2192	3140
2649	1759
1909	2099
1909	2407
897	2417
1193	2213
923	1570
88	278
88	2648
2867	16
2867	1080
2457	353
1989	2952
1989	2548
1989	443
1989	2457
3023	795
873	2394
1209	1458
2221	816
2221	2516
2221	2302
2221	1
2221	547
2607	917
2146	2397
731	85
281	1563
3182	473
1607	1126
158	435
2825	887
2825	2499
2825	2243
8	1713
8	2523
3247	2375
1549	2868
670	1038
10	183
2374	2071
398	1984
398	181
909	1896
909	724
909	1680
1003	2584
1741	3045
1741	1901
371	3045
371	1663
371	1085
823	2766
2222	778
2222	415
2222	2063
2222	875
2222	1294
2222	2880
2222	813
2222	1005
1342	2003
1342	1431
3107	1421
3107	1610
574	2372
574	2803
19	2262
19	2372
19	1108
1670	1882
1670	2846
1670	1929
1670	2011
1670	224
1670	502
1670	2866
1670	2623
1670	2538
3256	2300
3256	2072
3256	3028
1986	835
1986	824
1986	1443
1986	1956
1986	20
1986	2977
1956	835
1956	2713
1956	1443
1956	1986
1956	2320
1638	1557
2959	977
3015	2773
1206	1734
2812	1232
2812	2278
2812	1458
2812	1245
2812	2893
2812	1087
2853	3024
2853	2991
2853	2505
2853	1899
2853	1319
2853	1816
2853	1272
1319	2441
2973	2020
2360	2772
2360	90
2360	540
2360	1409
159	1130
275	239
437	3055
437	267
499	444
160	1226
160	1558
160	2268
160	2589
160	1625
160	2597
160	2244
2498	2648
2498	436
3207	1690
486	2806
2317	1694
2317	2706
2317	2235
2317	2334
2672	34
2672	1898
2672	709
2672	1851
2982	3234
2982	323
3098	323
2870	2123
773	1983
994	53
3056	2872
1888	2314
229	2859
229	1309
229	3037
229	554
229	509
229	3157
229	2705
229	3087
229	881
2467	2942
2467	1922
2467	1005
1294	3130
1294	410
1294	2880
1294	1005
1294	2660
2880	90
2880	1409
341	2942
341	2887
341	410
341	1294
341	1005
2186	410
1838	2777
2777	549
2777	3071
1589	2968
2898	1585
2898	2424
21	1276
1596	2671
1596	2121
335	3243
335	2904
1609	3035
1609	1245
1609	2785
1704	2001
1704	598
1186	3053
3117	1105
3117	2848
3117	1276
3117	1036
3117	2233
3117	1806
682	739
3142	1298
2883	2442
468	2140
2578	2123
805	2130
805	3077
527	2125
2478	901
2478	1459
2478	935
1940	1712
1940	51
1940	799
588	2971
588	2914
588	168
588	2218
588	122
1915	2971
1915	3174
1915	168
2209	3026
1074	2514
1974	271
1974	233
1974	2383
1974	2677
1974	481
1974	1960
2026	1023
2026	1870
2026	1351
3239	796
1809	1733
2726	3013
2726	1668
2077	2773
1756	1213
1756	2352
83	1533
83	1094
83	1267
1995	3193
1995	916
1995	403
1995	1745
557	1283
557	1966
1966	2265
1606	3031
2115	650
2141	2995
2141	3212
2141	3010
2776	886
2966	2228
691	2939
691	1625
691	956
2920	3180
1295	3201
1295	1233
1249	2691
567	2431
567	2034
1001	16
1001	1322
1001	2150
1001	2609
1001	922
1068	857
2131	1133
2131	2129
2131	3118
2000	3215
2719	761
3178	1566
3178	2012
846	2596
846	2153
846	3233
2962	2596
3240	764
3240	2725
3240	2164
2018	1769
102	1253
102	262
627	1810
627	2663
2067	1450
351	110
351	2740
2094	3047
2094	623
1770	2670
113	2522
313	3192
409	1734
196	1551
1622	1929
1622	1001
1622	502
2946	1273
497	446
1457	3126
1457	392
3034	2236
3263	1949
457	1857
2097	1794
2458	1038
2074	2998
131	1258
1203	977
737	592
3094	452
475	284
786	3078
786	1789
786	2193
786	2601
786	1321
786	998
786	2111
786	55
786	460
786	2800
2165	1537
1580	2728
1580	520
1580	2191
1580	2941
1580	2245
1580	1912
1580	3132
482	540
482	2233
482	744
376	2730
376	1215
1384	1889
3158	2943
1352	1047
1352	3158
1296	679
2495	1561
2303	58
2002	887
2002	2806
2002	1388
2002	2649
2002	2303
3206	378
3206	1862
3206	2101
3206	2185
3206	3148
3206	25
2224	944
2224	1923
2224	1039
1796	2906
2999	390
1591	854
1591	1174
1591	1253
1591	2578
1591	2194
1591	3191
1591	2121
2401	2999
2401	2194
2418	2995
2418	1714
2418	2409
2418	608
2418	243
2418	1249
2418	2331
2418	1430
2206	3155
2206	398
2206	517
3150	844
2214	581
2214	1698
915	1010
915	767
915	2352
915	3090
915	2699
487	1962
487	3154
487	2237
487	2044
487	410
487	2467
487	1294
487	341
487	2186
487	146
487	1045
487	1576
487	86
487	1269
487	1127
487	400
487	1803
487	2241
487	1272
2301	51
1236	1256
1236	1918
1090	928
771	198
771	2518
252	722
722	252
1944	217
3120	1383
3120	1420
1383	1420
1420	1383
293	1383
293	1420
293	3084
3084	1338
3084	1420
132	544
132	2269
3224	256
1119	2806
1119	2227
1076	808
925	608
925	672
925	3067
1684	1511
1684	269
1684	1247
1684	2258
1684	202
1684	981
1684	2675
1684	3120
1684	2182
1684	1468
1684	199
1684	1763
1684	97
1684	600
1684	2646
411	3108
411	144
411	2765
411	1365
1365	411
1365	1592
1093	1901
765	68
1380	748
1380	3
1380	1148
2514	2293
212	736
212	2831
1590	237
1590	2364
1590	1124
1590	1394
548	2225
548	2169
548	2393
548	2326
559	1959
559	1277
1277	949
1277	1365
2200	2720
2720	2200
3149	1752
3149	2174
2799	1273
2799	446
2958	2376
2958	2859
2958	1870
2958	3037
2958	554
2958	321
2958	509
2958	3157
2958	229
2958	1709
2958	2026
2958	2705
2958	3087
2958	881
2958	1079
1280	229
1280	2958
1280	1079
1364	2530
1364	2335
1364	1330
2705	3037
2705	554
2705	3087
2705	881
3087	3037
3087	554
3087	509
3087	2705
881	3037
881	554
881	3087
3110	1556
2178	2728
2178	520
2178	2191
2178	2941
2178	2245
2178	1912
2178	3015
900	151
2111	2005
2005	2111
2634	589
2634	604
2634	1436
2761	1059
2761	723
2761	715
2761	2680
2761	1266
2761	2337
2761	1715
2761	1174
2761	1015
2761	2542
2761	1639
2761	2634
2761	338
2761	1757
2761	2613
2761	796
2761	1204
2761	1473
2761	2813
2761	2438
2761	3235
2761	1313
2139	990
2139	1174
2139	2999
2139	3111
1774	2695
1774	111
1774	2468
955	333
2058	2695
2058	410
2058	323
2058	1192
2058	1207
2058	189
2058	2896
2058	2734
3198	2024
3198	2085
1965	213
1965	646
1965	615
1141	1049
2693	1728
2693	302
2693	1460
1361	1924
2512	2694
2512	3133
615	213
615	1814
2676	568
749	215
1330	1023
1330	2530
1330	1351
2045	2594
381	2743
372	1513
962	812
2651	1514
1617	2724
2436	7
2436	1547
56	2374
56	2763
1581	2374
1581	3027
1581	2763
1358	1712
1358	1177
1358	51
1358	2639
1358	1731
2648	2918
2648	2351
664	1066
2068	1393
2696	1545
2696	2420
2696	1125
1853	1900
1853	743
1423	2936
1423	2824
878	2936
878	2824
878	1518
878	76
878	2954
413	1721
2857	413
2857	2470
1447	2704
1447	33
1447	1006
1447	1854
366	2889
2446	1695
2446	2362
1942	1413
1274	1297
1157	4
1827	1511
1827	1499
1827	2754
1827	1247
1827	2284
1827	2675
1827	2577
1827	2188
1827	1736
1827	2182
1827	2179
1827	1468
1827	199
1827	1284
1827	600
1827	2646
2188	408
2188	1535
2188	1284
338	1855
338	2147
338	797
338	1821
338	340
338	1015
338	2542
338	442
338	1667
338	3125
338	1173
338	1867
338	2463
338	1050
338	290
338	2485
338	2179
338	950
338	2329
361	2179
253	501
253	1810
253	2801
253	2761
253	2857
253	2004
253	1324
91	2393
3020	1246
2468	2695
2778	3164
991	681
991	2778
3138	609
3138	1993
2895	2587
553	2587
553	2895
1211	1976
1045	438
1045	1851
436	438
536	480
948	1658
451	3185
3228	1568
327	2772
327	2360
327	232
894	165
894	1615
246	381
2915	1109
1109	246
906	692
906	902
906	1964
1761	705
595	43
2119	2630
2119	1453
2119	1385
1453	2119
1453	1385
2499	919
2499	2243
2499	2036
1458	908
1458	2692
1458	2985
1458	179
1458	1851
1458	50
2782	2978
1173	2842
1173	116
47	1143
1444	2645
2645	165
2645	1615
2645	1103
2537	1432
2537	1901
2537	856
2537	289
2537	263
2537	2263
856	294
856	945
856	1901
856	289
856	263
932	2828
2003	1431
2037	1371
2037	3013
2037	980
2037	2359
1398	14
1757	2416
1757	1099
1757	1715
1757	1253
1931	2198
3082	1310
1250	2008
1490	2136
1490	1249
1490	3138
1490	2677
1490	2488
1490	1005
1490	2716
3086	1262
2489	522
2489	2040
147	2632
2546	3130
2546	2660
2144	2880
2333	2381
2781	403
2781	154
2781	3137
2781	1391
2781	2341
2781	3106
2781	2545
2781	2085
2781	2470
2781	2646
211	3072
986	476
348	1660
348	2715
348	1552
348	2529
3025	1900
3143	1480
1144	500
3074	1037
3074	2616
2297	2942
2297	2168
2297	2608
1978	504
1978	2742
1978	1262
1978	2051
1978	3086
1978	2093
770	478
2093	1671
209	1360
1424	1671
2603	3109
633	1428
2583	1776
2751	2324
1776	2791
1776	2751
1932	2083
1005	1914
1644	136
1644	2942
1644	3130
1644	1847
1644	1861
1644	2044
1644	410
1644	2467
1644	1294
1644	341
1644	2186
1644	1236
1644	1045
1644	1576
1644	1005
1644	1302
1644	1355
1644	874
1644	2961
105	3036
105	674
105	2532
105	136
105	368
105	2703
105	2991
105	494
105	44
105	1554
105	438
105	2887
105	178
105	93
105	2186
105	1236
105	1045
105	436
105	1005
105	1302
105	1355
105	86
105	3003
105	1269
105	57
105	2247
105	1334
105	803
105	2241
105	1272
1302	178
1302	1236
1302	1005
1355	1045
3251	673
2311	1597
3011	466
3011	618
3011	740
1161	1276
2620	2253
2620	921
1924	1361
17	548
1331	2096
1331	1715
1331	2885
1331	2299
1331	911
1070	756
1070	310
1522	336
1522	658
1522	1259
1994	2340
272	2501
2501	399
130	1972
1212	272
1212	2501
1343	845
2132	491
2132	1148
2132	2817
2372	538
2372	1394
539	2710
539	1078
1911	453
2054	284
2054	475
1699	943
1699	72
282	226
2009	958
1208	1858
1057	2975
3089	140
2604	2470
1062	2873
1879	1155
251	346
2154	3092
1734	435
1271	2348
1271	3050
2161	1252
2161	3092
2161	3227
2161	2861
2161	54
2161	2154
2161	2291
2161	402
2161	1987
2161	839
2161	1347
86	1791
86	2532
86	2237
86	2703
86	2991
86	494
86	2731
86	803
86	2241
86	1272
2990	3092
2990	1987
2990	28
3050	2348
2328	1987
2328	867
780	1474
2407	58
2407	2303
577	363
577	58
577	365
3096	3130
1133	2129
2391	2179
2490	2380
1436	176
3230	548
3021	469
1736	1805
2818	2010
40	1120
40	1765
1435	3246
2579	817
2579	3196
2579	1047
2579	852
2733	759
2733	864
1560	1051
1841	1933
2046	164
785	2752
2075	3136
3122	1698
2367	2928
685	2810
685	425
592	737
609	1993
190	1153
190	1190
184	750
1935	2572
1935	2646
2572	642
1446	2251
1446	1721
1446	483
1446	1468
2888	2055
2055	3124
2055	3161
133	3179
133	2204
988	2099
2287	1419
2287	2834
2287	3019
2834	1419
1143	1419
1143	2834
1143	3019
99	597
99	2299
2463	2908
2463	1748
3166	1125
1545	2420
1268	3166
1268	2420
1268	1125
2835	1094
700	642
427	642
427	1935
427	2572
427	700
2714	2302
2714	2021
2322	2691
2322	1
2322	2077
2322	1249
2322	2714
145	2646
2109	326
2109	1531
1659	260
3017	144
3017	3121
2336	3121
2686	2739
855	444
2042	2837
3069	1824
3069	901
3069	766
1222	240
1222	233
1222	407
1222	2893
1222	2669
1222	481
712	1468
1307	101
1897	19
1897	2372
1897	963
1897	2025
1897	2803
963	1775
126	2248
126	2797
126	185
2845	2396
2845	2056
2845	1963
2845	2976
2845	1178
2201	669
629	2447
1044	438
1044	373
1044	1937
1044	93
1044	3003
1044	2674
1044	874
1044	2937
1044	1768
2586	3154
2586	3062
2586	373
2586	2044
2586	639
2586	93
2586	3003
2586	2674
2586	874
2586	2937
2586	1768
1007	264
1269	1791
1269	1676
1269	2532
1269	2237
1269	2703
1269	2991
1269	494
1269	1084
1269	1005
1269	86
1269	2731
1269	803
1269	1803
1269	2241
1269	1272
1672	2610
2305	933
1323	644
1920	3243
347	2025
1836	985
3226	1983
3116	181
762	2924
762	763
762	1596
762	585
762	2410
762	2533
585	1054
585	1306
2410	1552
2410	1306
2551	1135
2	3030
2	787
2182	2604
2299	911
2737	673
1850	1534
1850	2939
1850	2411
1850	2510
2155	1333
2155	3163
2155	2520
2155	2477
2395	1566
2395	2202
2395	3165
2395	802
2395	303
2395	1119
2395	3074
2395	1167
2395	2142
702	2389
521	461
521	1202
1902	1851
1782	2953
1782	1186
523	1675
1481	1153
1481	1703
3000	2255
3000	1412
3000	1928
2483	1636
671	2821
671	2497
514	2840
434	119
434	2877
434	2892
3008	434
1036	2848
1036	3035
1036	2233
1036	744
1055	2600
511	2180
2534	630
630	1335
277	1335
277	1439
393	1335
2218	2971
2218	2914
687	1437
687	1737
687	1171
687	412
687	1738
687	874
687	1494
781	2059
295	606
1289	345
1289	2921
1289	13
1289	3115
606	1194
811	128
562	1017
2723	1045
866	1052
866	2759
866	2637
2242	619
798	498
798	2047
2955	3194
2955	1008
2452	1363
555	2677
555	2488
891	3138
891	609
891	1993
891	555
2066	2568
2066	63
2066	2779
2066	3075
2066	1209
2066	1490
2066	2677
2066	2488
2066	2940
2066	2270
1530	1056
2916	265
2916	1299
564	470
564	2598
564	1356
564	1646
564	1267
564	1698
2642	1122
1886	1689
1035	1898
142	591
142	1898
1898	709
471	3062
471	93
471	55
471	3003
471	2674
471	2800
471	1768
460	373
460	2454
460	55
1400	2248
2591	188
2597	2244
1500	2244
2493	2690
1526	657
1526	13
2239	1592
1032	1551
2040	1894
2451	2300
2053	466
2053	1273
2053	888
2053	2133
2053	740
2053	134
2053	2355
1417	3257
922	2939
922	790
2304	2808
2304	583
2517	1374
1518	900
1518	76
2866	1938
1938	2866
1207	3035
1207	2785
3177	1097
3177	1217
3177	478
3177	2695
3177	2762
3177	751
3177	957
3177	323
3177	1609
3177	770
3177	1192
3177	1207
3177	1245
3177	2785
3177	189
3177	2896
3177	2152
2405	2992
258	1710
258	1324
249	2149
249	1304
249	9
249	1902
1317	426
232	1565
2315	1736
148	1779
1102	678
1102	2830
1102	631
1102	2469
2974	221
3248	768
3248	973
3248	1727
3248	558
3248	3006
558	768
558	1727
558	2029
1404	2089
1404	1353
1404	823
1404	303
1404	1535
1404	2470
1762	1101
1762	2393
2865	279
2626	2242
1027	1930
2419	382
2793	2850
2793	42
1680	1852
2274	2843
2274	2057
2274	214
1971	3182
1971	46
1971	81
1971	769
2057	2856
2057	517
2057	214
3208	1598
3208	1370
1839	2323
1839	1574
417	314
518	1542
2205	518
2205	1542
2318	2308
2804	1227
248	2804
2370	3217
2370	1742
2370	3246
2309	51
1506	2416
1506	892
1506	1776
1506	2393
972	2929
972	1295
972	1233
1112	2944
513	3078
513	2145
513	2437
513	853
513	2160
513	2111
513	2005
513	1355
513	272
513	2501
513	1635
513	1159
1738	1737
456	1902
456	1851
1927	2464
2674	3003
2674	1768
874	93
874	3003
874	2674
2907	207
2907	2215
1181	2337
1181	2613
1181	796
1151	4
4	3080
1164	3213
2181	479
2181	693
3252	2906
605	2302
605	820
312	1482
1687	2219
2219	312
2219	1482
1891	708
1891	944
1891	2028
1891	2386
2481	1624
307	2837
695	2447
1204	1059
1204	1266
1204	2337
1204	1852
1204	2341
1204	2059
1204	1979
1204	2613
1204	796
1204	2019
1204	2813
1204	1793
2019	1266
2019	2059
2019	2813
1726	1426
1726	937
714	2314
714	668
714	1352
714	1661
1678	1808
1305	418
2306	2394
2306	1633
2306	2630
2306	1846
2306	153
2306	2393
2306	2201
2306	2622
2306	2684
2306	2444
2306	1261
2306	2994
2306	1608
2306	653
2306	1336
2306	1238
283	933
35	1628
35	606
35	1396
1396	3061
1396	1194
1396	1538
135	1027
1863	85
1863	1103
1863	4
2500	496
2500	1123
2500	1910
496	1123
496	1910
2508	2208
2508	2487
309	2565
506	1054
1000	3255
1000	1875
1000	724
1000	1377
1000	1601
1000	1100
1000	2456
1000	882
1000	2770
1000	2964
1000	3088
1000	2759
1000	866
1000	1164
1000	821
270	1894
560	3159
1925	3159
850	447
850	1306
1553	1936
721	1900
721	743
721	2837
3048	1900
3048	743
3048	2837
3048	721
3048	622
342	735
273	941
273	3112
273	722
1494	1750
3172	1872
3172	24
206	2108
206	2277
2233	2848
2233	1276
1406	2791
3033	1060
1816	1472
2004	2663
2004	2439
1281	1810
2663	3191
1484	692
290	2559
2559	1050
1154	663
1154	2257
1154	2156
1154	354
1154	218
1512	556
1512	3072
1512	211
1512	385
407	240
2627	1728
2105	2306
1696	858
1340	869
1340	276
2247	3130
2247	2800
1523	512
13	345
13	3115
2569	2852
2569	999
2569	113
2569	3249
2569	531
2938	2082
2938	408
2938	344
2938	2143
2938	573
2938	2522
2938	1990
2938	3190
2938	2931
2938	789
2938	306
2938	1821
2938	1712
2938	1601
2938	2750
2938	401
2938	2809
2938	1880
2938	462
2938	287
2938	3002
2938	1182
2938	2341
2938	3221
2938	1813
2938	1425
2938	947
2938	909
2938	2578
2938	2431
2938	2034
2938	567
2938	2604
2938	2059
2938	1935
2938	2572
2938	145
2938	393
2938	2903
2938	2235
2938	3040
2938	1404
2938	1204
2938	2019
2938	3181
2938	280
2938	814
2938	199
2938	30
2938	374
2938	2811
3249	503
3249	1639
3249	1182
3249	672
3249	1204
3249	2019
3249	199
3249	30
3249	374
3249	1243
1456	408
1456	1600
531	1015
531	113
1006	1447
1975	349
2763	2374
2763	1975
2841	1837
2841	1257
2841	1626
182	1837
182	1257
186	2657
2485	970
1954	438
2259	117
117	1934
1742	2108
1742	3217
1661	1822
1661	2395
1661	1550
1604	2558
1604	2352
2647	2599
2647	941
2647	310
2647	3112
2647	2478
2647	1331
2647	597
2647	273
2647	2479
2479	1411
2479	2897
2479	2453
2479	766
2264	1724
2264	2656
2264	883
2264	3229
2264	29
2260	2179
1329	1662
1329	2235
3133	2951
641	805
641	3077
205	601
879	205
2533	1562
2533	516
2349	2016
717	375
717	1590
1539	421
1058	2204
1731	1177
1731	493
2162	1421
2162	1610
2162	240
2162	421
2162	1031
2162	1192
2162	1222
2162	407
2162	1539
2162	1427
3146	617
3146	2592
3146	2138
3146	3051
3051	617
3051	2138
2879	2851
2879	1329
2879	1489
2879	255
255	901
255	1459
255	935
525	1455
3029	2184
3029	834
3029	2581
3029	1760
3029	1539
3029	754
3114	87
3114	1957
2183	481
20	2400
20	1155
20	2977
2628	311
441	2169
441	2628
441	2896
2659	1544
3200	2943
3200	81
3200	769
3200	516
2813	1266
2813	1253
289	1901
263	1901
263	2263
2263	2039
1501	728
1079	2376
1079	1242
1079	3157
1079	1916
2611	1901
2815	301
2047	59
535	250
1504	2664
1504	2789
3097	1504
3097	2014
3097	2664
983	1504
2014	1504
2014	2664
2664	1504
2664	2014
2231	191
2231	1504
2231	1053
1279	2265
1279	2169
1279	2896
296	1013
296	2092
1895	2366
2536	594
2536	179
2785	1245
1806	2848
1651	1903
2142	387
357	387
357	2142
1999	979
2496	3155
2496	1435
358	2984
2338	2650
3152	1312
2650	1312
2650	3152
3148	1862
1520	2525
1520	339
1520	1051
1520	648
1520	1703
1520	1480
1520	2514
1520	1560
1520	1192
1520	3232
1520	1820
1520	425
2179	2391
2669	233
481	233
744	2848
680	833
2280	1293
1801	795
1801	1686
1801	1572
849	2791
849	1801
1308	3155
1308	2227
1308	394
1408	1948
1907	2262
1907	1108
492	3155
492	1388
492	2314
492	394
492	1408
492	268
492	2768
492	516
903	1583
318	1469
1081	2126
2243	887
579	902
1407	3035
2365	3175
2365	1689
3175	1689
1131	570
1131	1543
1131	2798
2798	1543
1753	2551
1753	1135
2668	1399
2668	1447
2668	396
396	2668
847	1201
3203	845
1127	2797
2439	3111
634	1339
137	3100
137	726
1950	617
1950	2138
2465	233
2465	2762
2465	1232
2465	2677
2465	2488
2465	1005
2465	3035
2465	2893
2465	2669
2465	481
1579	2582
1347	1252
359	3032
622	1239
622	1900
622	2837
622	721
984	2361
485	2957
485	1232
485	1359
613	1232
2570	635
2570	840
1815	1792
1815	1110
2438	1110
696	2712
1176	261
3222	812
2035	876
876	735
2256	1946
2256	590
2085	2024
1643	1452
1643	423
3202	1218
3129	2339
3129	1814
769	81
2073	2072
2073	2645
2073	1111
2526	1164
884	1486
3218	2715
3218	1552
3218	602
2127	3085
2127	2694
1859	1046
1859	2909
2909	1046
1235	2330
1235	3060
2687	1490
1509	363
1509	365
94	1893
2503	3145
2503	3079
3079	3145
3079	1564
645	1833
645	1224
208	2480
208	1097
208	2568
208	63
208	688
208	2919
208	3075
208	1232
208	1458
208	1490
208	2677
208	2488
208	1005
208	1192
208	891
208	1035
208	142
208	1851
208	1427
208	2095
208	1142
208	1087
950	2485
3169	3176
868	965
1241	3181
760	2091
760	2344
2727	1611
2727	741
3246	2324
3246	720
880	2486
880	1822
880	1846
880	1889
880	1293
880	720
880	1760
880	632
880	81
880	769
880	3246
880	1904
880	2565
880	1238
1904	2943
1904	1948
1904	100
1904	732
1904	486
1904	1661
1904	3200
1904	492
1904	81
1904	769
1904	516
707	3052
2983	1717
2983	581
2983	1812
2983	3222
2983	1698
3168	1234
3168	619
3168	2242
3168	288
2345	1234
360	563
360	1855
360	2147
360	2908
360	2738
360	1475
360	1660
360	567
360	3125
360	338
360	1748
2171	2779
3153	1698
2226	3153
2226	2925
2925	2126
2970	274
2970	2728
2970	520
2970	2941
2970	2245
2970	1912
995	2011
541	2278
2671	660
2624	2878
1149	242
1129	507
1129	109
1129	1471
109	1487
1378	2392
1198	616
1819	781
1819	3111
895	7
895	1547
450	2048
189	1245
189	2428
1073	770
68	3238
836	68
1445	2800
1359	1840
510	1832
510	2263
2342	3101
3066	1238
3134	415
3134	2063
3134	875
3134	2172
3134	2702
3134	467
467	2615
467	1861
2814	3106
448	1818
484	1930
484	1722
484	3158
484	1352
484	270
484	1686
2566	362
1142	2685
1142	3138
1142	555
1142	1087
1043	1237
1043	2713
1043	3195
1043	1986
1043	3004
2932	505
505	37
2511	3232
1372	1150
1150	2863
65	1011
1973	1150
2061	189
982	454
982	3223
982	3042
2114	2635
2207	1178
628	2331
170	1712
170	51
170	799
170	1358
170	234
75	1633
75	2625
330	1712
330	207
330	1936
1953	1431
1012	2079
1012	3135
400	2996
104	2107
188	2107
1697	2459
2477	2849
2849	2179
2032	2285
2555	1929
2555	420
2555	2384
2555	2967
2555	1510
2555	1417
156	1747
156	210
156	1274
156	36
1514	2651
1685	1843
2022	401
2022	3002
2022	362
2678	1787
2678	401
2678	2022
2678	362
1220	2022
828	2572
1033	2340
268	2768
2768	1408
2768	516
223	516
516	1948
1754	195
195	993
1814	2339
1814	55
2862	2033
1519	3126
1519	1786
2296	841
2329	442
889	1108
889	1394
667	656
1357	2614
1357	918
703	463
2190	2541
2190	1760
637	2276
625	3059
70	1700
70	3082
1325	945
1325	427
2472	964
3170	1301
2731	2532
2731	383
2731	1938
1677	1947
1345	1191
1708	128
1706	2562
1706	1905
2838	84
2838	428
2562	1905
39	591
39	2985
1688	1492
1688	2752
1688	785
1375	267
1375	212
2864	519
324	1273
324	1240
2060	1240
2869	328
658	336
3205	276
1440	2215
2013	1429
2013	2167
545	1429
2167	2980
2167	1429
814	789
203	1479
203	965
1306	2118
1306	1054
162	561
1196	690
1196	1870
1196	2026
1196	2741
384	1432
384	1901
2397	3128
2397	655
2397	1649
2445	2665
3057	1326
2623	1844
2623	1401
2623	502
1254	609
1254	2422
2422	2224
2422	3082
2954	939
2745	1255
2745	43
2745	15
166	1571
1114	36
2527	1624
2527	2448
2069	2890
863	1705
3156	72
3156	3153
2408	1665
697	3062
697	93
1104	3062
1104	93
2313	1593
3041	1503
3041	902
3041	391
3041	1785
3041	2694
1478	2588
3010	473
3010	2970
2117	1968
1468	2784
1468	1601
1468	777
1468	2182
1468	1798
1468	2470
1468	199
199	1566
199	3231
1958	2413
2413	2780
298	570
298	1543
298	1131
298	2798
1243	608
1243	672
1243	925
1243	2970
1284	2709
1284	1040
1284	269
1284	2675
1284	2766
1284	1764
1284	3106
1284	2182
1284	1535
1284	2470
1284	1754
1284	3054
1284	199
1284	97
254	599
1608	1217
1608	2734
2896	1245
653	2829
653	742
803	1472
803	3130
1871	3189
3254	433
2753	3231
1397	621
2874	2965
1820	2525
1820	1560
2270	2568
350	3223
1336	1238
2386	2946
2386	1628
2386	1891
754	1539
1087	1245
698	2636
1313	911
1313	3231
97	2470
2811	2299
2811	911
2811	1313
2087	1433
2087	2563
1014	228
1803	2532
1803	2237
1803	2703
1803	2991
1803	1472
1803	1272
2241	1791
2241	2532
2241	2237
2241	2703
2241	2991
2241	86
2241	2731
2241	803
2241	1803
2241	1272
1272	2237
1272	2731
1272	1803
1777	3258
1865	1962
1865	2692
1865	179
600	207
600	2637
3241	1962
3241	320
3241	816
3241	1153
3241	3062
3241	2437
3241	2044
3241	1577
3241	1246
3241	93
3241	1228
3241	1236
3241	1851
3241	1859
3241	1918
2760	3154
2760	1187
2760	1153
2760	2044
2760	819
2760	1961
2760	1431
2760	1918
2152	3035
1202	31
425	2810
3014	461
3014	2947
3014	1202
2803	2372
1669	1595
647	1611
647	31
647	461
647	1202
1939	1327
2981	1376
2633	1666
2633	1485
830	806
1238	587
