0	2
1	0
2	3
3	5
4	2
5	4
6	0
7	3
8	1
9	5
10	1
11	0
12	2
13	4
14	2
15	2
16	2
17	5
18	5
19	2
20	3
21	1
22	5
23	4
24	3
25	2
26	4
27	4
28	1
29	2
30	0
31	2
32	2
33	5
34	1
35	5
36	0
37	4
38	3
39	2
40	2
41	3
42	2
43	2
44	1
45	1
46	3
47	0
48	2
49	0
50	1
51	0
52	2
53	3
54	2
55	1
56	1
57	1
58	4
59	2
60	2
61	2
62	1
63	1
64	1
65	5
66	1
67	2
68	1
69	5
70	1
71	5
72	4
73	0
74	3
75	4
76	2
77	0
78	5
79	5
80	0
81	4
82	5
83	4
84	4
85	2
86	1
87	5
88	5
89	0
90	1
91	4
92	5
93	1
94	1
95	3
96	4
97	0
98	5
99	0
100	4
101	5
102	0
103	2
104	2
105	1
106	2
107	2
108	2
109	5
110	3
111	1
112	3
113	0
114	1
115	1
116	0
117	1
118	4
119	2
120	5
121	5
122	4
123	2
124	2
125	4
126	1
127	4
128	5
129	1
130	2
131	2
132	3
133	4
134	3
135	4
136	1
137	1
138	0
139	1
140	1
141	2
142	5
143	4
144	5
145	0
146	1
147	5
148	0
149	4
150	1
151	2
152	2
153	4
154	0
155	5
156	0
157	0
158	5
159	1
160	2
161	5
162	3
163	4
164	5
165	2
166	1
167	5
168	4
169	1
170	0
171	2
172	2
173	2
174	1
175	1
176	0
177	5
178	1
179	2
180	3
181	4
182	4
183	1
184	5
185	4
186	3
187	0
188	2
189	1
190	4
191	0
192	5
193	0
194	2
195	4
196	1
197	5
198	4
199	0
200	2
201	2
202	0
203	5
204	2
205	4
206	4
207	0
208	1
209	1
210	0
211	0
212	4
213	1
214	5
215	1
216	2
217	5
218	2
219	2
220	3
221	1
222	5
223	4
224	2
225	1
226	3
227	2
228	2
229	5
230	5
231	1
232	0
233	1
234	0
235	0
236	3
237	2
238	1
239	1
240	1
241	5
242	4
243	2
244	2
245	2
246	4
247	1
248	5
249	5
250	2
251	1
252	0
253	0
254	5
255	0
256	5
257	0
258	2
259	1
260	4
261	2
262	0
263	2
264	2
265	4
266	2
267	4
268	4
269	0
270	4
271	4
272	1
273	0
274	2
275	5
276	1
277	0
278	5
279	4
280	0
281	4
282	5
283	1
284	1
285	3
286	2
287	0
288	0
289	2
290	0
291	2
292	3
293	0
294	0
295	5
296	0
297	2
298	0
299	2
300	1
301	2
302	5
303	0
304	2
305	2
306	0
307	2
308	2
309	4
310	4
311	2
312	4
313	3
314	3
315	2
316	2
317	5
318	5
319	2
320	1
321	5
322	0
323	1
324	2
325	4
326	0
327	3
328	5
329	1
330	0
331	5
332	1
333	1
334	1
335	5
336	5
337	2
338	0
339	1
340	0
341	1
342	4
343	5
344	0
345	4
346	1
347	1
348	5
349	4
350	2
351	2
352	1
353	2
354	2
355	2
356	4
357	0
358	3
359	1
360	3
361	4
362	0
363	4
364	1
365	4
366	1
367	1
368	1
369	1
370	1
371	3
372	1
373	1
374	0
375	2
376	4
377	4
378	2
379	1
380	2
381	4
382	2
383	1
384	2
385	0
386	2
387	0
388	2
389	0
390	0
391	0
392	0
393	0
394	4
395	2
396	5
397	5
398	4
399	1
400	1
401	0
402	2
403	3
404	4
405	3
406	1
407	1
408	0
409	3
410	1
411	5
412	1
413	0
414	4
415	1
416	2
417	5
418	5
419	2
420	1
421	5
422	2
423	5
424	3
425	1
426	3
427	0
428	4
429	3
430	1
431	2
432	5
433	2
434	2
435	5
436	1
437	4
438	1
439	2
440	5
441	1
442	3
443	2
444	1
445	2
446	0
447	0
448	4
449	1
450	4
451	1
452	4
453	1
454	2
455	0
456	5
457	1
458	5
459	3
460	1
461	2
462	0
463	2
464	4
465	1
466	5
467	4
468	4
469	2
470	4
471	1
472	2
473	4
474	4
475	1
476	1
477	5
478	1
479	2
480	1
481	1
482	1
483	0
484	4
485	5
486	4
487	1
488	5
489	4
490	4
491	4
492	4
493	0
494	1
495	2
496	0
497	0
498	2
499	1
500	5
501	0
502	2
503	0
504	5
505	4
506	0
507	0
508	1
509	5
510	0
511	2
512	5
513	1
514	5
515	2
516	4
517	4
518	3
519	1
520	2
521	2
522	4
523	3
524	1
525	2
526	2
527	4
528	5
529	4
530	4
531	0
532	0
533	1
534	3
535	2
536	1
537	4
538	2
539	2
540	1
541	1
542	0
543	4
544	2
545	5
546	1
547	1
548	5
549	2
550	2
551	2
552	5
553	5
554	5
555	5
556	0
557	5
558	2
559	5
560	4
561	3
562	2
563	3
564	4
565	1
566	1
567	0
568	4
569	5
570	0
571	1
572	4
573	0
574	2
575	1
576	1
577	4
578	4
579	5
580	0
581	4
582	1
583	5
584	0
585	3
586	1
587	4
588	4
589	1
590	5
591	2
592	4
593	5
594	2
595	2
596	1
597	0
598	2
599	3
600	0
601	4
602	3
603	1
604	0
605	2
606	5
607	4
608	0
609	1
610	3
611	1
612	5
613	1
614	0
615	1
616	5
617	5
618	3
619	0
620	1
621	5
622	2
623	1
624	2
625	5
626	2
627	5
628	3
629	3
630	0
631	2
632	4
633	3
634	2
635	5
636	0
637	5
638	1
639	0
640	2
641	2
642	0
643	3
644	4
645	1
646	1
647	2
648	1
649	2
650	3
651	1
652	1
653	4
654	2
655	0
656	5
657	4
658	5
659	1
660	4
661	5
662	5
663	2
664	3
665	4
666	1
667	5
668	4
669	4
670	4
671	2
672	0
673	5
674	1
675	0
676	3
677	1
678	2
679	2
680	2
681	4
682	5
683	3
684	2
685	1
686	2
687	1
688	5
689	5
690	5
691	2
692	5
693	2
694	2
695	3
696	2
697	1
698	5
699	0
700	0
701	2
702	4
703	2
704	2
705	5
706	5
707	3
708	5
709	1
710	3
711	1
712	2
713	5
714	4
715	0
716	0
717	2
718	0
719	2
720	4
721	2
722	0
723	0
724	0
725	2
726	5
727	4
728	5
729	0
730	5
731	2
732	4
733	2
734	1
735	4
736	4
737	4
738	0
739	5
740	5
741	2
742	4
743	4
744	1
745	0
746	0
747	0
748	5
749	5
750	5
751	1
752	5
753	3
754	5
755	2
756	0
757	5
758	2
759	4
760	2
761	3
762	3
763	3
764	1
765	0
766	0
767	5
768	2
769	4
770	1
771	4
772	3
773	0
774	5
775	5
776	1
777	0
778	5
779	5
780	5
781	0
782	0
783	4
784	4
785	5
786	1
787	1
788	2
789	0
790	2
791	4
792	4
793	1
794	4
795	4
796	0
797	3
798	2
799	0
800	0
801	2
802	4
803	1
804	5
805	2
806	1
807	2
808	5
809	2
810	3
811	4
812	4
813	1
814	3
815	5
816	1
817	4
818	4
819	1
820	2
821	0
822	2
823	0
824	5
825	1
826	0
827	2
828	0
829	5
830	1
831	5
832	4
833	3
834	4
835	3
836	1
837	0
838	1
839	2
840	5
841	5
842	1
843	1
844	5
845	0
846	3
847	1
848	1
849	4
850	5
851	2
852	4
853	1
854	0
855	1
856	0
857	4
858	0
859	5
860	2
861	5
862	5
863	0
864	1
865	5
866	0
867	2
868	5
869	3
870	4
871	0
872	3
873	5
874	1
875	1
876	4
877	2
878	2
879	4
880	4
881	5
882	0
883	2
884	4
885	3
886	3
887	4
888	3
889	1
890	2
891	1
892	4
893	1
894	2
895	5
896	3
897	1
898	2
899	1
900	2
901	0
902	5
903	3
904	5
905	3
906	5
907	0
908	2
909	0
910	4
911	0
912	5
913	5
914	5
915	5
916	0
917	2
918	0
919	4
920	1
921	5
922	1
923	2
924	2
925	2
926	2
927	5
928	4
929	3
930	1
931	1
932	0
933	1
934	5
935	0
936	5
937	0
938	3
939	2
940	5
941	0
942	4
943	4
944	5
945	0
946	0
947	0
948	2
949	5
950	4
951	1
952	0
953	5
954	2
955	1
956	2
957	5
958	5
959	2
960	2
961	1
962	4
963	2
964	3
965	5
966	0
967	4
968	1
969	0
970	4
971	2
972	2
973	2
974	2
975	5
976	5
977	4
978	2
979	2
980	1
981	0
982	2
983	0
984	3
985	4
986	1
987	5
988	4
989	2
990	0
991	4
992	5
993	0
994	5
995	2
996	0
997	2
998	1
999	0
1000	0
1001	2
1002	2
1003	4
1004	0
1005	1
1006	5
1007	2
1008	1
1009	3
1010	5
1011	5
1012	5
1013	1
1014	2
1015	0
1016	2
1017	1
1018	4
1019	1
1020	0
1021	2
1022	1
1023	5
1024	2
1025	2
1026	2
1027	4
1028	1
1029	5
1030	2
1031	5
1032	4
1033	2
1034	1
1035	5
1036	1
1037	4
1038	4
1039	1
1040	0
1041	4
1042	4
1043	3
1044	1
1045	1
1046	1
1047	4
1048	2
1049	0
1050	0
1051	1
1052	0
1053	0
1054	0
1055	5
1056	1
1057	2
1058	4
1059	0
1060	4
1061	4
1062	2
1063	2
1064	2
1065	5
1066	5
1067	4
1068	4
1069	0
1070	4
1071	4
1072	2
1073	1
1074	1
1075	1
1076	5
1077	3
1078	2
1079	5
1080	1
1081	4
1082	0
1083	3
1084	1
1085	2
1086	1
1087	1
1088	3
1089	2
1090	4
1091	0
1092	4
1093	2
1094	4
1095	5
1096	2
1097	1
1098	1
1099	4
1100	0
1101	4
1102	2
1103	2
1104	1
1105	1
1106	3
1107	2
1108	2
1109	4
1110	0
1111	3
1112	5
1113	2
1114	0
1115	5
1116	2
1117	0
1118	2
1119	4
1120	2
1121	2
1122	4
1123	4
1124	2
1125	4
1126	2
1127	1
1128	0
1129	3
1130	4
1131	0
1132	0
1133	5
1134	1
1135	1
1136	3
1137	2
1138	1
1139	2
1140	4
1141	0
1142	5
1143	0
1144	0
1145	1
1146	0
1147	2
1148	1
1149	4
1150	0
1151	2
1152	5
1153	1
1154	3
1155	4
1156	2
1157	2
1158	4
1159	1
1160	3
1161	1
1162	5
1163	5
1164	4
1165	2
1166	4
1167	0
1168	1
1169	0
1170	1
1171	1
1172	2
1173	0
1174	0
1175	2
1176	2
1177	0
1178	0
1179	3
1180	1
1181	0
1182	0
1183	1
1184	4
1185	2
1186	1
1187	1
1188	0
1189	5
1190	4
1191	1
1192	5
1193	4
1194	5
1195	4
1196	5
1197	0
1198	5
1199	1
1200	4
1201	1
1202	2
1203	4
1204	0
1205	1
1206	5
1207	1
1208	5
1209	1
1210	1
1211	0
1212	2
1213	5
1214	2
1215	4
1216	1
1217	1
1218	1
1219	2
1220	0
1221	5
1222	1
1223	2
1224	1
1225	2
1226	1
1227	5
1228	1
1229	1
1230	1
1231	1
1232	5
1233	5
1234	5
1235	5
1236	1
1237	0
1238	4
1239	2
1240	3
1241	3
1242	5
1243	3
1244	0
1245	1
1246	1
1247	0
1248	5
1249	1
1250	1
1251	1
1252	2
1253	0
1254	4
1255	2
1256	1
1257	4
1258	5
1259	5
1260	5
1261	4
1262	5
1263	2
1264	1
1265	5
1266	0
1267	2
1268	4
1269	1
1270	1
1271	5
1272	1
1273	0
1274	0
1275	0
1276	1
1277	3
1278	2
1279	1
1280	5
1281	5
1282	1
1283	5
1284	0
1285	0
1286	3
1287	2
1288	2
1289	4
1290	2
1291	0
1292	0
1293	4
1294	1
1295	5
1296	2
1297	0
1298	1
1299	4
1300	2
1301	4
1302	1
1303	2
1304	5
1305	5
1306	5
1307	5
1308	4
1309	5
1310	1
1311	1
1312	5
1313	0
1314	3
1315	5
1316	4
1317	2
1318	3
1319	1
1320	5
1321	2
1322	2
1323	4
1324	4
1325	0
1326	0
1327	1
1328	0
1329	4
1330	5
1331	4
1332	0
1333	0
1334	1
1335	0
1336	5
1337	1
1338	0
1339	2
1340	5
1341	1
1342	1
1343	0
1344	2
1345	1
1346	1
1347	2
1348	4
1349	5
1350	5
1351	5
1352	4
1353	0
1354	0
1355	1
1356	4
1357	0
1358	0
1359	5
1360	4
1361	4
1362	1
1363	3
1364	5
1365	5
1366	0
1367	5
1368	1
1369	2
1370	3
1371	1
1372	1
1373	5
1374	4
1375	4
1376	5
1377	0
1378	2
1379	1
1380	5
1381	0
1382	1
1383	0
1384	4
1385	4
1386	1
1387	2
1388	4
1389	1
1390	2
1391	0
1392	2
1393	1
1394	1
1395	0
1396	5
1397	5
1398	2
1399	5
1400	2
1401	2
1402	3
1403	1
1404	0
1405	1
1406	2
1407	1
1408	4
1409	1
1410	2
1411	4
1412	5
1413	1
1414	2
1415	2
1416	2
1417	2
1418	4
1419	0
1420	0
1421	5
1422	2
1423	2
1424	5
1425	0
1426	0
1427	1
1428	0
1429	3
1430	1
1431	1
1432	2
1433	5
1434	5
1435	4
1436	0
1437	1
1438	3
1439	0
1440	2
1441	2
1442	1
1443	5
1444	2
1445	1
1446	0
1447	5
1448	2
1449	0
1450	0
1451	1
1452	0
1453	0
1454	2
1455	2
1456	0
1457	0
1458	1
1459	0
1460	3
1461	2
1462	4
1463	0
1464	2
1465	1
1466	0
1467	0
1468	0
1469	5
1470	5
1471	5
1472	1
1473	0
1474	5
1475	3
1476	4
1477	5
1478	5
1479	5
1480	1
1481	1
1482	4
1483	2
1484	5
1485	5
1486	0
1487	5
1488	4
1489	0
1490	1
1491	0
1492	5
1493	2
1494	1
1495	5
1496	1
1497	5
1498	5
1499	0
1500	1
1501	3
1502	1
1503	0
1504	0
1505	5
1506	4
1507	5
1508	4
1509	4
1510	2
1511	0
1512	0
1513	1
1514	2
1515	4
1516	3
1517	4
1518	2
1519	5
1520	1
1521	4
1522	5
1523	5
1524	3
1525	2
1526	4
1527	4
1528	2
1529	5
1530	2
1531	4
1532	4
1533	4
1534	2
1535	0
1536	5
1537	4
1538	5
1539	5
1540	0
1541	2
1542	3
1543	0
1544	2
1545	4
1546	2
1547	3
1548	0
1549	4
1550	0
1551	3
1552	0
1553	0
1554	1
1555	2
1556	5
1557	3
1558	2
1559	1
1560	1
1561	2
1562	5
1563	4
1564	5
1565	0
1566	0
1567	2
1568	1
1569	0
1570	2
1571	1
1572	4
1573	2
1574	5
1575	5
1576	1
1577	1
1578	1
1579	2
1580	2
1581	1
1582	2
1583	1
1584	2
1585	5
1586	0
1587	5
1588	1
1589	1
1590	2
1591	0
1592	0
1593	3
1594	2
1595	2
1596	3
1597	5
1598	3
1599	2
1600	0
1601	0
1602	4
1603	4
1604	5
1605	5
1606	4
1607	2
1608	4
1609	1
1610	5
1611	2
1612	5
1613	3
1614	0
1615	2
1616	1
1617	1
1618	4
1619	5
1620	2
1621	1
1622	2
1623	1
1624	3
1625	2
1626	4
1627	2
1628	5
1629	0
1630	5
1631	1
1632	4
1633	4
1634	3
1635	1
1636	2
1637	5
1638	2
1639	0
1640	5
1641	1
1642	1
1643	5
1644	1
1645	1
1646	4
1647	2
1648	0
1649	0
1650	3
1651	5
1652	2
1653	0
1654	2
1655	4
1656	1
1657	4
1658	2
1659	4
1660	0
1661	4
1662	0
1663	5
1664	5
1665	1
1666	5
1667	0
1668	4
1669	5
1670	2
1671	1
1672	3
1673	4
1674	5
1675	1
1676	1
1677	2
1678	2
1679	5
1680	1
1681	2
1682	0
1683	1
1684	0
1685	3
1686	4
1687	4
1688	0
1689	0
1690	5
1691	1
1692	1
1693	0
1694	0
1695	4
1696	0
1697	2
1698	4
1699	1
1700	4
1701	2
1702	2
1703	3
1704	1
1705	0
1706	2
1707	2
1708	4
1709	5
1710	2
1711	2
1712	0
1713	2
1714	3
1715	0
1716	2
1717	4
1718	0
1719	5
1720	4
1721	0
1722	4
1723	5
1724	2
1725	1
1726	0
1727	2
1728	5
1729	1
1730	5
1731	0
1732	2
1733	5
1734	5
1735	1
1736	0
1737	1
1738	1
1739	4
1740	5
1741	2
1742	4
1743	3
1744	1
1745	3
1746	2
1747	0
1748	5
1749	1
1750	1
1751	3
1752	2
1753	1
1754	0
1755	2
1756	5
1757	0
1758	5
1759	4
1760	4
1761	5
1762	4
1763	0
1764	0
1765	2
1766	2
1767	2
1768	1
1769	1
1770	1
1771	2
1772	5
1773	1
1774	1
1775	2
1776	4
1777	5
1778	2
1779	0
1780	1
1781	3
1782	1
1783	4
1784	5
1785	0
1786	5
1787	0
1788	2
1789	2
1790	3
1791	1
1792	0
1793	5
1794	2
1795	5
1796	1
1797	2
1798	0
1799	5
1800	3
1801	4
1802	3
1803	1
1804	4
1805	0
1806	1
1807	4
1808	2
1809	5
1810	5
1811	3
1812	4
1813	0
1814	1
1815	0
1816	2
1817	5
1818	4
1819	0
1820	1
1821	5
1822	4
1823	4
1824	0
1825	2
1826	4
1827	0
1828	4
1829	2
1830	1
1831	2
1832	3
1833	1
1834	5
1835	1
1836	4
1837	4
1838	1
1839	5
1840	1
1841	2
1842	5
1843	3
1844	2
1845	5
1846	4
1847	1
1848	0
1849	2
1850	2
1851	5
1852	0
1853	2
1854	5
1855	3
1856	3
1857	4
1858	5
1859	1
1860	1
1861	1
1862	2
1863	2
1864	1
1865	2
1866	2
1867	0
1868	5
1869	4
1870	5
1871	2
1872	3
1873	1
1874	4
1875	0
1876	1
1877	4
1878	0
1879	2
1880	0
1881	5
1882	2
1883	4
1884	5
1885	2
1886	0
1887	1
1888	4
1889	4
1890	4
1891	5
1892	2
1893	1
1894	4
1895	1
1896	0
1897	2
1898	5
1899	1
1900	4
1901	2
1902	5
1903	5
1904	4
1905	2
1906	1
1907	2
1908	2
1909	4
1910	4
1911	5
1912	2
1913	2
1914	1
1915	4
1916	5
1917	2
1918	1
1919	5
1920	5
1921	4
1922	1
1923	1
1924	4
1925	4
1926	0
1927	0
1928	4
1929	2
1930	4
1931	2
1932	3
1933	2
1934	1
1935	0
1936	0
1937	1
1938	2
1939	5
1940	0
1941	2
1942	1
1943	2
1944	5
1945	0
1946	1
1947	0
1948	4
1949	0
1950	5
1951	5
1952	4
1953	1
1954	1
1955	5
1956	3
1957	5
1958	0
1959	5
1960	1
1961	4
1962	1
1963	0
1964	5
1965	1
1966	1
1967	5
1968	1
1969	0
1970	2
1971	0
1972	2
1973	0
1974	1
1975	1
1976	0
1977	1
1978	5
1979	0
1980	4
1981	3
1982	2
1983	0
1984	4
1985	1
1986	5
1987	2
1988	2
1989	2
1990	0
1991	2
1992	2
1993	1
1994	2
1995	0
1996	5
1997	2
1998	5
1999	2
2000	5
2001	1
2002	4
2003	2
2004	5
2005	1
2006	0
2007	1
2008	5
2009	5
2010	4
2011	2
2012	0
2013	5
2014	0
2015	3
2016	2
2017	5
2018	3
2019	0
2020	5
2021	3
2022	0
2023	2
2024	0
2025	1
2026	5
2027	4
2028	5
2029	2
2030	2
2031	2
2032	2
2033	1
2034	0
2035	4
2036	4
2037	4
2038	5
2039	0
2040	4
2041	1
2042	2
2043	2
2044	1
2045	5
2046	5
2047	2
2048	2
2049	5
2050	5
2051	3
2052	2
2053	3
2054	2
2055	2
2056	0
2057	5
2058	1
2059	3
2060	2
2061	1
2062	1
2063	1
2064	2
2065	2
2066	5
2067	0
2068	5
2069	5
2070	2
2071	1
2072	2
2073	2
2074	5
2075	2
2076	2
2077	2
2078	4
2079	1
2080	5
2081	2
2082	0
2083	3
2084	5
2085	0
2086	2
2087	5
2088	5
2089	0
2090	5
2091	2
2092	0
2093	5
2094	1
2095	1
2096	4
2097	2
2098	2
2099	4
2100	0
2101	2
2102	5
2103	0
2104	0
2105	4
2106	1
2107	2
2108	4
2109	0
2110	2
2111	1
2112	5
2113	2
2114	5
2115	3
2116	2
2117	1
2118	0
2119	0
2120	4
2121	0
2122	2
2123	0
2124	1
2125	4
2126	4
2127	0
2128	4
2129	3
2130	2
2131	5
2132	1
2133	0
2134	2
2135	5
2136	1
2137	2
2138	3
2139	3
2140	1
2141	3
2142	0
2143	0
2144	5
2145	1
2146	0
2147	3
2148	0
2149	5
2150	2
2151	2
2152	1
2153	3
2154	2
2155	0
2156	3
2157	2
2158	1
2159	2
2160	1
2161	2
2162	5
2163	5
2164	1
2165	4
2166	2
2167	5
2168	5
2169	3
2170	3
2171	2
2172	1
2173	2
2174	2
2175	2
2176	2
2177	0
2178	2
2179	0
2180	2
2181	2
2182	0
2183	1
2184	5
2185	2
2186	1
2187	1
2188	0
2189	2
2190	4
2191	2
2192	1
2193	2
2194	0
2195	5
2196	5
2197	0
2198	1
2199	5
2200	2
2201	4
2202	4
2203	2
2204	4
2205	5
2206	4
2207	0
2208	5
2209	0
2210	0
2211	5
2212	1
2213	4
2214	4
2215	1
2216	4
2217	3
2218	4
2219	4
2220	2
2221	1
2222	1
2223	5
2224	2
2225	1
2226	4
2227	4
2228	4
2229	1
2230	2
2231	0
2232	1
2233	1
2234	5
2235	0
2236	1
2237	1
2238	3
2239	0
2240	5
2241	1
2242	0
2243	4
2244	2
2245	2
2246	2
2247	1
2248	1
2249	5
2250	1
2251	0
2252	5
2253	5
2254	5
2255	5
2256	5
2257	3
2258	0
2259	1
2260	3
2261	4
2262	2
2263	0
2264	5
2265	1
2266	1
2267	2
2268	2
2269	2
2270	1
2271	0
2272	1
2273	5
2274	0
2275	3
2276	1
2277	0
2278	1
2279	1
2280	4
2281	2
2282	2
2283	4
2284	3
2285	2
2286	2
2287	1
2288	0
2289	4
2290	1
2291	2
2292	5
2293	1
2294	1
2295	0
2296	5
2297	5
2298	2
2299	0
2300	2
2301	0
2302	2
2303	4
2304	3
2305	1
2306	4
2307	2
2308	2
2309	0
2310	0
2311	5
2312	2
2313	3
2314	4
2315	0
2316	4
2317	0
2318	2
2319	5
2320	3
2321	1
2322	3
2323	5
2324	4
2325	3
2326	1
2327	2
2328	2
2329	3
2330	3
2331	5
2332	4
2333	1
2334	0
2335	5
2336	0
2337	0
2338	5
2339	1
2340	2
2341	0
2342	5
2343	5
2344	1
2345	5
2346	0
2347	1
2348	5
2349	2
2350	5
2351	1
2352	5
2353	5
2354	5
2355	3
2356	5
2357	1
2358	5
2359	1
2360	2
2361	3
2362	4
2363	0
2364	2
2365	2
2366	1
2367	5
2368	1
2369	2
2370	4
2371	2
2372	2
2373	2
2374	1
2375	2
2376	5
2377	5
2378	1
2379	5
2380	4
2381	4
2382	4
2383	4
2384	2
2385	4
2386	5
2387	4
2388	2
2389	4
2390	2
2391	0
2392	4
2393	4
2394	4
2395	0
2396	3
2397	0
2398	2
2399	0
2400	5
2401	0
2402	5
2403	2
2404	5
2405	4
2406	3
2407	4
2408	1
2409	0
2410	3
2411	2
2412	0
2413	0
2414	3
2415	1
2416	4
2417	2
2418	3
2419	1
2420	4
2421	2
2422	4
2423	1
2424	4
2425	5
2426	2
2427	4
2428	1
2429	0
2430	3
2431	0
2432	2
2433	2
2434	5
2435	2
2436	1
2437	1
2438	0
2439	5
2440	2
2441	1
2442	4
2443	1
2444	3
2445	1
2446	4
2447	5
2448	3
2449	5
2450	3
2451	4
2452	3
2453	0
2454	1
2455	3
2456	0
2457	2
2458	4
2459	2
2460	1
2461	5
2462	5
2463	0
2464	0
2465	5
2466	0
2467	1
2468	1
2469	2
2470	0
2471	3
2472	3
2473	2
2474	2
2475	0
2476	0
2477	0
2478	0
2479	0
2480	2
2481	3
2482	1
2483	2
2484	0
2485	4
2486	4
2487	5
2488	1
2489	4
2490	4
2491	5
2492	3
2493	2
2494	4
2495	2
2496	4
2497	0
2498	5
2499	4
2500	4
2501	1
2502	0
2503	5
2504	5
2505	1
2506	1
2507	2
2508	5
2509	5
2510	1
2511	5
2512	4
2513	5
2514	1
2515	0
2516	1
2517	4
2518	4
2519	5
2520	0
2521	2
2522	0
2523	1
2524	0
2525	1
2526	0
2527	3
2528	0
2529	0
2530	5
2531	3
2532	1
2533	5
2534	0
2535	5
2536	2
2537	2
2538	2
2539	0
2540	1
2541	4
2542	0
2543	3
2544	2
2545	0
2546	1
2547	3
2548	2
2549	1
2550	4
2551	1
2552	5
2553	5
2554	2
2555	2
2556	0
2557	1
2558	5
2559	0
2560	1
2561	0
2562	2
2563	3
2564	4
2565	4
2566	0
2567	5
2568	1
2569	0
2570	2
2571	1
2572	0
2573	0
2574	2
2575	1
2576	1
2577	0
2578	0
2579	4
2580	3
2581	5
2582	2
2583	4
2584	4
2585	0
2586	1
2587	5
2588	2
2589	2
2590	3
2591	2
2592	5
2593	0
2594	5
2595	0
2596	3
2597	1
2598	4
2599	0
2600	5
2601	4
2602	1
2603	3
2604	2
2605	4
2606	1
2607	2
2608	5
2609	2
2610	5
2611	2
2612	5
2613	0
2614	0
2615	1
2616	4
2617	0
2618	1
2619	2
2620	5
2621	0
2622	4
2623	2
2624	2
2625	4
2626	0
2627	1
2628	5
2629	2
2630	4
2631	5
2632	5
2633	5
2634	0
2635	5
2636	5
2637	0
2638	2
2639	0
2640	5
2641	5
2642	4
2643	1
2644	1
2645	2
2646	0
2647	0
2648	1
2649	4
2650	5
2651	2
2652	2
2653	5
2654	2
2655	4
2656	2
2657	3
2658	1
2659	2
2660	1
2661	2
2662	4
2663	0
2664	0
2665	1
2666	2
2667	2
2668	5
2669	1
2670	1
2671	4
2672	1
2673	4
2674	1
2675	0
2676	3
2677	1
2678	3
2679	1
2680	5
2681	0
2682	1
2683	5
2684	4
2685	1
2686	3
2687	1
2688	1
2689	4
2690	1
2691	1
2692	2
2693	5
2694	4
2695	1
2696	4
2697	2
2698	1
2699	5
2700	1
2701	3
2702	1
2703	1
2704	5
2705	5
2706	0
2707	2
2708	0
2709	4
2710	2
2711	2
2712	2
2713	3
2714	1
2715	0
2716	2
2717	1
2718	3
2719	5
2720	2
2721	1
2722	2
2723	4
2724	1
2725	1
2726	0
2727	2
2728	2
2729	4
2730	4
2731	1
2732	0
2733	3
2734	1
2735	1
2736	2
2737	5
2738	5
2739	5
2740	0
2741	5
2742	5
2743	4
2744	0
2745	2
2746	1
2747	3
2748	5
2749	0
2750	0
2751	4
2752	5
2753	0
2754	0
2755	2
2756	5
2757	1
2758	2
2759	1
2760	1
2761	0
2762	5
2763	1
2764	0
2765	5
2766	0
2767	2
2768	4
2769	0
2770	0
2771	2
2772	1
2773	1
2774	2
2775	5
2776	5
2777	2
2778	4
2779	1
2780	0
2781	0
2782	1
2783	2
2784	0
2785	1
2786	5
2787	2
2788	0
2789	0
2790	2
2791	4
2792	5
2793	2
2794	2
2795	2
2796	1
2797	2
2798	0
2799	3
2800	2
2801	0
2802	1
2803	2
2804	5
2805	0
2806	4
2807	5
2808	5
2809	0
2810	1
2811	0
2812	5
2813	0
2814	0
2815	2
2816	0
2817	1
2818	1
2819	1
2820	0
2821	0
2822	5
2823	3
2824	2
2825	4
2826	5
2827	0
2828	0
2829	4
2830	2
2831	4
2832	1
2833	2
2834	0
2835	4
2836	2
2837	2
2838	4
2839	3
2840	5
2841	4
2842	0
2843	5
2844	0
2845	0
2846	2
2847	0
2848	1
2849	0
2850	2
2851	0
2852	0
2853	1
2854	0
2855	4
2856	5
2857	4
2858	4
2859	5
2860	3
2861	2
2862	2
2863	0
2864	4
2865	4
2866	2
2867	2
2868	4
2869	0
2870	0
2871	0
2872	1
2873	2
2874	5
2875	4
2876	1
2877	2
2878	2
2879	0
2880	1
2881	2
2882	4
2883	4
2884	3
2885	4
2886	2
2887	1
2888	1
2889	1
2890	5
2891	2
2892	2
2893	1
2894	5
2895	5
2896	1
2897	4
2898	4
2899	5
2900	0
2901	1
2902	0
2903	0
2904	5
2905	0
2906	1
2907	0
2908	5
2909	1
2910	2
2911	5
2912	2
2913	1
2914	4
2915	0
2916	4
2917	0
2918	1
2919	1
2920	5
2921	4
2922	2
2923	3
2924	0
2925	4
2926	0
2927	5
2928	4
2929	5
2930	2
2931	0
2932	4
2933	0
2934	5
2935	3
2936	2
2937	1
2938	0
2939	2
2940	0
2941	2
2942	1
2943	4
2944	5
2945	4
2946	0
2947	2
2948	2
2949	0
2950	5
2951	4
2952	2
2953	1
2954	2
2955	1
2956	2
2957	1
2958	5
2959	2
2960	0
2961	1
2962	3
2963	4
2964	0
2965	5
2966	4
2967	2
2968	1
2969	1
2970	2
2971	4
2972	0
2973	5
2974	1
2975	1
2976	3
2977	5
2978	1
2979	5
2980	1
2981	5
2982	1
2983	4
2984	5
2985	1
2986	4
2987	0
2988	0
2989	2
2990	2
2991	1
2992	4
2993	3
2994	4
2995	3
2996	1
2997	1
2998	5
2999	0
3000	2
3001	4
3002	0
3003	1
3004	5
3005	4
3006	2
3007	2
3008	2
3009	5
3010	2
3011	3
3012	2
3013	4
3014	2
3015	2
3016	2
3017	0
3018	0
3019	0
3020	5
3021	2
3022	5
3023	4
3024	1
3025	2
3026	0
3027	1
3028	2
3029	5
3030	1
3031	4
3032	1
3033	4
3034	1
3035	1
3036	1
3037	5
3038	0
3039	4
3040	0
3041	5
3042	2
3043	4
3044	1
3045	2
3046	2
3047	0
3048	2
3049	0
3050	5
3051	5
3052	5
3053	4
3054	0
3055	4
3056	1
3057	0
3058	1
3059	5
3060	3
3061	5
3062	1
3063	5
3064	1
3065	4
3066	5
3067	0
3068	4
3069	0
3070	0
3071	2
3072	0
3073	4
3074	4
3075	1
3076	5
3077	2
3078	1
3079	5
3080	2
3081	4
3082	1
3083	2
3084	0
3085	0
3086	5
3087	5
3088	0
3089	1
3090	5
3091	2
3092	2
3093	1
3094	4
3095	5
3096	1
3097	0
3098	5
3099	0
3100	1
3101	5
3102	3
3103	1
3104	3
3105	5
3106	0
3107	5
3108	5
3109	3
3110	3
3111	0
3112	0
3113	2
3114	5
3115	4
3116	1
3117	1
3118	3
3119	3
3120	0
3121	5
3122	4
3123	3
3124	4
3125	5
3126	0
3127	4
3128	0
3129	1
3130	1
3131	2
3132	2
3133	4
3134	4
3135	1
3136	2
3137	0
3138	1
3139	1
3140	1
3141	1
3142	1
3143	5
3144	3
3145	5
3146	5
3147	0
3148	2
3149	2
3150	5
3151	5
3152	5
3153	4
3154	1
3155	4
3156	4
3157	5
3158	4
3159	4
3160	2
3161	1
3162	0
3163	0
3164	4
3165	1
3166	4
3167	2
3168	0
3169	1
3170	4
3171	1
3172	5
3173	1
3174	4
3175	2
3176	1
3177	2
3178	0
3179	4
3180	5
3181	3
3182	5
3183	2
3184	2
3185	1
3186	1
3187	0
3188	3
3189	3
3190	0
3191	0
3192	0
3193	4
3194	1
3195	5
3196	4
3197	1
3198	0
3199	5
3200	4
3201	2
3202	5
3203	0
3204	1
3205	1
3206	2
3207	5
3208	3
3209	3
3210	3
3211	3
3212	3
3213	0
3214	1
3215	5
3216	0
3217	4
3218	2
3219	2
3220	2
3221	0
3222	4
3223	2
3224	3
3225	4
3226	1
3227	2
3228	1
3229	2
3230	5
3231	0
3232	1
3233	3
3234	1
3235	0
3236	0
3237	3
3238	1
3239	0
3240	1
3241	1
3242	4
3243	3
3244	2
3245	1
3246	4
3247	3
3248	2
3249	0
3250	2
3251	3
3252	1
3253	1
3254	2
3255	0
3256	2
3257	2
3258	5
3259	4
3260	5
3261	1
3262	1
3263	0
