534
1727
1551
322
308
1812
2925
2103
2653
2562
601
1031
452
1053
2769
3023
774
3128
1797
2368
2982
2691
1929
3204
370
2461
3074
1864
589
238
3152
1115
627
600
613
376
1228
356
992
2908
367
354
1799
19
874
1993
2744
803
1698
1208
2981
2167
920
2276
2341
3037
2902
622
657
541
1828
1631
1256
755
2907
2489
1546
759
2170
2414
30
2846
2688
587
32
1595
1163
3206
1221
569
2278
1675
885
2804
177
351
911
2873
2314
2039
1707
3018
3087
233
2063
2208
1492
2569
1523
1622
2663
2935
2500
2972
980
1327
3040
2869
3189
2212
1255
3186
2387
1049
489
2108
1719
1400
1772
468
1582
2928
972
412
2755
697
2204
2711
3001
320
353
787
1090
3097
1207
1353
271
2015
2337
1038
197
576
492
2518
3117
2830
2257
2027
2472
582
804
2661
2737
1247
1043
565
1076
1462
77
2572
1210
2916
1361
3055
1354
578
2609
2722
2105
2120
2696
2739
126
650
1175
2831
1055
1747
1266
226
958
2901
462
3007
608
453
1072
1932
2538
3164
3025
2150
961
593
2439
2941
2023
2104
241
2833
2223
3058
1040
2496
769
1366
3129
2264
2541
319
661
1970
3089
3090
1466
653
397
665
2491
1351
437
2133
1173
284
2230
2985
2660
1720
554
3113
360
1585
1425
1579
310
506
1415
2360
1201
2065
897
1895
2747
2659
1339
3077
443
3132
359
1880
1493
3252
275
1146
2600
2096
955
1830
2664
2010
1514
3157
2388
2636
216
1874
74
2241
957
2436
2669
361
2279
474
2536
2036
1286
475
1511
878
1166
1846
2265
2533
2397
2759
1564
33
2806
2752
888
1760
2430
1136
189
1184
2507
634
1524
2842
2295
2918
2038
737
118
684
2919
1145
1750
2325
2305
1448
2551
1889
3045
348
850
1590
3208
2382
631
2675
2998
465
2807
1857
442
2630
2922
1496
2762
2143
1227
1098
783
1852
64
2913
26
107
136
2291
141
1187
1752
2585
2845
2778
1080
3222
3171
1558
2399
2058
800
2175
999
425
2942
1765
2872
2005
2948
1399
273
1907
585
1997
1063
1544
1928
1081
1475
1663
267
15
1236
1487
2214
2757
1155
1364
1276
2117
3167
1903
1670
435
1943
2216
880
2740
1449
1671
1756
1267
2409
1621
381
2698
3031
2724
2775
524
3104
147
2505
2080
782
3149
2473
1632
899
2581
2425
642
2129
2508
1386
1301
416
1601
976
2
1513
41
3203
2640
1547
497
2181
1624
2749
1202
1978
1563
191
2421
1879
2269
1968
1685
186
2993
1194
2742
1469
231
2713
1559
1338
2960
3226
2588
1322
1673
272
2457
1312
3064
158
1034
333
1085
2202
27
1316
3029
2490
3210
2550
1097
2910
389
1271
3143
288
2380
128
2924
1883
432
422
2032
76
747
708
828
1144
42
702
1575
1220
2502
1949
46
1433
594
1647
480
2408
707
941
1156
2130
1445
603
1441
2825
2888
772
2009
2717
306
166
1565
3140
586
2646
1158
3051
852
2909
2004
679
2273
607
1423
2179
1385
2173
1921
232
1111
378
789
749
3221
2169
963
1408
681
1409
2283
342
2786
2885
1996
249
2093
2401
1618
2258
2952
1791
2235
3030
1007
1125
1503
3019
1662
2101
1987
2649
395
1095
2499
2435
2464
192
199
1833
3156
1789
3212
1665
357
1380
1553
2509
1070
2297
2643
1020
181
2161
1537
1694
2511
2535
1054
1015
1512
1959
471
433
2836
1980
179
1550
1447
2059
167
3220
1370
2822
187
871
2246
2693
1626
2886
990
660
2474
1640
2992
2592
872
265
3248
2594
390
1086
2516
1494
2034
2912
2781
2498
2848
48
153
2817
1122
656
887
3059
3088
1436
2726
314
2140
915
1855
2296
3027
461
1304
1403
2110
1967
1395
514
824
2627
2544
29
2946
3070
1667
2379
914
345
3126
2298
1240
998
2579
52
924
1918
1753
1246
2720
3229
2894
615
735
3050
2091
2078
952
1952
2855
1847
135
3102
1026
279
2784
210
3094
11
931
2374
1878
1674
2406
1308
1429
2603
0
2773
1041
598
2362
2735
185
1074
2882
1411
641
3148
472
445
469
1600
1293
2728
1151
2738
559
1377
2667
583
1277
1541
1367
1456
235
2905
478
2921
1858
2294
2369
2616
1888
2209
112
337
1137
1615
369
1822
1313
2224
1249
3042
1357
430
3008
1586
66
2685
28
336
2615
2469
1384
500
1981
551
985
1597
1130
1307
2940
2199
161
1528
2417
1352
949
1059
2219
896
1979
255
2229
2343
1851
392
327
169
2978
2003
1250
2467
2938
130
2064
1714
1731
910
1635
2203
302
2815
640
1904
781
2017
849
1715
1915
2304
2721
616
1735
2301
375
1123
3179
1723
2451
1171
1560
1420
838
652
256
539
826
202
750
2126
822
1099
1887
1738
1263
1349
1861
372
3249
1075
857
2834
2730
339
1006
3178
2763
799
236
2319
2650
257
176
417
865
1388
2557
227
429
792
2424
1642
1170
1295
2887
1027
2260
1281
1168
2157
1897
62
1203
3026
725
159
313
762
1645
3250
1998
547
1176
944
3231
876
1310
2030
69
3016
2383
542
1992
3100
2240
2312
843
2964
566
1808
3150
2195
938
2761
745
1507
3041
1003
898
1189
1133
2512
2385
1734
1587
3243
1803
529
428
2517
845
2113
1905
109
180
1525
2748
907
1407
3230
2145
1730
678
816
2673
2568
2975
2629
1717
563
2704
989
459
779
1260
2798
815
1536
1464
935
102
254
2191
183
195
1666
3219
3240
1167
2415
2207
1963
204
2198
814
1699
1204
1450
1956
2754
2392
3000
1995
1749
546
1505
2710
1982
664
458
1914
2546
340
3198
2339
2158
2674
2777
3176
18
3005
3014
817
53
1287
2770
1581
2962
1391
553
2308
396
2618
1950
1899
557
252
3234
2590
1093
718
2816
1521
1532
3078
2342
146
2813
1392
239
540
738
847
580
1284
73
117
2654
2447
3086
2407
8
2583
2115
1636
797
1692
515
2381
358
1106
1100
1831
2266
2682
2238
2147
756
2958
1223
383
501
651
1376
1251
943
1198
709
2073
1440
1418
2178
1252
1243
1340
2811
477
1273
1912
2021
2419
2310
2611
420
1412
2326
895
712
485
2355
3246
513
1964
2221
2306
3122
1736
2633
1269
739
133
143
2862
2236
1838
2689
2190
352
2984
163
2911
2651
2662
463
1091
1324
51
2977
1578
201
2183
346
208
1974
1197
2391
2705
2827
531
2249
2072
2788
825
2431
198
2501
1299
644
568
2552
765
2974
1814
2344
207
3256
1728
1491
1939
1780
2432
364
1347
2060
1482
3081
2364
2741
579
2936
2829
1625
1154
1215
1024
509
2139
2411
2743
1901
1105
919
979
2375
2188
2527
268
2487
704
662
1330
2860
171
1657
2106
2367
85
823
125
741
2386
984
1037
1881
2497
439
2056
1561
2839
2393
2121
3141
748
1321
387
1186
1022
98
1259
384
1920
419
454
588
2543
2261
50
933
3076
2054
2644
1832
2486
2033
1126
2047
1962
1850
1868
444
2686
92
1291
2797
2025
2701
1231
1748
2821
788
1946
262
3262
9
2438
90
523
2087
473
2441
1680
1501
505
2346
1672
2967
1746
1516
556
1488
3245
1540
292
939
2949
87
1865
2029
3174
2186
2077
157
2840
312
3263
1079
1763
3213
2695
1088
103
892
1654
105
1305
2853
1854
2547
1681
45
2019
91
1069
1944
1570
3163
2917
1762
811
1390
1574
3160
2020
3196
2253
193
104
1018
3032
2665
1783
296
2228
244
966
2357
304
3036
1279
2577
3020
2450
1379
964
2648
2239
1884
2476
1566
297
393
1737
1650
767
1336
2213
987
1648
40
1599
2479
2610
1120
538
119
1438
757
986
2706
711
2068
3200
1374
2666
2718
2963
1434
2850
3184
151
263
2218
618
1132
1455
1110
2152
164
606
3010
2832
558
2751
1742
2690
293
2443
1948
1893
716
23
1788
1117
2709
1767
22
809
1690
1393
2288
1066
518
2024
2812
2683
1638
3124
1787
1623
484
1428
2520
142
1777
3207
1716
1350
217
2174
2961
2463
127
2939
2604
1947
1185
2377
796
3166
798
940
962
3173
2437
96
1526
1147
494
144
3139
1549
1297
2026
1515
2420
2729
334
3021
277
2733
1619
2900
1807
785
936
404
1011
2138
1196
401
3233
1416
1655
3133
687
3228
2119
108
1077
810
2560
2177
2052
1741
1382
808
2083
1604
3170
301
400
2131
2756
446
599
1479
1538
1021
2668
2923
2405
3185
2448
1051
813
1798
1653
1056
2243
411
2707
3193
447
1219
2637
2160
1046
2906
884
2485
1589
1994
380
1594
75
610
1355
744
2847
2639
2857
2217
1571
1552
1226
960
2692
2372
1840
614
3071
2621
836
717
2999
1882
2880
2950
368
965
942
820
3075
2444
184
2458
2617
1177
2074
1976
311
280
1459
3183
2394
366
1039
391
981
409
2320
743
3068
44
1722
1346
3227
2311
1892
740
113
2746
70
25
1036
1837
573
1213
2791
2172
537
3127
388
676
1704
1771
1758
3257
2677
1577
2210
732
305
154
3093
736
1332
2979
2657
801
1542
1848
2680
2274
2132
3111
1873
1169
1127
604
1032
2006
991
2881
2250
374
818
80
723
2575
2042
2808
946
3009
2449
438
937
906
289
350
178
536
1729
242
1160
2338
1769
81
1460
2395
1898
2333
975
853
3194
2519
1696
2116
1500
1264
1612
574
2889
317
86
1262
491
970
2877
2875
1829
805
2156
1458
683
2371
1826
703
415
921
54
3232
89
355
2564
1113
773
276
3241
3119
995
281
2890
1863
2061
3048
1938
1629
1509
1275
1107
2731
240
230
2684
3223
689
264
3155
1470
1917
932
2284
3091
2465
1529
2197
335
1922
1805
2641
1969
2416
1235
220
746
882
2779
591
2468
1778
2366
3142
1700
3080
3098
2307
316
1431
2350
959
3131
2299
2128
170
1743
78
328
2354
467
1821
299
1142
731
377
1025
858
1315
2125
1985
3072
928
2413
2796
1397
2353
1588
72
2515
2050
596
1359
245
2715
2035
2570
1232
2493
2055
2334
794
1603
2184
43
2687
1658
760
635
663
2599
3244
1606
1896
3004
945
2268
266
2734
2589
1779
2976
2361
2676
1766
1580
2937
2903
2867
2390
466
2446
3006
1383
1919
1820
1389
2423
667
67
2429
24
2289
1047
324
2771
1065
510
733
835
1044
1924
287
2783
830
834
2790
2795
99
2220
2222
893
512
1016
2187
3105
1510
978
2608
1517
2373
47
2525
1174
879
2607
1023
1781
2062
1942
752
2092
215
1087
371
2206
2542
3065
2277
2159
690
499
1404
1630
2555
1794
1870
2483
670
1930
39
456
2529
138
862
2263
261
1013
1417
504
2854
544
2623
3118
2478
1004
868
1911
1506
2530
912
672
2066
10
2895
770
1691
2943
889
71
778
791
2768
2957
1253
35
225
2494
2593
1119
883
2814
160
295
1871
859
1283
1439
1530
2823
2989
511
2211
3260
1739
1999
1954
1005
2293
831
2582
2997
2324
2262
2606
592
1014
137
844
1274
2148
1801
1153
3061
886
730
440
2988
2591
2144
203
1331
1244
2634
1751
100
643
2317
754
1489
1867
1824
2155
1676
2376
483
581
1325
1535
1363
1084
1050
1627
3146
270
3202
1643
1387
3099
696
1477
