45937	20694
24226	3148
47531	36604
33507	29179
33507	824
33507	39595
23857	8185
23857	32368
23857	472
12838	8185
39325	22637
11688	33507
11688	29179
11688	824
11688	4319
11688	39595
805	38166
38928	19687
7405	8185
8171	4704
8171	37364
8171	22368
8171	32750
8171	2369
45566	37586
38930	33023
48325	2735
23488	45204
1165	41205
15107	45568
38931	5784
28014	23711
24972	48968
46339	45614
46339	48365
25342	30397
31143	32980
4696	1428
25343	7408
26142	16648
39719	28242
18539	45568
38933	1026
38933	20347
35376	40163
35376	40969
35376	32185
35376	47799
2304	44682
2304	24848
43296	7045
43296	7317
40525	31781
8934	38166
8934	33917
36960	3141
36960	5517
36960	11955
4701	36557
14321	8228
47539	48900
9739	3939
40528	42338
11290	19326
11290	48706
11290	45614
19693	39340
13932	39382
33102	38158
4706	5334
4301	27684
5076	42937
30751	15026
22730	13203
32351	16648
24979	35430
47950	26556
37358	48365
7805	26928
38569	26172
38569	1040
30336	40960
12455	16648
37754	24992
23100	45866
30340	42105
30340	30347
30340	8572
30340	20483
30340	5334
30340	10424
12857	8185
14326	30397
33516	46
33516	40581
33516	12513
20470	46340
18941	47005
36966	30787
36966	4588
46350	8961
14329	39382
14329	3341
37364	32750
37364	2369
37364	37586
26151	6135
35778	13241
29553	8572
29553	5334
29553	10424
29178	38166
29178	30397
22368	27660
22368	30397
25775	38166
33521	32953
23497	38166
23497	37586
2314	10133
2314	42149
2314	1040
2314	14222
29179	13109
10532	33507
10532	29179
10532	824
10532	4319
33111	44100
33111	669
3894	38166
3894	2369
13195	10539
13195	14729
13195	270
13195	6119
1176	1458
10128	38166
35780	25592
35780	40449
14332	16648
46353	20079
46353	18186
42105	30347
42105	8572
42105	5334
42105	10424
29935	3939
13196	33507
13196	11688
13196	4319
13196	39595
8564	9195
32730	29178
32730	30397
32730	31030
32730	15007
26894	4695
9746	34473
37760	11725
21207	18573
34273	26741
29938	47402
35782	29425
21600	37589
7813	5334
12074	5744
30347	10424
20079	18186
36974	38158
36974	5695
5866	42129
37370	38166
16648	45204
32368	27271
32368	14735
5481	10539
5481	14729
5481	6119
38120	48363
38120	12513
17419	11725
824	33507
824	29179
824	39595
34275	18573
25783	45220
25783	17085
9749	37197
21977	30787
21977	3141
21977	33161
21977	11336
21977	25821
21977	25410
4306	10424
36568	8185
26156	4696
26156	1428
26157	1575
26157	1205
26157	5334
28409	38166
12465	23700
12466	30787
12466	21634
12466	11336
12466	4588
432	46353
432	18186
22738	29446
48707	24848
48707	45866
23107	30397
19	5695
18187	25780
12468	11156
44462	38166
44462	37586
16651	15026
11302	38166
11302	40163
13945	30346
14715	23700
14715	43582
30762	30787
30762	33161
30762	11336
30762	5517
46779	26387
28031	38166
8193	30334
1938	46353
1938	20079
1938	18186
20089	16648
20089	8985
9385	40525
9385	21481
9385	25274
26899	7699
2735	18109
27660	22368
27660	30397
15127	40163
15127	37586
33532	2369
33532	11579
45220	17085
8572	10424
3909	8444
20483	30347
20483	10424
39358	43956
16256	37358
16256	48365
41699	9636
7055	834
7055	40163
7055	37586
7055	25234
7055	48968
33539	29810
27258	47402
27259	8185
20484	6683
25374	21629
25374	856
25374	29082
24631	45220
24631	17085
24631	34503
21219	33023
26904	6535
26904	8484
7060	7033
4319	33507
4319	29179
4319	39595
834	11302
834	23530
834	31030
47563	23935
30772	8228
30772	25274
3467	8185
49091	6718
25381	23405
14729	10539
13215	18109
18198	16664
18198	26055
46373	26412
16266	9217
30780	22775
30780	16691
26172	5784
32750	23497
32750	2369
32750	37586
32750	15007
43709	40930
43709	42155
11725	34473
32754	40581
32754	12513
32754	42522
16664	26055
14735	27271
450	35810
450	23913
30787	30391
30787	5517
46	40581
46	12513
38974	5510
19366	22013
8985	16648
8985	20089
23913	5911
23913	25674
22390	30392
25810	30787
25810	5517
4740	5695
30391	26213
30391	42773
22768	29977
22768	33579
43718	31030
40145	22013
40145	19366
13607	38402
13607	34952
13607	33023
45614	48365
19728	18977
19728	11336
3488	24245
3488	16647
3488	11336
3488	5517
42937	5076
42143	25592
42143	40449
15523	21462
14742	32953
3141	11336
33158	19726
41733	26928
41733	16296
5510	22017
17085	45220
17085	34503
21634	11336
21634	25821
6718	2321
21636	32244
33161	3488
33161	3141
33161	11336
33161	36217
33161	26556
35821	37358
28442	5510
15159	40022
22775	16647
22775	16691
22775	11336
22775	36217
22775	27861
22775	40449
15161	15026
40960	30336
32402	45097
40575	46172
40575	31023
39382	5744
2356	44336
2356	39263
13238	26172
13238	29599
13238	7265
13238	1040
13238	29082
13238	5784
8998	49126
5146	32402
5146	45097
48363	46
48363	12513
71	46172
14376	46
14376	20881
14376	40581
40155	3141
40155	11336
40155	16942
3940	25988
3940	19543
3940	45431
15532	5517
15532	42773
24650	5334
20514	4704
42149	1040
11336	16647
11336	30787
11336	16691
11336	36217
25821	16647
25821	30787
25821	36217
3148	24226
3148	30587
29215	42105
29215	30347
29215	8572
29215	20483
29215	10424
30805	20518
16296	7805
16296	26928
16296	10595
38175	32754
12511	5695
27685	1040
25410	19728
25410	3141
25410	22775
25410	16691
25410	11336
25410	36217
25410	33820
40163	13038
46409	11741
21255	36557
42520	8185
42520	22735
472	27271
472	14735
472	40153
26556	36217
26556	43171
17854	28242
12513	46
12513	14376
19384	32402
19384	5146
19384	45097
30397	44462
30397	38166
30397	37586
25036	31184
25036	31403
42155	40930
16694	22017
40969	17085
40969	38166
40969	28242
40969	23700
5517	42773
856	21629
856	29406
856	2224
14758	23700
10963	1930
23530	40163
18597	5914
33579	22768
33579	40042
35832	21462
35832	8475
16698	15026
20883	38402
44882	42143
44882	36217
44882	25592
44882	3339
44882	46245
44882	40449
5911	40449
10595	7805
10595	26928
10595	16296
1975	8185
1975	27271
1975	40153
1975	472
9005	3910
9005	23700
13994	41743
29219	40449
23935	23700
3153	15912
32017	2735
32017	16266
1225	44100
1225	669
26213	15532
26213	5517
26213	42773
30490	11336
30490	5517
11470	39263
7265	13238
7265	29082
24440	14162
11907	37644
14160	35037
8031	29977
9191	34473
9193	13981
9195	8564
37184	29446
37184	2614
43503	2581
15702	856
15703	48585
27861	36217
27861	26556
27861	15406
27861	40449
45405	7045
13038	2369
32945	37787
32945	40042
49324	14590
30585	3114
32185	40163
32185	40969
37586	38166
11548	1930
36791	10026
46160	32402
46160	5146
46160	45097
36407	9193
22577	33521
15338	29446
19525	22225
19525	35612
19525	38042
19525	38486
45056	18472
44276	5338
8775	36563
37186	38166
37186	30397
14530	35254
44678	38158
42733	43709
42733	42155
13044	8961
13044	47402
13044	7699
38781	40128
19169	14729
27093	2321
27093	42937
27093	6718
44682	24848
25208	31781
32953	47375
28252	16647
28252	3141
28252	25821
28252	36217
28252	26556
28252	5911
28252	40449
47375	21872
31781	25274
43517	47402
11923	37586
11923	25234
34129	46192
22225	35612
22225	38042
669	1225
12689	4172
36810	24848
3727	14162
29810	48906
29810	31023
43523	11286
6905	20694
32964	13238
32964	7265
32964	46609
32964	1040
44704	41205
25988	45204
25988	19543
46609	1040
11566	35263
1040	26172
1040	6308
1040	38181
1040	46609
1040	16539
1040	14222
1040	29082
1040	5782
1040	5784
19543	45204
19543	16648
19543	26741
6908	48751
20686	41196
43907	27271
43907	14735
43907	40153
43528	35037
43528	47561
1428	32351
23354	44753
25221	5337
25221	36043
11570	37205
27113	23711
27113	47402
6119	23700
25998	8185
38409	6135
28271	8185
6535	26904
6535	8484
46192	40750
46192	13520
34497	40449
20694	38166
20694	31030
20694	15007
21474	4704
8794	19884
45080	23700
24858	48363
24858	12513
40779	35428
49352	16648
27505	39263
26387	35276
42773	15532
4960	22225
4960	35612
4960	13110
4960	38042
4960	38486
19555	16648
47401	26416
36041	7699
5337	44100
43546	12339
29406	21629
29406	2224
19199	16648
6135	2946
6135	38409
31808	37197
36043	5337
34917	44100
34917	1225
34917	669
19935	39263
21481	7423
21481	8228
21481	31781
21481	25274
27129	42361
22610	10026
30188	33550
31023	48906
26775	46776
2577	31781
2577	21481
29059	11282
22614	38166
22614	21527
36449	21050
8810	40022
21069	48585
48585	12685
25234	38166
46641	19728
32980	31143
32980	20686
32980	41196
39594	7045
40788	16266
40788	27523
21072	5784
21072	11998
1065	48585
1065	32982
24872	11696
45096	19234
41205	7284
10405	43198
45097	32402
26412	44682
31030	25342
31030	29178
31030	38166
31030	30397
31030	15007
31030	12339
39595	33507
39595	29179
39595	10532
39595	4319
11955	24245
11955	30787
11955	3488
11955	11336
11955	47591
11955	5911
8444	47543
8444	5866
8444	3910
8444	49126
8444	18597
8444	23935
4588	21634
4588	15406
16142	6732
16142	44753
27523	16266
27523	32017
17681	22775
17681	16691
32244	19383
16539	25374
16539	29082
16539	5784
16539	2224
13457	33023
19219	14588
43937	38166
7317	7045
7317	28242
3778	38166
32994	8185
32994	27271
32994	14735
32994	40153
32994	472
45849	44704
16149	29977
16149	32945
16149	40042
34174	45133
21872	39263
3780	10133
3780	14222
3780	15403
16544	14222
16544	15403
19234	45096
22637	9580
42373	19704
14222	15403
16942	3141
16942	11336
19236	4172
24888	49070
25660	45204
3339	47950
3339	44882
3341	39382
29082	11138
14588	39263
31833	27684
15007	29178
15007	22368
15007	14162
15007	31030
34943	43582
36474	24848
36474	23008
24139	18992
41229	3488
41229	3141
41229	11336
26431	35612
43582	23700
43582	3727
4197	36496
27932	19704
27932	42373
24510	15159
24510	19383
24510	48758
24510	40022
15406	5517
15406	40449
43198	10405
20742	8185
20742	23137
20742	35419
20364	41371
48968	40163
48968	23530
48968	37586
2614	26416
44753	6732
46245	40449
2208	10420
2208	23405
10433	35037
10433	43528
23008	36474
1841	48585
35308	469
40022	15159
45133	19935
26047	19935
13855	26410
7728	46
7728	12513
43967	6160
8475	35832
8475	21462
19251	8185
19251	42520
38042	35612
42391	46194
33023	34503
33023	40449
33431	42520
38486	22225
38486	35612
38486	38042
12762	5338
13488	5695
40449	16647
40449	25592
12764	44682
12764	24848
36496	4197
5784	856
5784	11138
5784	29406
5784	29082
5784	2224
2224	21629
8484	26904
8484	6535
33820	22775
33820	16691
11998	856
11998	11138
11998	29082
11998	5784
40042	37787
43263	47375
15852	11302
15852	834
15852	40163
