48691	46194
48691	42391
25759	13944
12841	6122
44442	24235
44442	19693
44442	13580
11691	40119
11691	10550
24235	44442
24235	19693
24235	13580
2713	40449
41671	27476
7408	6122
33871	37586
40522	8185
40522	22224
18175	32729
18175	30781
18933	14329
18933	36407
18933	3341
26883	24982
26883	40163
26883	40969
26883	48968
21584	12689
21584	4172
41673	4172
11287	27867
25765	39378
4299	47992
36960	42512
39721	8961
45575	431
9739	27867
34633	40969
1564	43722
8552	33892
23869	18553
23869	34278
23869	32774
28767	18553
12453	29446
23493	40562
23493	19579
23495	33579
23495	32945
23495	29429
23495	40042
19696	6119
24609	23865
24609	23926
24609	24649
38941	15523
38941	35832
40119	31140
40119	49352
20470	6122
12459	18566
12459	47191
12459	29612
12067	32402
6669	33010
21974	29446
3893	37772
7809	43934
820	8961
42473	26560
40925	46352
40925	47565
29935	27867
8184	14524
36971	8960
36971	44876
7426	27684
14333	26883
14333	24982
14333	4348
5089	10181
5089	33771
5089	16554
24982	26883
24982	37370
45963	27271
45963	29872
31954	44682
46356	6122
21602	4348
21602	18799
21602	33008
30759	27684
26158	4701
26158	21255
32735	15884
13944	23700
1181	42892
4717	35810
23110	46776
10544	19383
31956	6718
27248	33010
10550	31140
10550	40119
10550	31023
34646	3893
1941	46352
14722	1966
14722	36407
14722	26755
4318	18794
26904	33010
444	29433
26166	2222
32745	40449
13588	465
45979	7719
35050	31140
7063	12729
29200	431
447	3148
30781	32729
46379	22746
7070	20475
11724	46
11724	43346
11724	40581
11724	12513
10934	16694
13958	23926
47575	22738
31183	23926
22010	40449
8982	3148
38147	30787
38147	3488
38147	3141
38147	33161
38147	11336
38147	36217
38147	5517
38147	5911
38147	31403
38147	41229
30792	24245
30792	30787
30792	3488
30792	3141
30792	33161
30792	22775
30792	16691
30792	11336
30792	36217
30792	25410
30792	4588
30792	15406
30792	33820
1204	3148
1599	47993
1599	32402
1599	37583
15151	28275
2346	5497
2346	29406
36998	42512
36998	47591
13974	33507
13974	11688
13974	10532
13974	39595
13974	12339
25020	24972
25020	23530
25020	48968
42512	11955
9405	17083
47993	32402
38157	32415
17083	469
36211	39201
1605	37754
1605	24992
46809	44368
1213	47973
39380	16648
39380	29987
27280	38928
27280	19687
27280	46361
29597	16648
35418	5000
3144	16539
28062	22358
28062	48750
28062	12687
28062	18035
28062	1841
1966	9193
1966	36407
1966	3341
36214	12685
36214	24848
36214	21069
17089	12689
17089	4172
3939	27867
26189	12687
49125	32402
23929	13241
23929	5338
21641	8961
19381	34473
8225	12841
8225	38110
36600	37583
3148	8982
38997	28242
40583	33507
40583	11688
40583	10532
40583	4319
40583	12339
471	45204
40966	40799
29987	431
32413	45204
49127	28242
26560	2581
36221	12266
7100	11336
22408	37586
4348	26883
4348	24982
25039	44462
25039	38166
25039	30397
38999	10177
35551	36557
35551	21255
35551	35604
5680	8782
5680	45146
21446	45799
21446	40450
1018	30188
12266	36221
12267	48923
1775	44682
47365	44876
36790	6595
267	33023
267	40449
44273	25262
35604	36557
28606	39722
28606	44876
27867	3939
38776	28809
45799	48968
29372	24609
27870	47001
29377	29591
31382	15912
11561	14317
43896	34529
6100	32402
6100	5146
8782	40421
47374	36407
47376	26904
47376	43577
12689	17089
39568	20118
23349	49315
17647	20691
17647	39227
17647	14235
47380	44736
16109	36221
14960	23725
26764	36221
19917	3735
20691	39227
18799	834
18799	48968
42767	12689
37208	12857
37208	44682
37208	12764
3740	21461
21845	8820
21056	14329
21056	36407
21056	3341
29402	8185
29402	33814
11939	17281
11939	19956
20705	36407
20705	23725
42783	14329
42783	36407
42783	45116
42783	3341
25231	29872
25231	733
49357	5334
49357	31849
30192	32729
30192	15127
30192	18958
30192	30781
10011	25229
10011	26410
47014	32402
47014	5146
47014	37583
47014	45097
39227	17647
39227	20691
39227	14235
11955	42512
42367	6169
8079	43523
37635	669
41211	2566
41211	6169
17687	10181
17687	33771
17687	16554
40804	41673
40804	38781
40804	4172
8820	21845
44338	6718
17693	6732
13090	26410
13090	13855
31044	27271
28661	23725
12739	2946
12739	33010
1467	43733
47029	24649
40421	8782
45116	3341
13467	46352
28668	39325
42380	39987
42380	26800
6169	2566
43577	47376
43577	33010
43577	40038
322	44682
33008	26883
33008	24982
33008	4348
41231	17089
41231	12689
41231	4172
27541	5000
38032	36407
38032	45116
38032	3341
1841	28062
1841	26189
1843	1566
1843	40449
29454	10927
29454	24848
38851	40451
38852	31416
5000	28252
23013	18803
17338	2222
9271	31942
47865	5510
47865	16694
19254	48750
19254	28062
19254	8412
33814	7405
33814	29402
42395	38781
42395	4172
42395	41231
40450	32076
21120	1026
42400	44100
44368	46809
40038	27248
40038	47376
40038	33010
733	11696
43974	21845
43974	8820
47064	7809
47064	43934
47064	8084
45146	8782
48268	20364
