23853	5848
23853	42906
23853	10424
24962	25410
33086	18186
18165	1775
18165	37208
18165	12764
22346	12689
3088	8185
14314	24817
14314	29425
30739	36796
21963	36606
30742	30350
44821	34646
44821	5334
17786	41211
5	17083
36158	28445
23086	47376
23086	33010
23086	40038
37742	8185
28012	34473
8541	47992
17406	45204
31142	13958
31142	29372
15877	32076
21584	28445
33874	44682
35023	46359
35023	32754
41673	28445
24237	3432
24237	33010
24237	40038
38111	2619
10908	36557
10908	24650
6663	11343
36162	4185
36162	43577
31940	9627
6666	2356
26886	834
25348	22775
25348	5517
25348	17681
26146	19
40118	8185
40118	7482
44057	48968
32354	22768
30338	17647
30338	20691
30338	39227
30338	14235
3441	24609
41678	25409
41678	42391
3888	16938
47544	29872
47544	733
7039	46776
7039	38769
4713	44338
7808	32407
19701	19525
19701	22225
19701	35612
19701	38042
19701	38486
20829	10163
12070	25800
12070	28062
40532	31781
13941	30338
13941	17647
13941	20691
13941	39227
31157	45219
31157	7227
10130	44845
19340	8036
30345	46
30345	48363
30345	12513
30345	24858
13563	30794
13563	49127
13563	28242
42906	5848
35783	19383
46769	43733
46769	19555
33117	38928
33117	46361
33117	27280
23105	10413
23105	38044
40928	14235
28026	24972
28026	25020
28026	6956
6674	49077
33118	21472
7043	34503
39345	13958
39345	23926
39345	24649
39345	29372
8942	2728
8943	23725
46359	32754
46360	10413
46360	38044
35786	10142
24622	26924
47146	19701
47146	19525
8947	27942
49077	4704
20086	47127
20086	8206
20086	42134
20086	7467
20086	40579
7817	36407
7817	42783
33891	8036
3455	2587
33535	19691
45974	17262
15503	42130
8574	10424
48717	24510
35793	24621
8956	37644
7440	45799
7440	9245
15895	21446
8957	8961
17059	39987
17059	14237
3464	10142
44465	4217
45592	5894
33134	35409
5492	45114
26166	21477
43327	18799
43327	19555
36985	33008
48723	23922
38135	27268
33141	13978
8206	47127
28430	46806
42922	32402
42922	5146
42922	19384
25800	28062
32751	21234
32751	1599
32751	32402
12090	11751
6700	3141
14358	31987
41713	7073
41713	37583
45231	429
3924	26416
31984	12685
31984	21069
20854	31184
20854	31403
22387	28242
11315	23146
44857	18064
8585	48325
8585	46385
8585	27523
9401	47973
9401	25398
9401	1213
34301	38605
42134	47127
42134	40579
46385	8585
44481	32981
23515	25398
23515	1213
10163	20829
21234	32402
34304	8206
34304	42134
43713	20118
35061	43718
35061	6119
34665	35804
47171	40910
46391	19360
20857	4746
22389	31530
22389	44682
22389	24848
22389	12764
42138	15896
5894	45592
5894	31787
5894	18035
5894	43541
5894	10415
5894	2222
25398	47973
25398	1213
12097	19525
12097	35612
12097	38486
30794	49127
48354	34861
16671	1173
16671	43726
20103	24245
20103	30787
20103	25810
20103	42512
20103	3488
20103	11336
20103	5517
20103	33820
10948	26924
18581	11315
40570	26924
20868	47178
20868	5338
47178	20868
47178	5338
26926	46352
32000	37364
5141	36557
5141	10424
38608	41974
41735	47989
15157	36563
33568	2356
33917	49085
31563	23700
29210	36974
12505	29188
12505	36198
12505	17088
12505	10181
9412	36407
24278	25416
24278	17298
1967	25409
45243	31183
45243	47029
28445	40128
28445	38781
28445	4172
28445	24872
40579	7830
32005	40562
32005	471
32005	19579
25029	24982
25029	4348
25029	33008
27289	47992
12515	32402
45247	23493
45247	14942
11343	4172
49130	47992
49130	27289
10965	28806
40588	23711
40588	40451
44881	26031
24288	47989
24288	11751
36606	6595
21261	9245
25416	17298
24657	40118
24657	47992
30817	8572
10987	35604
22788	48585
39395	13972
39395	25029
39395	33008
42977	33086
42977	1938
42977	24650
41002	48354
41002	34861
12130	31183
12130	23926
12130	47029
41003	18186
25457	834
25457	6905
2413	465
2413	5726
19879	17800
19879	32402
19159	19366
8029	44704
5680	11162
8762	21477
23327	46227
35239	49315
35239	12689
35239	41231
28598	4733
2127	34633
18399	44057
18399	48968
10768	28062
2532	29372
18402	14524
37185	8185
2537	42800
29373	19340
29373	33891
29373	8036
29373	3789
38781	28445
4924	39987
41935	33890
8407	11156
5700	20115
38785	47005
11562	14237
27102	34645
27102	35242
2549	26031
17647	30338
43901	45974
43901	40799
33373	16635
33373	43733
14543	19383
14543	15375
48554	37410
45414	6718
6110	32076
6110	40450
34886	46
34886	12513
32967	41974
24843	22768
24843	33579
31796	35242
31796	44271
31796	37995
11161	471
31006	15379
30607	8484
34896	28062
17662	12689
37995	35242
37995	44271
37995	23752
19925	39207
21849	8036
38418	46172
43916	21261
43916	9245
37215	12834
37215	29602
37215	26031
15375	19383
15375	32244
14979	45866
35272	465
35272	11548
35272	47815
1060	43733
22251	2596
47815	465
47815	35272
41974	38608
41974	7337
43555	19383
43555	24510
18061	32402
22618	32402
22618	45097
18064	32953
33392	1225
33392	669
37632	12097
47016	23086
47016	28783
47016	47376
47016	33010
47016	40038
22621	28012
39227	30338
31816	23405
12322	11156
12732	27858
10811	46194
10811	42391
31415	13044
40802	41738
2991	43308
35661	25365
37234	4924
37234	39987
37234	14237
40804	6663
13461	44704
10413	38044
4983	36214
4983	44682
4983	24848
3334	46256
41577	46776
41577	38769
34172	29802
34172	25262
2996	23493
2996	40562
2996	11161
2996	19579
41579	30345
41579	42522
18822	36606
18822	6595
27531	23013
10417	1225
10417	37635
10417	5363
10417	3346
44742	35681
9246	6671
20731	10055
15779	37215
15779	26031
46233	36217
41222	42380
25661	26927
41226	49315
3346	1225
3346	669
3346	37635
3346	5363
11202	26927
38028	12689
4995	23404
3789	8036
41234	5082
23404	44338
42001	31021
18475	25395
8463	23013
29092	21845
29092	8820
29092	43974
7337	38608
7337	32967
7337	41974
6956	24972
6956	25020
13481	47989
30225	9393
40440	32402
40440	5337
40440	45097
21897	8975
43966	21477
5000	5790
12751	15505
43590	38997
43590	4608
42008	48325
42008	46385
42008	27523
4608	38997
19607	14161
32656	49315
32656	33817
33025	44682
33025	29402
33025	322
33025	33814
46676	26151
46676	6135
43211	48750
38044	46360
38044	10413
20382	45974
44367	23700
44367	6119
33032	6169
15035	8961
15035	21477
5790	5000
23416	8810
29116	46245
23844	19726
23844	33158
