25751	3455
25751	43913
25751	7708
25751	43218
5844	29598
45936	14942
45936	37205
23079	2566
7022	4737
30737	17070
30737	44886
6656	36214
6656	44682
7024	8566
7024	33771
2292	12515
26879	43352
26879	20691
39711	10142
2708	33012
44440	15151
35371	36607
25337	10142
33867	2764
33867	39545
33867	45866
10113	32372
44047	30787
44047	11336
44047	5517
44047	19971
44047	41229
2298	5517
5466	40795
16629	39760
16629	29429
21583	8957
21583	17262
21583	21033
21583	40799
21583	17338
21583	42820
21583	2222
27637	26886
27637	48968
2300	38590
416	39723
416	20311
10906	39382
2710	34190
2710	6960
43675	31382
43675	11161
43675	2996
20066	17089
20066	12689
20066	26410
20066	13855
31929	5695
9734	17409
9734	8566
9734	17088
46335	1919
24969	40163
13182	37688
3098	31382
48324	47580
33869	7091
29540	6314
13550	10523
13550	48354
13550	41002
13550	39968
47942	5848
47942	40921
47942	1574
47942	34646
47942	29215
10521	48909
28762	19384
28762	12515
31525	49085
31525	37586
1915	13582
1915	1195
1915	5895
1915	22018
1915	35823
1915	15534
1915	5517
1915	10789
1915	46634
1915	24895
17038	36208
28015	39382
4698	25803
4698	22211
42891	15379
42090	28410
6252	41735
18540	47942
18540	40921
18540	1574
18540	34646
18540	29215
44447	325
15109	19543
45945	11470
42893	20691
42893	39227
43682	11561
28396	33771
15488	28062
809	5442
10523	34861
10523	39968
5471	29591
5471	29377
21970	5744
48698	36559
48698	36398
6256	9760
26885	33771
8551	32402
8551	44342
44830	1018
44830	16938
44830	5000
45947	3942
45947	14789
29546	21614
29546	7281
47948	680
40916	37998
10913	47026
13935	8566
13935	10181
13935	33771
18546	1945
37751	8185
37751	15954
36559	36398
23871	688
43304	4695
43304	5857
43304	30817
38939	7055
38939	6905
38939	31030
38939	48968
37360	10523
37360	48354
4712	1567
4712	16702
40920	43733
40920	33373
6668	48354
6668	13978
6668	41002
6668	34861
6668	39968
38942	30350
47141	32402
47141	19384
47141	45097
29176	1238
29930	45204
29930	48180
29930	24830
29930	46634
13559	5848
13559	18540
13559	42906
13559	34646
13559	29215
13559	13243
10125	10404
10125	45848
8562	36198
38115	44079
28774	43913
47954	8782
35777	13432
38117	24817
38117	29425
3448	37358
42904	38942
42904	6320
1574	34646
41684	45974
41684	8957
41684	46985
41684	40799
41684	17338
11702	32656
15111	22370
5864	13978
45582	5000
45582	5790
17810	34655
35035	18987
35035	26347
35035	31439
35035	5442
42109	8036
45965	23328
45965	41590
33123	20118
11300	14329
32371	28294
32371	2587
22739	26904
22739	47376
22739	47016
22739	33010
22739	40038
43691	27680
3904	45237
3904	27885
3904	37205
3904	43913
3904	7708
37375	26886
34644	18987
37376	12488
37376	3151
9381	18035
5871	38590
5871	8036
25366	13921
25366	19690
24251	40163
42480	14235
2734	42132
2734	15159
2734	24510
3456	14699
3456	28200
25367	11343
25367	12689
25367	41231
10924	22739
10924	26904
10924	44864
10924	47376
10924	47016
10924	33010
10924	40038
6687	48354
6687	13978
6687	34861
39355	29936
39355	12130
39355	2532
39355	29372
42118	46769
42118	25372
42118	43733
42118	19555
26538	27286
38591	36041
25372	46769
25372	42118
25372	19555
45976	39721
45976	8566
45976	17088
45976	33771
23890	8991
9764	43163
21611	22746
27664	20691
20091	31023
10151	37801
44849	18978
44849	5517
36192	43913
36192	43218
11310	11470
29954	27476
19349	3493
29193	6668
29193	13978
13582	18987
38961	18987
5113	5718
47566	36221
49092	31987
49092	19728
40548	43733
6692	33914
26168	3327
26168	33392
26168	706
1590	23013
14351	39345
14351	12130
41709	39565
1591	39347
38596	28249
7828	23139
34650	28403
34650	16264
34650	15759
2748	16288
23897	20691
32381	28445
19353	49091
19353	15703
19353	26410
5887	45607
1195	35823
26911	17281
26911	11939
31979	40163
22381	20086
22381	8206
22381	42134
22381	34304
22381	7467
22381	3930
45596	28403
45596	16264
45596	29609
45596	15759
25799	4348
39754	3905
39754	23516
42132	15159
42132	24510
42132	40022
3475	49315
18965	49315
38971	1589
38971	25821
38971	46634
29577	44876
29577	30192
28432	9635
29578	18840
29964	25803
1951	3148
25803	14358
9772	18799
34656	1225
34656	669
34656	43579
30378	32402
28802	11156
28802	12322
31981	18581
31181	42716
35055	13230
35055	74
35055	16702
5890	47127
5890	20086
5890	8206
5890	22381
5890	42134
5890	34304
5890	38146
5890	7467
5890	3930
5890	40579
18968	39207
13594	27289
34296	30769
17439	5911
17439	48180
17439	28252
17439	45811
17439	10789
17439	46634
15146	38942
15146	6320
23514	16648
34659	30201
10937	45985
49103	41732
17831	49324
25004	2748
25004	25803
25004	3141
25004	22211
10939	12097
10939	37632
29202	30401
34661	3804
6297	35061
6297	43718
32388	14336
32388	5784
11320	29210
44087	3937
10570	23515
40141	25280
26175	46395
10941	8185
10941	43343
10941	4746
10941	19217
28049	22407
48732	69
18578	16966
28050	45609
42503	26416
13225	23515
38146	47127
38146	20086
38146	8206
38146	42134
38146	34304
38146	7467
38146	3930
38146	40579
21236	21234
21236	1599
13963	21234
44485	19360
32760	14524
32760	18402
45609	3134
20505	21642
42504	23133
23908	31006
23908	15379
48735	26924
17444	46385
17444	42008
10165	24895
38978	6252
38978	41735
5894	12295
37795	45146
25012	40163
3131	34530
40568	47551
16284	5100
18580	11336
13229	469
13229	35308
23136	23515
23136	25398
23136	1213
11733	14161
33561	46634
33151	29547
33151	28249
31559	17265
13971	25815
13971	3762
9781	8957
9781	17262
9781	21477
9781	40799
9781	17338
9781	42820
45237	43913
45237	7708
45237	43218
45994	28403
45994	25671
15517	40579
7081	10789
12101	30372
23917	40163
13608	10011
33564	25398
33564	1213
23919	32751
23919	21234
23919	32402
38154	44485
16675	40163
16675	40969
16675	48968
36207	38942
36207	6320
42142	7088
30393	37410
14368	42716
10584	11156
36208	7817
36208	36407
36208	42783
28056	38564
28056	1960
28056	40568
23521	14942
39768	31181
43342	26196
26554	1173
37002	36192
37002	26171
37002	43913
37002	7708
37002	43218
43343	4746
7090	10162
16288	23881
16288	18987
25815	26556
25815	18987
25815	14558
29978	4314
15526	43691
20873	42820
41359	13432
19376	29176
19376	36974
44864	26904
44864	47376
44864	47016
44864	33010
44864	40038
22018	13582
22018	1195
22018	49103
22018	40956
22018	35823
22018	15534
22018	80
22018	46634
22018	43163
22018	24895
36597	42745
5902	5000
5902	5790
35069	2596
7474	32402
7474	5146
7474	36600
7474	19384
7474	37583
7474	46160
7474	45097
10956	20818
10956	29188
10956	36198
10956	17088
29982	45204
29982	32413
12506	39721
12506	17088
12506	33771
12506	40799
47182	22775
47182	3710
47182	40449
18216	39721
13616	38969
44869	8566
27681	35773
24279	5680
24279	8782
24279	8070
24279	16543
24279	45146
6305	2768
6305	37203
36598	45999
3937	5887
3937	45607
853	10582
3938	49315
3938	48268
46815	18546
46815	1945
467	32388
467	17442
28066	23515
35823	1195
47190	5911
8606	5517
8606	46245
48756	26554
19382	8207
19382	550
27686	22269
17852	4314
17852	29978
26192	2768
17092	44736
18987	23516
18987	24830
29988	36869
26559	4737
37807	33008
49128	47973
49128	23515
49128	25398
49128	1213
41746	6716
41746	34771
44504	19382
22780	25671
36223	44368
41748	40590
13243	5848
13243	18540
13243	34646
25038	20505
25038	21642
18598	37777
3942	24622
4349	40421
22410	10789
474	48744
39775	33150
46821	6256
46821	8945
46821	22746
9791	29201
26195	8185
35835	25803
22781	40969
7484	29587
30401	29202
18604	34278
18604	8229
40594	35658
40594	5000
40594	5790
47596	19384
47596	45097
16709	20521
4767	26424
12115	10523
12115	48354
23540	40421
23540	6169
23540	22656
5527	10405
45255	8566
45255	33771
30819	23853
26942	13432
1237	46350
1237	8961
1237	21223
26577	39384
40604	40580
40604	20296
33944	46773
33944	46227
11357	4706
11357	8566
11357	10181
11357	33771
11357	16554
26948	26151
39801	37586
29238	17089
29238	18061
29238	22618
10226	13582
10226	18409
10226	29382
15954	8185
40197	40540
34771	6716
28200	14699
36398	18799
41151	41732
41151	13245
19879	44342
19879	47430
21021	38985
26344	46360
26344	10413
26344	38044
41920	18035
41920	1841
43880	13432
43880	19956
11543	48582
8393	38407
36785	37795
36785	45146
29793	27260
14931	13582
16870	17088
3710	24503
36405	38776
36405	15715
36405	20691
36405	39227
36405	34205
41536	23120
20296	6718
20296	45622
18778	16938
18778	5000
14165	24510
26354	29380
26354	4148
13041	13432
268	6130
268	5000
25598	4956
14939	36221
2135	38166
9574	27286
35248	32402
13042	1814
33749	42716
33749	24503
21033	17338
10364	27677
26358	38564
4130	36606
4130	38418
37187	26924
5311	27271
29373	42109
24818	45936
24818	27885
24818	43913
43509	26183
43509	20115
19890	49091
19529	6668
19529	33141
19529	13978
15715	20691
15715	39227
45802	44760
9968	8820
9968	43974
4547	13432
32951	5468
45060	23146
38386	20691
38386	25630
8040	7270
3718	11600
43512	25799
13409	1575
13409	1205
8780	30183
39196	18803
39196	23013
48547	325
3721	36407
3721	42783
27876	5911
22587	30198
8413	8782
8413	18789
8413	40421
38785	40357
6899	17089
6899	29238
6899	18061
6899	22618
18414	33141
18414	13978
32194	3493
41171	28062
48905	6277
40373	26904
40373	47016
45811	48180
45811	46634
36416	33116
30996	47580
30996	12879
5704	12685
5704	48585
18789	8782
41548	22775
41548	11336
41548	5911
41548	40449
41548	33820
34486	3141
34486	18987
34486	24830
34486	3762
40764	38111
46176	27684
46176	42745
17649	676
14959	32377
14959	38969
30172	39382
12295	45592
12295	5894
12295	10415
12295	2222
29811	5000
21049	4746
19906	38111
27885	37002
27885	43913
27885	7708
27885	43218
28262	319
32966	38579
32966	42716
32966	3710
32966	33749
32966	47019
32966	24503
15729	28062
15729	13846
16500	32402
12298	43192
43530	44474
46615	41211
46615	6169
8054	34487
8054	24895
27114	49130
27114	19550
15360	12488
15360	3151
37609	2764
20691	46199
2161	32967
2161	7721
45420	13461
44310	40421
44310	6169
44310	45146
9991	35242
9991	44271
9991	4924
9991	31796
43913	4318
43913	36192
43913	37002
43913	7708
43913	43218
13068	5858
46199	15715
46199	20691
46199	39227
46199	14235
46199	34205
25630	20691
25630	39227
37618	33557
15373	7022
1445	44682
1445	24848
38809	17070
38809	44886
9219	8782
9219	40421
36834	29372
36834	693
14558	25815
14558	18987
42779	10935
43163	32377
43163	2748
37218	680
48214	46388
13432	3141
13432	21906
11176	39721
11176	17409
11176	29188
11176	36198
11176	10956
296	1198
44327	40767
44327	9595
44327	13837
44327	29456
44327	40451
11942	7300
21483	13972
21483	25029
21483	33008
21067	40163
36048	28062
48582	11543
38821	37688
8070	5680
8070	8782
8070	16543
8070	45146
33776	20818
33776	17088
33776	33771
11951	22588
11951	19971
11951	25674
32983	40414
11586	4924
47823	3151
10804	37755
10804	1814
42787	3118
38005	28062
38005	36048
24490	21446
24490	6905
36453	24830
693	23926
693	29372
30197	46
30197	48363
30197	12513
47019	16264
47019	24503
7708	43913
7708	43218
8077	38166
32242	9636
32242	25674
4180	40024
13452	8036
35658	28768
35658	26031
35658	5000
19217	4746
19217	43950
28650	12689
16926	34190
16926	6960
38832	4746
38832	19217
48232	13432
5746	9568
43936	18409
43936	29382
43936	39613
43936	24895
16930	45204
34935	13432
14573	9401
14573	23515
29072	715
27142	16938
28303	11600
6567	46776
27529	36154
27529	45086
33792	35672
34530	3131
1824	35060
46228	13432
11600	3718
40414	46256
46229	48354
46229	34861
29431	31796
33406	4338
16938	27142
8088	40549
36467	27093
36467	37688
38453	28242
39613	3141
39613	3933
39613	10226
39613	18409
39613	24895
39613	5442
44342	17800
44342	45608
44342	32402
26424	31023
19971	4588
13846	16966
26427	40752
45117	38111
13468	38111
13468	40764
13468	29810
13468	2991
13468	45117
13468	12764
34182	16648
47037	36982
43576	44100
39245	18822
25260	8782
28673	11561
9635	28432
33421	43544
33421	21098
43579	34656
43579	44100
43579	1225
3010	37185
24507	16288
24507	31439
34190	5911
34190	6960
49379	47376
49379	40038
45125	21446
16553	12689
22270	12476
35672	3888
35672	47004
35672	16938
35672	5000
31435	15419
31838	43708
22273	8185
22273	12689
20744	47992
20744	27289
20744	1225
48972	47837
48972	15852
18475	43553
37666	2181
37666	335
38472	8036
28683	28759
28683	14940
28683	20691
28683	39227
28683	34205
28683	39641
46247	688
43206	44462
43206	40163
30225	18087
34205	20691
34205	39227
335	2181
40440	2292
35312	13432
35312	19956
8471	36407
29456	37809
35684	40163
35684	18399
11991	27289
6960	5911
6960	34190
33431	31177
33431	35608
11621	15156
32656	11702
18841	28397
17724	48354
17724	13978
17724	39968
17724	18414
14610	43708
39641	36405
39641	20691
39641	39227
39641	34205
11220	28302
14612	23139
14612	37175
14612	23412
2219	27289
29108	1458
14255	45204
14255	47004
14614	13090
47869	27271
47869	5311
17730	29400
43218	43913
43218	7708
36497	35242
36497	44271
36497	31796
36497	37995
36497	9991
36497	23752
36497	29431
44368	36223
43219	4180
43219	40024
22656	23540
22656	40421
22656	6169
5786	29591
3365	39242
21906	13582
21906	13432
13127	13855
48264	15379
48264	26031
41252	15156
16966	9568
25686	39987
47872	19383
47872	14543
47872	15375
49398	3735
24917	25262
