31135	39772
36153	23480
47527	24858
47528	3874
47528	39721
47528	9374
47528	36198
26509	21845
8922	13559
8922	34646
47934	44682
47934	24848
47934	322
27233	18539
1553	2568
18921	24440
18921	28242
18921	37586
18921	40779
16626	16264
16626	44506
16626	32966
49047	28056
47123	26891
47123	35783
4286	8081
42079	42138
37737	41353
12055	35855
26513	13090
26513	13855
42883	43541
48688	39732
48688	26177
30738	1914
37340	38166
37340	40779
1906	29202
1906	30401
44435	47172
44435	27283
37341	33579
37342	48756
24232	40753
32713	24440
32713	28242
32713	37586
32714	1906
32714	29202
32714	30401
8540	29201
33094	10789
33868	35430
33868	6732
34260	39963
12839	44100
26882	20672
18535	9346
12840	40016
807	47392
44443	38118
44443	47973
44443	23515
27238	11907
12842	29446
1556	4695
1556	21213
1556	8218
1556	46173
1556	10424
49054	22942
39713	8441
33097	10789
13183	34289
13183	13214
38103	30633
45567	26193
7407	1567
7407	13230
20462	15127
21193	4217
43678	36221
33099	39263
39327	19383
20070	28062
41672	43959
25762	5517
3874	8961
14320	37795
14320	36785
32345	43733
27240	44682
12847	19554
9358	33000
1914	30738
26141	27286
12446	3874
12446	39721
12446	17409
12446	29188
12446	9374
12446	18209
12446	12505
12446	47799
12446	44367
15485	21601
4697	40969
37747	20344
8932	8957
8932	26166
8932	23735
8932	12732
8932	17338
1559	21614
1559	7281
34265	29201
27640	13600
419	38479
40524	10562
40524	5896
40524	40764
20817	10768
31146	429
45945	12874
35377	44100
35377	1225
17796	33000
43682	44835
1561	24593
8546	46634
8546	14558
8546	3762
15879	39242
45207	37358
45207	3448
45207	31
45207	17459
40115	33914
40115	48750
8549	17439
8549	23514
8549	46634
8176	5104
8176	11195
26524	7422
26524	25814
1563	1556
1563	4695
1563	12458
1563	21213
1563	8218
1563	46173
17798	40910
10	47969
29170	14685
20820	35827
20820	5327
29171	20825
29171	34311
29171	8815
29171	15422
21971	26549
46343	48361
46343	44315
44829	26166
44829	21477
44829	14559
44829	12732
44829	17338
47948	24225
31149	47123
26525	27684
423	45086
26888	13978
33104	20344
35379	32413
2720	29202
2720	23725
2720	43572
28401	47123
13192	24895
12	21583
12	31143
12	429
12	41684
12	8957
12	26166
12	8762
12	34473
12	21033
12	21477
12	14559
12	32980
12	40799
12	12732
12	17338
12	18483
12	42820
12	20382
12	30672
12458	4695
12458	8218
12458	46173
6261	21986
6261	13582
7418	44835
7418	11561
44835	14317
44835	8185
20825	15422
17044	18799
40531	42745
40920	30206
40920	47424
9367	37759
9367	21446
26150	23
25353	9346
25353	18535
14696	44047
14696	3474
14696	36407
7420	3874
7420	39721
7420	8566
7420	29188
7420	10181
7420	474
7420	16554
28773	46
1570	21477
1570	15035
8562	3874
37756	33000
38578	47005
1571	45962
19699	38997
27244	44315
44062	42120
44062	36201
44062	7088
44062	19542
33882	23881
34636	33000
9368	16264
9368	44506
9368	32966
9368	10789
42101	1480
13939	25803
13939	25004
13939	3141
47956	25799
47956	30633
47957	13582
16249	1914
36566	22377
36566	3933
36566	37407
5865	19882
18944	40969
18554	32366
29184	23931
2318	38999
6269	32377
6269	18987
6269	43163
15497	429
15497	45231
15497	17835
15497	27858
15497	23735
15497	40799
15497	1496
21212	40440
9374	3874
9374	13935
9374	17409
9374	5089
9374	29188
9374	25368
9374	45976
9374	36198
9374	12505
9374	18216
9374	35598
9374	16554
9374	44367
21213	4695
21213	46173
2324	49091
2324	6718
1934	12856
22740	11561
31162	7476
45969	13939
45969	29964
45969	25803
45969	25004
45969	47172
8946	11600
4309	3128
9378	16500
3904	10814
12865	34633
12865	2127
2325	10564
2325	25815
2325	46634
2325	14558
2325	3762
2325	36884
23108	46815
23108	6553
23108	21074
25363	11732
11301	14358
11301	19728
11301	11336
11301	40449
43315	36606
8568	9346
8568	16664
8568	5334
9380	25812
35389	46352
35389	13467
30357	9404
13570	23146
17813	36162
17813	16105
10545	32402
8949	44835
8949	8185
1183	21614
1183	7281
19707	36052
829	26739
829	19580
26898	29609
37771	25217
36181	12689
36181	41231
5488	25799
5488	4348
40935	40969
5101	42130
45589	10363
47964	16938
41331	45204
21983	6722
21983	10432
28419	5876
30767	43163
32376	25380
32376	3141
32376	5517
32376	39613
42917	31206
13576	47130
43696	40524
11306	21049
39744	5704
39744	48585
9387	31199
44076	32185
5874	27131
31960	31439
30768	33134
5876	45596
31545	35813
25	40969
25	48968
35793	38399
23505	33000
24252	30738
438	32366
33132	29964
33132	13623
33132	30635
6283	3149
7056	40604
7056	18419
42120	7088
42120	19542
26903	13582
26903	32411
26903	46251
36188	29201
36981	37586
45976	35598
31966	20826
31966	5000
1192	19383
43322	22270
36573	32404
442	43726
14724	40356
49086	11345
18957	12707
5111	14711
5111	3905
42122	31439
11310	12874
16262	31942
31	45207
31	37358
29194	37635
29194	3346
11718	43733
11718	43163
11718	13432
6286	10179
6286	43544
8965	35379
8965	18799
8965	9245
47971	44682
47971	24848
33545	18987
46790	43676
13587	10028
30376	44825
38597	22270
18199	6135
25795	25814
42493	40130
1947	25618
7064	39327
7064	10544
7064	19383
16268	45997
20493	28403
20493	13582
20493	8392
20494	32402
31552	2768
31552	23328
15141	32386
15141	18987
15141	2181
15141	25671
10560	32386
10560	37798
10560	41732
10560	11195
5887	38801
41712	26553
41712	3141
41712	39613
26911	10543
43706	20871
43706	9415
43706	35834
28800	47973
28800	2752
28800	25398
28800	13237
28800	22022
28800	28604
28800	30602
28800	47446
28800	12357
28428	9404
40136	22768
40136	29977
40136	33579
12872	8961
45230	47793
47978	39383
15906	45969
15906	33132
15906	29964
15906	3933
15906	18409
15906	39613
15906	24895
12089	38939
12089	44462
12089	38166
12089	40163
12089	30397
12089	40969
12089	25457
12089	6905
12089	31030
5122	42716
5122	47019
10932	20877
49098	30345
49098	11724
49098	43346
49098	40581
49098	12513
49098	42522
4729	38969
8208	2575
31179	24268
22383	41746
7461	43587
22003	9401
33899	3905
33899	5111
33899	39766
5123	29540
32385	4155
18203	32404
3474	16648
3474	44853
3474	38969
3474	4338
3474	25412
3474	33406
3475	16289
45601	5337
42498	1200
12484	28062
12484	26189
44476	31181
44476	39768
44476	46634
44476	3762
21228	27268
15909	36828
5127	33000
5127	14617
38141	47019
44856	41995
19356	47392
19356	19235
19356	10830
12874	42367
12874	16543
12874	6169
12874	45146
27668	41171
32387	10937
30380	35813
28802	47986
14359	2560
40138	47846
39755	24274
35054	43682
35054	44835
35054	8185
35054	22026
35054	11561
35054	28673
43711	25806
43711	29589
43711	28062
41715	18205
41715	16697
41715	47773
19720	26920
36582	29802
17439	8986
44085	16289
40139	12055
40139	26368
40139	14243
40943	20505
40943	21642
40943	25038
36583	29969
36583	16288
36583	43163
19722	465
3124	36467
34298	8782
34298	8070
34298	45146
34299	7474
34299	32402
34299	45097
6295	18987
6295	34486
30788	17080
13223	18061
25806	43711
25806	29589
16278	6929
46795	35035
46795	32377
46795	2748
46795	3474
46795	3302
46795	36476
17075	8036
45232	13570
45232	47973
45232	22014
45232	25398
45232	1213
45232	49128
45232	34859
45232	9968
45232	40824
45232	11216
18207	41746
18207	34771
29579	12055
29579	35855
29579	26368
33555	47973
33555	9401
33555	25398
33555	1213
33555	49128
18208	28802
18208	47986
18208	30399
10569	18604
44087	38801
15513	29577
11321	47982
11321	18205
11321	23905
11321	18590
11321	23966
11321	17273
11321	48934
11321	12357
7465	2752
7465	13237
7465	22022
7465	855
7465	16697
7465	30809
7465	28604
7465	47446
7465	12357
33556	47127
33556	20086
33556	8206
33556	22381
33556	42134
33556	34304
33556	38146
33556	7467
33556	3930
33556	40579
7466	14325
7466	27689
7466	47392
28807	17399
28807	13570
28807	47973
28807	16276
28807	41715
28807	2752
28807	22014
28807	25398
28807	23136
28807	23916
28807	1213
28807	11742
28807	31566
28807	49128
28807	34859
28807	40824
41717	40163
41717	48968
41718	1195
41718	22018
41718	35823
38145	14737
35808	29202
27275	38969
27275	1200
8587	21234
8587	1599
8587	32402
8587	36600
16281	42317
21627	15162
36996	16702
36996	260
36996	33012
48731	68
18971	14358
18971	10789
45234	32761
45607	38801
10572	3905
5892	34659
5892	30201
30387	36195
2752	23905
2752	47773
38601	37635
38601	5363
29580	44483
29580	14176
35062	19693
35062	28053
35062	7095
4329	33903
4329	45623
13226	5852
13226	7077
35812	32385
53	36580
47986	28802
47986	11156
36200	20505
36200	25038
14737	32402
14737	5146
14737	12108
14737	37583
11730	45234
11730	32761
11730	40384
3928	15156
18973	13432
36201	36996
36201	29583
36201	42142
36201	7088
36201	2768
36201	12697
40567	43163
2755	11287
26177	48688
26177	39732
2344	467
2344	24593
26922	29046
26922	31421
36586	4746
6707	32966
23911	32772
23911	5145
23911	22022
23911	8224
23911	23930
23911	28604
23911	48934
23911	47446
36587	31528
28053	7095
28053	352
17080	17841
7469	36607
11732	2298
44488	24642
44091	17332
49108	13570
49108	16276
49108	41715
49108	22014
49108	23136
49108	31566
49108	40824
49108	47446
37795	12874
47174	12874
47174	30795
47174	24279
47174	5680
47174	8782
47174	8070
47174	45146
22767	44483
28054	32751
28054	21234
28054	1599
28054	32402
7077	5852
7077	13226
23135	23516
8986	5911
8986	28252
8986	5442
32763	19728
48740	21217
34669	41712
34669	39613
34669	5442
29583	36996
6710	47585
6710	22587
4739	23526
40950	32761
30795	24279
30795	4349
30795	32015
30795	40421
8592	27282
8592	21897
36203	38969
29584	28445
23915	18409
29206	35272
29206	47815
15916	22762
15916	36214
15916	24848
5896	40524
9404	10789
38980	29971
38980	20513
38980	22024
38980	7567
36206	25260
16673	21228
12883	7442
12883	1195
12883	35823
12883	80
47176	8084
26182	36996
46805	32402
19725	32185
18212	18799
39376	25828
23920	47591
33910	39772
24643	13432
24643	19956
31194	41161
29208	36828
8595	31046
14740	47844
27676	12304
37798	41732
37798	11195
26926	35389
5506	42516
11326	12055
11326	6732
11326	10032
11326	8111
31195	23090
31195	28079
3931	24282
16677	2575
1211	32348
1211	47973
1211	16276
1211	25398
1211	1213
1211	6717
1211	13237
1211	28604
1211	47446
1211	12357
29589	43711
10585	49098
10585	43346
10585	12513
10585	41579
20871	43706
20871	9415
20871	35834
22393	22618
24274	19378
13975	8185
13975	6711
13975	37998
32395	27233
32395	17399
32395	47973
32395	25398
32395	1213
32395	11742
32395	17095
32395	34859
32395	11216
32395	12357
2350	35071
1604	19550
7088	36996
8218	4695
8218	21213
8218	46173
42513	10529
42513	30149
43720	18035
43720	48585
43720	16938
43720	1841
12494	27673
12494	18987
12494	14959
4744	13570
4744	47973
4744	41715
4744	45987
4744	10570
4744	23515
4744	47987
4744	22014
4744	33564
4744	1213
4744	32772
4744	13237
4744	35073
4744	28066
4744	23930
4744	23966
4744	47773
4744	28604
4744	9968
4744	45060
4744	30996
4744	27112
4744	41558
4744	46211
4744	48934
4744	40824
4744	11216
4744	47446
38159	682
5144	18573
16289	43722
16289	34865
41734	38801
34311	15422
461	19573
28059	12685
40152	3474
40152	16684
40152	36476
45241	12848
45241	12860
38984	17810
38612	28262
39381	19211
9784	38044
31562	47571
20113	6312
22018	3474
38614	45449
20874	14604
49117	38118
49117	47973
49117	25398
49117	1213
5903	5468
26929	29996
26929	43153
10175	8208
10175	2575
31199	42922
31199	32402
31199	12515
43347	17833
35071	36981
27282	8975
27282	21897
20877	20322
25405	20495
2765	26903
2765	13582
2765	10959
2765	32411
2765	46251
12506	3874
19377	16289
3934	38118
3934	47973
3934	25398
3934	1213
15530	40163
8993	24510
37802	32348
37802	47973
37802	25398
37802	6717
37802	5145
37802	20878
38987	13570
38987	47982
38987	31981
38987	11321
38987	6717
38987	32772
38987	13237
38987	18590
38987	35073
38987	8224
38987	31566
38987	23930
38987	41558
38987	48934
38987	14573
38987	47446
5145	16697
5145	47773
23142	37586
10588	2566
10588	6135
10588	41211
38616	17859
17456	25232
25406	1552
27283	1200
24279	12874
24279	30795
10959	32386
10959	49103
10959	9565
10959	29382
10959	43163
48361	12096
9415	1201
9415	20871
47183	13570
47183	23905
47183	2752
47183	22014
47183	1213
47183	32772
47183	5145
47183	13237
47183	34859
47183	47773
47183	30996
47183	48934
47183	12357
3937	38801
27285	29609
33163	46680
35420	1200
6722	10432
29600	10789
29600	47019
42148	16288
7095	28053
11742	47580
11742	12879
8224	16276
8224	5145
8224	20878
8224	22022
8224	48934
8224	47446
10592	21063
18219	30794
18219	49127
18219	26584
33165	33023
28067	4737
47189	19359
47189	9401
47189	23905
47189	10570
47189	23515
47189	13225
47189	23136
47189	36210
47189	6717
47189	49117
47189	32772
47189	3934
47189	13237
47189	35073
47189	28066
47189	23930
47189	15930
47189	17095
47189	16697
47189	23966
47189	9968
47189	48934
47189	14573
47189	47446
25407	36214
41742	30994
41742	20311
17091	8185
9002	13563
9002	30794
9002	18219
9002	49127
9002	30154
4343	6310
3150	13551
3150	12884
5148	31791
5907	47979
5907	46245
5907	37676
5907	40449
7855	470
14754	27131
35827	20820
35827	5327
43730	40163
40967	47146
9788	47145
9788	17824
27288	47979
21256	33916
21256	32953
42521	20342
17093	34673
37012	8585
37012	18096
6310	23902
6310	4343
1970	13582
48759	18096
35429	37586
6312	18578
6312	34673
6312	16966
10192	80
10192	43197
32010	32348
32010	47773
32010	48934
20122	10942
20122	22018
20122	15534
20882	13977
13990	27282
3500	19383
46002	8185
15930	38118
15930	47973
15930	1213
17459	37358
44506	5104
44506	11195
43732	18546
43732	46196
12516	14358
18598	274
18598	20371
2774	38816
23154	28403
23154	20493
4349	30795
15537	47982
15537	31981
15537	41715
15537	23905
15537	2752
15537	47987
15537	22014
15537	20878
15537	35073
15537	31566
15537	23930
15537	36218
15537	17095
15537	16697
15537	23966
15537	47773
15537	28604
15537	17273
15537	45060
15537	41558
15537	48934
43350	8975
43350	8592
43350	27282
43350	13990
43350	21897
47592	45241
29990	11600
42943	24646
11345	12505
83	3474
83	4338
83	25412
83	33406
27691	24263
44107	43733
44107	46651
44107	31439
35834	34658
35834	20871
35834	9415
30399	28802
30399	47986
30399	12322
22026	44835
22026	11561
46822	28079
35837	42001
42523	5887
42523	44087
42523	25819
42523	38801
31207	34160
31207	45097
12520	15334
12520	3733
32020	32404
1230	3452
48011	3475
48011	11907
48011	19257
28079	46822
44509	15337
44509	8036
44509	13452
44509	3789
15938	9001
23540	47404
6740	7081
42536	34304
42536	38146
42536	40579
31218	6256
31218	9760
6334	24593
27703	36198
27703	10956
7497	12726
35847	8185
35847	71
35847	46172
487	8033
487	41171
21664	22769
21664	9960
5165	35303
42971	43352
42971	25630
39405	1198
39405	9404
39405	10789
4783	13042
15192	6718
29241	9
4792	33914
4792	48750
7956	13837
2075	19882
19879	42943
8029	27125
28240	43340
28240	41192
14525	15156
40347	40449
31761	47846
31761	3792
30149	10529
11543	3474
37177	29930
37177	290
36785	12874
27467	18971
27467	10610
41153	20066
41153	11343
41153	12689
41153	41231
21026	12850
21027	34476
21027	26424
41530	4767
41530	40795
41530	26424
260	16702
8395	36405
8395	40752
8395	9973
15334	3733
37183	38166
8033	34673
8033	17093
8033	41171
31768	4737
31769	8413
31769	47404
22211	8986
21029	15852
19519	6266
19519	41988
8770	31439
657	31939
27863	13846
45054	44474
45054	16283
45054	15938
13039	25021
15337	41719
15337	44509
19523	829
39190	5477
39190	24272
39190	8224
39190	29607
39190	16697
14166	3456
14166	26739
14166	8050
46981	47019
32950	12103
43508	16527
22583	33559
32187	2775
17273	18205
17273	23905
17273	16697
17273	23966
17273	47773
17273	48934
3298	30795
3298	4349
3298	40421
3298	22656
19890	2324
3299	44085
3299	16289
19530	12689
19530	41231
33358	24982
21452	36051
46595	22410
46595	10789
45805	37185
18786	29546
32191	40042
30993	46409
42742	27271
42742	38781
42742	12689
42742	4172
42742	40804
42742	41231
11560	39732
11560	26177
21456	40767
43893	28814
18412	6720
37195	38406
44287	29090
13050	21212
11561	44835
26368	35855
38785	28269
38785	15391
40371	12488
40371	15360
40371	47823
28615	834
28615	40969
45409	1225
9589	31969
9589	13432
9973	8395
9973	36405
9973	45434
41943	37750
41943	29446
42752	47585
44292	27689
44292	47392
31783	13044
23348	43530
6517	37362
46173	4695
46173	5857
32598	733
14955	1773
16105	36162
9209	6295
9209	2768
9209	46651
2146	42716
2146	1791
12690	35062
12690	28053
12690	7095
40375	22370
40375	15111
40375	14358
13800	8185
13800	42520
13800	33009
13800	19251
18418	1935
48193	31524
23717	37777
17649	18049
30998	5887
30998	44087
30998	3937
19542	7088
19542	45815
38789	28262
2552	45204
2552	19554
2552	47004
8050	14699
8050	3456
8050	28200
12697	36996
28261	12493
30602	47973
30602	9401
30602	23515
30602	25398
30602	1213
27495	5858
13059	3474
13059	4338
13059	83
13059	33406
32968	32366
14548	20505
6112	3149
18037	8782
18037	18789
18037	9219
18037	40421
18037	25260
28263	4329
17283	32957
38406	37195
38406	33000
38406	7716
12704	19879
12704	32615
12704	17332
2560	14359
24468	10588
24468	2566
17286	11156
39985	20873
41955	14701
41955	1200
41955	27275
46186	8815
25997	23542
25997	20299
25997	27131
34140	465
34140	35272
34140	47815
35628	43700
35628	15145
35628	35672
35628	5000
28272	32402
28272	8116
18043	8111
26381	11343
26381	41153
26381	12689
26381	40804
26381	41231
5327	4318
5327	43913
43153	26929
27118	43726
23728	19575
12707	3762
287	24888
30179	2768
41192	43340
41960	29426
680	24225
32615	19879
32615	17332
22601	18578
22601	11599
22601	16966
12304	28291
44717	43913
44717	7708
44717	43218
29046	29426
29046	31421
18049	10596
12306	29046
18807	2161
27125	8029
16516	13855
22964	41926
11578	40362
15369	18971
15369	10610
15369	27467
15369	37639
34505	12689
34505	41231
10000	38635
4572	5337
4572	40440
19554	45204
19554	8782
19554	47004
19554	35672
19554	14255
19197	34673
19197	6312
19197	16966
38809	48251
9219	12847
9219	19554
21063	10592
21063	27152
43163	3474
46204	5000
48214	41696
1448	3905
47404	8413
47404	40421
11176	3874
44327	4191
19562	30372
39589	38111
39589	40524
39589	5896
39589	34476
2575	8208
2575	10175
48217	15026
40394	42516
46211	13570
46211	22014
46211	32772
46211	28066
46211	23930
46211	28604
46211	9968
26395	4565
31404	3474
43551	22261
37625	3143
14982	30737
14982	44886
6553	46196
38816	2774
24118	42392
36053	1222
14563	28262
14563	319
28287	27689
28287	47392
18813	3745
5737	19721
28643	10526
28643	29402
28643	33814
16527	24895
8069	29996
8069	43153
23747	8185
8070	12874
10800	28445
10800	38781
10800	25998
10800	4172
21074	18546
21074	46815
21074	41949
8072	35055
28291	20495
34160	7474
34160	31207
34160	45097
20341	1222
20341	36053
20341	24145
43170	26416
43170	2614
36841	36221
36841	14939
35654	40923
35654	37789
35654	47392
35654	19235
35654	10830
41569	48260
23750	38159
2184	29090
47016	41926
43926	2568
10807	45205
10807	18546
36452	12689
36452	48585
36452	41231
36452	12756
38008	18846
37228	13846
16921	23905
16921	25398
16921	1213
16921	31566
44732	28809
41571	13556
8815	38579
8815	42716
48230	42787
48230	28303
48230	11600
48230	9635
30633	25799
24129	6671
38437	13432
38437	19956
38437	48232
38437	35312
22261	33382
16535	21098
30202	14754
30202	27131
30202	18064
48944	5471
48944	15758
2990	13939
2990	45969
2990	25803
2990	25004
41983	38008
41983	18846
42792	1225
42792	669
307	35069
28651	12488
28651	40371
28651	15360
13839	10008
15391	38578
15391	40357
15391	28269
10814	37002
10814	35827
10814	27885
10814	5327
10814	43913
34933	33000
30206	33373
4184	10151
4184	49107
4184	9001
37639	5911
37639	27876
9239	20066
9239	25229
9239	26410
9239	13090
6154	44686
10817	31968
10817	45596
10817	10165
10817	29609
37645	41974
37645	46233
37645	37676
24881	18035
24881	16938
37238	16237
33792	35628
46651	13582
11599	18578
11599	9568
11599	16966
10818	18987
10818	24830
19963	47992
19963	15156
28658	40835
34939	12883
34939	5911
24134	33000
23759	32402
23759	40834
16938	47964
25658	29090
33001	43163
19972	14604
14226	24643
14226	19956
11974	44100
41584	10028
4191	9595
3783	32387
3783	10937
32640	27094
32640	21894
38459	12687
38459	36096
23765	47979
10032	12055
10032	38147
10032	26368
39619	33098
33416	46216
33416	31029
33416	3365
27152	18096
44747	48909
26796	7482
26796	1225
28673	44835
1082	43340
1082	3149
1082	28240
1082	41192
10829	18578
10829	34673
10829	20113
10829	6312
10829	19197
10829	11599
10829	16966
15789	38570
11981	13983
38848	14604
10832	21
10832	42483
33012	260
4996	17089
4996	14940
4996	12689
4996	41231
34192	32758
18096	28062
18096	32402
18096	44342
18096	1841
43959	47133
3018	44446
3018	36188
8097	46634
34195	14224
29450	27269
29450	17830
17332	19879
47857	2308
10432	44315
22275	19882
30219	2549
30219	26031
1480	29990
1480	42787
1480	28303
30220	829
29452	37406
24145	44342
25268	42480
25268	36405
40438	42494
40438	47392
17336	38166
17336	8077
12349	35035
12349	26347
12349	3302
12349	31439
12349	5442
47863	25799
47863	4348
14243	28262
14243	319
30659	7474
30659	34160
10435	29090
27163	3935
38477	47153
38479	23328
20371	18598
20371	274
20371	23717
12354	23907
36878	15166
36878	22407
10041	22964
28323	16289
28323	6718
28323	19575
7730	38969
7730	3474
7730	13616
7730	80
14247	5501
1486	16284
1486	5005
18483	17835
18483	8762
18483	21477
18483	14559
18483	40799
18483	12732
18483	42820
18483	2222
12756	36452
5387	49053
42392	19728
20374	30199
23780	25010
23780	1417
27558	23480
48982	37586
48982	322
48983	1200
48983	3783
18486	36221
14611	23917
14611	18399
45486	28262
21902	34658
21902	20871
21902	35834
5005	17080
33434	16276
33434	22014
33434	23911
33434	6717
33434	13237
33434	31566
33434	23930
33434	16697
33434	28604
33434	47446
33434	12357
5393	43170
5393	2614
6968	15026
40841	28262
4619	33000
4619	20361
22656	12874
14617	5127
11223	36467
30669	30788
30669	17080
48992	44100
5787	21809
5787	33000
5787	10426
19259	6720
45146	12874
8116	32402
30672	41684
30672	45974
30672	8957
30672	8961
30672	26166
30672	17835
30672	33159
30672	46985
30672	23735
30672	21477
30672	14559
30672	40799
30672	12732
30672	17338
755	13042
