12432	26193
8160	19738
8160	29861
36153	19316
43669	43219
33085	24251
42453	3918
42453	45806
42453	47795
42453	35255
42453	22628
3866	20826
3866	11714
3866	29382
40512	35063
6653	4956
5845	2161
5845	30180
24963	7064
17397	23328
28386	20070
28386	49093
28386	48728
2702	36012
2702	46260
18922	1814
7793	9982
45938	26922
45938	41960
45938	29046
45938	12306
5069	42494
5069	47392
12832	8413
17398	36217
17398	26556
17398	43171
28387	34659
28387	45611
28387	30201
40108	11339
2291	18593
2291	38833
17780	39230
16231	10809
16231	27521
24228	28307
21578	49082
21578	29960
21578	35807
10903	25200
4690	5303
27629	1773
38916	44442
38916	24235
38916	13580
35017	40969
413	35063
23080	2132
23080	41260
38559	38166
33862	26052
42458	46769
42458	46607
16232	24503
1906	6951
3089	9346
3089	14686
3089	25353
31138	38964
31138	36469
18167	40163
18167	40969
18167	43916
8163	19949
7400	12860
17400	49107
17400	34483
17400	4184
17400	33000
32336	29202
32336	35808
3	33000
22349	15482
22349	25349
22349	30977
22349	8108
33087	25762
33087	44854
33087	22031
8924	35679
44042	338
38920	20877
38921	49315
43288	26347
43288	5442
22350	13582
22350	40773
17031	5848
803	4690
803	5303
2705	45572
3090	30322
3090	26861
17032	31439
13546	12890
13546	34192
46331	48363
19679	13042
17784	21064
46332	40138
29534	42148
25756	10543
25756	36574
25756	26911
25756	32753
25756	13432
19318	8594
11279	10118
45562	2197
2707	32343
2707	38565
2707	280
2707	17696
42460	8084
32714	6951
13180	34650
13180	19369
13180	10789
13180	11195
20062	15726
20062	2966
20062	21480
20062	32243
37346	24986
37346	43163
37346	39613
23486	10432
29920	22739
29920	26904
29920	44864
29920	47376
29920	27885
29920	43913
29920	47016
29920	33010
29920	5000
29920	40038
43292	15918
43292	40357
43292	28269
1911	2768
1911	40354
1911	46986
19680	11164
19680	20337
34625	13240
34625	32625
46753	33557
42885	12848
39712	32402
39712	19384
39712	45097
21965	47385
21965	13428
21965	42386
21965	12358
14683	30007
14683	37195
14683	38406
14683	7716
24599	41573
48692	47169
48692	24506
40518	37244
15874	44079
26882	8584
16630	21250
12440	18543
16631	40566
16631	35609
12441	93
2711	30776
2711	46795
26140	30994
43677	42314
40908	5908
40908	36787
15482	25349
15482	30977
15482	8108
21966	27659
21966	17299
21966	16521
21966	37684
39713	42890
39713	24986
39713	18467
40111	2768
40111	13792
7406	2596
37353	31569
37353	48949
29538	42405
36553	4963
36553	38450
12059	23715
48694	5852
48694	7077
36955	29990
36955	28303
36955	11600
47940	6718
42465	43166
22722	33511
22722	36222
22722	3714
22722	36411
22722	1032
22722	45067
22722	18037
22722	47396
22722	9260
22722	48975
27638	17832
27638	36087
10116	5082
10116	28307
12060	17806
44052	840
11283	19550
31934	44295
2301	59
23489	15520
23489	34917
33870	15722
33870	27503
33870	38446
33870	30655
21195	18430
6661	10
6661	12860
36554	20083
46756	1572
48695	21446
48695	2945
33509	2309
8173	8413
8173	18037
8173	36054
33510	28647
33510	3769
42887	549
4292	11292
4292	31763
4292	36824
4293	46775
34630	23487
34630	26765
34630	16528
17791	8606
17791	5517
15108	15734
15108	33386
15108	29852
15108	36486
8930	19385
43295	32343
43295	38565
43295	8223
43295	32206
7409	11924
7409	7723
7409	9260
29925	43733
38107	33114
38107	41719
38107	15337
9736	12483
9736	37580
9736	22208
9736	28601
9736	13822
9736	13083
9736	701
9736	23015
14688	40117
14688	47962
14688	41955
7410	36677
7410	41554
11285	43192
11285	12764
808	21481
808	9636
808	25274
20073	38386
20073	49391
3876	1941
40523	21025
40523	19541
40523	47797
40523	20691
40523	14971
40523	22954
40523	20738
40523	27171
33512	29203
33512	25406
33512	36221
33512	14939
33512	19550
33512	36841
42890	11924
42890	8441
42890	43928
42890	33024
34266	40816
34266	34955
4297	31789
4297	26396
33101	3888
33101	44724
33101	16938
33101	31045
33101	5000
39331	33163
45572	2768
5073	4348
5073	32185
4298	3350
49060	39328
49060	18211
49060	20337
49060	45435
49060	43569
49060	48975
12061	17652
12061	9237
12061	8829
10909	30156
10909	43537
10909	13067
10909	31438
37356	47166
37356	22777
18541	46790
18541	36222
18541	2530
18541	6161
18541	48243
44448	32604
18179	24643
4702	41732
4702	31439
3881	25674
8547	33344
8547	20359
8547	17714
8547	7733
5854	36221
35772	45233
35772	10181
35772	33771
17042	7455
23492	19335
18542	28290
19694	5336
19694	42400
11695	13421
44827	21627
29171	4186
27241	9565
44828	15726
44828	19590
10525	2596
34268	10835
18544	28607
18544	32633
31941	40360
31941	32983
25347	19691
25347	30347
25347	10424
23095	21250
23095	40831
28398	12483
28398	46600
28398	24462
28398	28266
28398	47818
28398	3761
28398	4182
28398	709
28398	5444
40117	14701
40117	41955
10121	14955
34634	32612
19331	33138
19331	24851
19331	34933
19331	33000
47540	12515
14324	22743
14324	21816
13554	22737
13554	22777
13554	22211
13554	10841
8554	6182
424	24144
47542	32218
47542	12340
27643	25344
27643	37396
27643	23331
27643	18045
27643	11588
27643	22991
4708	38172
18545	38985
18545	21021
26527	30384
26527	33000
44058	1587
44058	35255
44058	37664
44058	731
4709	47586
4709	32252
14693	37336
25771	13582
25771	20493
25771	851
25771	8392
25771	40773
12457	18784
12457	23715
12457	18430
42896	63
38114	36989
38114	21259
38114	19521
38114	33755
38114	46654
38114	15011
38114	3350
38572	30795
26889	11186
13557	21113
18548	28053
37753	45813
37753	43957
36561	18592
36561	26346
36561	2533
36561	48931
36561	15382
36561	1465
11292	7308
5859	314
4711	1420
4711	36874
425	48704
6667	45086
6667	22266
8559	40354
8559	22219
8559	6948
20469	7038
24610	45222
45579	10562
45579	22588
36166	20754
38943	845
16641	1195
16641	15511
16641	41718
16641	12883
16641	7478
16641	35823
33517	33511
33517	18211
33517	36222
33517	48531
33517	3714
33517	36411
33517	4144
33517	40777
33517	37684
11700	49053
11700	5694
11700	5387
46348	29540
28402	38616
28402	17859
30755	4735
30755	27106
39726	40745
39726	6546
39726	28289
39726	19605
39726	33026
42098	12439
42098	36994
1569	12320
24612	22727
33880	43673
33880	13407
33880	5013
34271	12284
6262	29559
24613	8176
24613	5104
47953	32621
49067	29534
49067	42148
36167	42137
36167	24115
37757	36034
37757	11586
29550	10192
29550	48905
17801	48890
17801	34116
17801	13432
17801	19572
17801	35312
17801	14609
41318	47385
18182	24637
18182	27095
18182	11986
1174	40517
1174	35811
1174	35144
29551	30982
29551	44712
29551	9994
29551	696
38116	16648
38116	40354
38116	14931
38116	28252
38116	43163
29552	37962
29552	29070
29552	31832
29552	35306
29552	37684
17803	2562
17803	48210
2313	27275
2313	26791
42102	16668
15492	28434
19336	39723
34272	36965
34272	17088
42104	19383
42104	11570
29933	35664
39730	36974
39730	5695
24244	5136
24244	41746
7810	9736
7810	37580
7810	48624
38581	12689
33113	38604
33113	24145
26530	37043
26530	46192
26530	30178
2316	46757
2316	4321
2316	28471
2316	7270
2316	43506
821	11309
821	40557
821	7334
821	6953
32367	35367
13942	40969
31534	39381
6673	17836
6673	48531
6673	15701
6673	13792
6673	40763
6673	4144
6673	45418
6673	19932
6673	37674
43310	47528
43310	3874
43310	12446
43310	20818
43310	29188
43310	10956
43310	12505
25357	13582
47958	12726
31535	13230
10135	1777
10135	36813
10135	48561
10135	10013
10135	24882
10135	42375
10135	19592
42107	39732
38947	45969
38947	25803
38947	10192
38947	24102
38947	43197
42907	31196
37371	37676
45961	47986
45961	42775
45961	13432
45961	38437
26154	27662
26154	41732
7815	24967
2320	36167
2320	44839
2320	19527
2320	26372
2320	24115
15887	24145
14337	26184
14337	28062
9751	3474
9751	83
9751	16496
13943	40969
13943	48968
39738	33344
39738	4182
39738	709
39738	39632
39738	4209
36173	24087
20083	10959
13202	9400
44842	24087
5091	5468
29189	8419
29189	14196
29189	27534
29189	14228
37764	40910
37764	23516
42110	13221
4307	19728
40537	8594
44069	47989
44069	14224
42111	44342
23501	19329
17053	27090
17053	18430
23880	7711
23880	19245
48708	8579
48708	43361
46775	28434
46775	38801
24986	42890
24986	27268
24986	11924
24986	8441
24986	43928
24986	33024
28029	3474
28029	16496
41694	20101
24624	22021
7430	48216
7430	48975
36177	15496
36177	8435
36177	16938
36177	19588
9377	47571
32374	31184
45587	37253
27247	21528
40933	4309
40933	3128
22741	17404
22741	48751
22741	1410
22741	4924
22741	31796
22741	37234
22741	36497
31541	36012
31541	25615
31541	30625
31541	36455
31541	47414
31541	36087
31541	2220
31541	46260
20837	22360
20837	7480
46778	43691
5485	5000
5485	49392
41327	42144
41327	34477
41327	8413
41327	18789
41327	13067
41327	2569
41327	41588
41327	42814
41327	36087
4311	20672
4311	41590
13569	28241
13569	2616
8569	21965
20838	28062
20838	11741
30357	29965
48344	19521
48344	14948
48344	46654
48344	3350
13946	47424
48713	14933
47962	14701
47962	41955
39741	6266
39741	31439
13571	16531
13571	4218
33126	48354
34281	44704
23502	44482
23502	34488
37769	13939
37769	13582
37769	1196
37769	1809
17055	42787
11708	22015
11708	12507
11708	9982
11708	24849
29947	34673
39742	44051
39742	41561
34282	11924
34283	40760
7435	17076
7435	19848
35391	33373
29559	6262
29559	16657
29559	39188
6684	3337
38955	5104
38955	29965
38955	44506
38955	8770
38955	11195
38955	6960
47964	19588
26900	22737
26900	18987
26900	40354
26900	28252
26900	14959
26900	21514
26900	40040
42916	40588
36183	9274
46365	30637
46365	46258
20481	6525
20481	1799
20481	13067
20481	41565
20481	47042
39354	5887
39354	3937
3458	2354
3458	268
3458	40366
31167	2861
14720	32365
14720	4738
14720	26552
14720	43164
14720	10013
14720	11623
35044	8579
42116	13582
42116	14754
42116	14757
42116	30202
27662	41732
27662	20377
28422	33354
28422	31014
33130	22365
33130	26399
7820	47954
7820	34477
7820	8413
7820	8782
7820	19546
7820	13067
7820	2569
7820	36054
7820	38433
7820	42814
12474	7723
12474	35690
45975	42106
7053	2773
30362	7841
30362	38618
19710	33097
19710	29540
19710	44054
19710	10789
19710	315
3460	30996
10144	23874
10144	4115
10144	31401
10144	15775
10144	6187
10144	21118
27254	10789
27254	4215
41698	32387
41698	1200
41698	27275
41698	10582
41698	13792
41698	48183
14343	6693
14343	16292
14343	21250
14343	40831
6279	25795
6279	25814
40543	27676
28788	26346
28788	40354
28788	30156
28788	25606
28788	6144
28788	46651
19346	7684
3115	11719
45222	5517
45223	20673
1189	43733
17427	40589
24993	17419
23114	2733
41700	1195
41700	25803
3117	22623
15131	45097
40131	5000
40131	5790
15132	26801
48346	10577
25373	1203
2738	47394
21610	4158
33133	46757
33133	22737
33133	29190
33133	28471
33133	39409
33133	39952
33133	43506
33133	29036
33133	1809
33133	42383
33133	30238
33133	12362
22375	35802
32742	45587
32742	19730
32742	31796
32742	37609
32742	37253
48347	43702
49082	29960
17818	2724
17818	41703
17818	32753
17818	34116
17818	30984
17818	17667
17818	13432
17818	19569
17818	19572
17818	19956
17818	14584
17818	37662
17818	48252
17818	21906
2739	13939
2739	4567
2739	3762
2739	36453
35794	4215
48348	38590
45977	9755
14346	13432
2332	18211
2332	33925
2332	44697
2332	4144
2332	40777
2332	32625
2332	38004
48720	5896
4724	8183
4724	36012
4724	46260
37779	31767
6284	22250
8196	20826
8196	26402
22750	17649
32379	44716
32379	31439
41703	2724
41703	17818
41703	32753
41703	29596
41703	2781
41703	34116
41703	30984
41703	34480
41703	1420
41703	17667
41703	13432
41703	19572
41703	19956
41703	48232
41703	48249
41703	37662
41703	48252
41703	21906
18954	47392
18955	38
18955	19952
18955	34933
18955	33000
23116	30648
23116	1835
23116	36874
23116	37677
11309	40557
13212	32402
35399	31979
32744	18055
43323	11558
43323	44697
43323	31388
43323	15402
43323	48975
47968	11146
35797	32658
836	21249
836	34116
836	17667
836	13432
836	5735
836	19956
836	48252
836	35312
36576	9346
15898	24523
13213	28249
25377	29576
25377	17443
25377	11558
25377	18442
25377	14221
25377	47858
4727	33765
30371	3927
30371	26810
21221	36221
21221	14939
1587	34875
1587	35255
11719	45418
11719	41189
11719	44716
11719	24484
11719	9227
11719	6948
11719	48975
42124	38604
42124	24145
6286	44491
47156	3458
47156	2354
47156	40366
31550	32365
31550	11719
31550	37962
31550	47377
31550	42768
31550	9227
31550	29070
31550	40813
31550	31832
31550	35306
31550	48975
31550	42817
42487	40834
15506	16139
4728	2966
4728	29432
4728	45473
4728	21115
4728	23778
30773	38159
31173	28434
31173	38801
10152	14188
8201	13070
8201	39230
8201	29847
32	22274
3468	44482
3468	34488
12480	5468
12480	32402
12480	36407
12480	44342
33896	26517
33896	32259
30774	40344
10557	23768
2746	25457
14352	11567
14352	23013
20094	9762
20094	48888
20094	25989
20094	2966
20094	45091
20094	29432
20094	11218
7455	13582
7455	31439
48724	8185
18197	43315
21613	28262
21613	319
11720	7711
3121	4728
3121	29432
3121	45473
3121	21115
38964	11164
38964	6948
23507	16648
23507	5305
23507	11924
23507	43928
23507	33024
42491	36978
37383	20823
37383	4724
37383	2965
37383	29812
37383	8793
37383	13067
37383	30625
37383	12351
37383	41244
18199	33578
9396	6269
9396	14364
9396	23516
9396	83
9396	13792
9396	13059
32748	37342
32748	33908
32748	48756
45980	29808
45980	9263
45980	12750
26910	17419
15140	12700
41711	27131
13218	37743
13218	46205
6289	2753
42128	46594
42128	9631
42128	12340
17437	31439
5118	25377
5118	17443
840	12515
39367	21241
39367	38164
40940	20505
40940	29090
5496	25803
5496	8986
5496	5442
21224	21628
21224	6927
21224	28663
2338	13585
2338	32387
7459	13792
8582	5739
23125	21975
24999	31199
7829	25625
16270	4197
22382	48732
25000	43340
25000	3149
25000	6112
7460	29991
1196	46757
1196	13939
1196	13582
1196	25803
1196	25004
1196	40344
1196	29036
1196	1809
1196	11942
1196	23000
5121	10560
5121	11195
38967	37810
25389	48585
31178	24857
23510	8185
23510	71
23510	35847
19719	24452
25390	10560
1948	47170
1948	45614
1948	48365
35407	22248
45599	23134
45599	26929
45599	43153
45599	8069
23511	10017
2339	21624
6698	34483
14356	21614
14356	7281
4321	46757
4321	2316
4321	7270
4321	29817
4321	24501
35805	18987
44475	48243
37386	44047
37386	20103
37386	3141
37386	22775
37386	28252
46378	39613
32384	22410
49099	35878
9769	32402
9769	5146
9769	46160
3919	45622
38	18955
38	33000
29962	21234
1950	37354
48351	12515
4732	319
29576	17443
11723	26924
40	2724
40	7479
40	13432
40	19956
18966	32652
13219	46795
13219	36476
44855	3735
44855	46635
29964	15148
23899	5119
8584	35813
8584	38618
8584	30635
7069	29584
7069	28445
7069	38781
5888	12515
5888	19879
30783	12096
30783	33354
44084	42717
13220	13059
13220	33406
1952	12280
1952	48585
1952	1841
16274	10922
16274	21065
15511	7442
15511	3474
15511	15534
28433	38847
42923	25236
17829	8208
17829	10175
17829	2575
17829	30243
22760	40914
22760	48560
47574	8987
25003	6298
13221	38955
13221	5104
13221	10560
13221	22018
13221	20122
13221	44506
13221	8770
13221	32245
13221	11195
3922	24638
3922	8592
3922	27282
3922	43350
1953	17055
1953	48230
1953	28303
28802	2364
28434	5887
28434	44087
28434	45607
28434	3937
28434	38801
22005	5517
38973	37795
38973	36785
38973	6106
38973	16938
38973	17329
38973	12341
38973	38849
38973	38483
33552	24643
33552	13432
33552	14226
40557	47019
40557	11195
2750	8592
2750	27282
2750	13990
2750	43350
2750	21897
29965	5104
29965	5123
29965	44506
29965	47019
29965	16535
17073	5319
15512	8974
15512	33905
35056	28262
39370	9354
27274	22389
27274	15916
27274	24848
27274	4983
46383	24144
16277	41672
16277	47133
16277	43959
44	15776
14734	34477
14734	15734
45	840
48728	20070
48728	75
39756	5844
39756	8029
41352	43340
41352	3149
41352	28240
41352	41192
10566	28012
36583	4552
4736	48363
4736	12513
4736	24858
4736	41579
17832	33342
47	33913
20856	15916
20856	25407
20856	24848
20856	4983
6296	11179
22008	13585
22008	13792
42133	19879
42133	44342
42133	24145
1594	27090
1594	23715
8586	30784
37393	45227
37393	8975
37393	3922
37393	24638
37393	27282
37393	40586
37393	43350
43712	46
43712	24858
43712	30197
16279	22387
16279	41733
16279	43722
29202	6951
45988	44483
45988	20725
29203	1552
29203	25406
29203	19550
18575	38103
18575	30633
12092	47825
30789	45965
30789	3933
30789	23328
30789	39613
46386	10774
14736	33745
34302	13792
4326	8185
35412	4746
16280	45567
16280	26193
24638	8592
24638	27282
24638	43350
18208	2364
25808	35399
18576	22041
23132	32385
23132	35812
47169	1203
47169	12494
47169	32628
7075	45204
7075	22737
7075	45224
7075	17439
7075	6295
7075	44482
7075	34488
7075	31799
7075	34523
7075	46651
35059	16535
5131	40136
5131	29977
5131	33579
5131	16149
11727	20874
11727	46407
11727	12280
11727	38848
11727	14604
31989	37391
14361	11543
46797	1203
21627	44827
38977	13408
18578	22011
17443	29576
17443	14221
32390	28808
32390	15525
32390	37412
16668	3010
15148	13939
15148	8190
15148	1196
15148	29964
15148	25803
15148	8986
15148	40344
15148	22211
15148	12362
4328	25018
4328	29109
34664	33146
34664	33559
49	41353
30791	34281
41721	15097
1203	23135
1203	10184
1203	30994
2753	29557
44486	22781
3927	36988
25006	27652
23134	26929
23134	43153
47986	2364
32762	33347
32762	47858
32762	29874
42505	3474
42505	33406
25007	15407
18973	40
454	22368
41355	31784
25396	47979
25396	5907
25396	27288
46392	9354
46392	6725
46392	18841
10943	22726
26178	6269
26178	38969
26178	4729
26178	3474
26178	27275
26178	18987
26178	40354
26178	43163
26178	4596
17079	5468
55	45458
10577	12897
41725	13939
41725	9209
41725	29036
41725	31799
41725	1809
41725	12316
3129	16874
3129	34122
3129	37199
3129	14957
3129	31789
3129	19546
3129	15734
3129	33386
3129	26396
3129	16171
33908	26554
33908	48756
33908	35612
7838	13792
13968	8770
13968	47019
13968	25659
12489	25406
5136	24244
5136	18207
5136	26923
5502	38166
5502	40969
5502	37586
5502	20694
5502	31030
13228	26765
24271	38166
10946	42930
10946	42372
47990	841
47990	17448
47990	39378
18579	18035
23135	10184
47582	36974
47582	29210
21239	4729
21239	42498
21239	27275
26923	41746
31190	22393
31190	22618
19724	28433
19724	15710
19724	38847
38604	24145
44491	3493
44491	32966
44491	43544
44491	8815
44491	33421
7078	8229
7078	20585
38152	10560
38152	25390
38152	37798
38152	41732
38152	11195
9780	3487
19369	8176
19369	11195
33562	41920
33562	30619
29585	36974
28055	18841
28055	355
43717	40435
13605	29203
13605	25406
16287	21234
7470	28062
6299	26740
5139	47844
12881	20122
45238	30994
7841	49103
7841	10959
7841	11195
7080	22767
35415	24895
3487	21234
28817	46
31995	31520
2761	34673
15519	24274
15519	31199
15519	32402
15917	18972
12883	4584
15520	34917
29973	26174
29973	32640
32766	49315
32766	14940
17840	1200
17840	17441
49112	12055
49112	13182
49112	40139
49112	26368
49112	40375
49112	10032
40147	30372
40147	12101
40147	40344
845	38943
845	19383
845	16938
845	48243
845	17732
25017	17809
25017	29789
25017	29052
25017	10421
2762	12280
2762	25671
39762	20838
1961	2344
1961	24648
25399	41584
22016	40124
22016	20874
22016	46407
22016	14604
20869	19945
31560	31164
14739	27131
46398	21633
33910	44487
30799	19383
42933	2768
42933	4596
39764	5695
27674	41920
27674	19550
27674	29109
31998	28062
20105	47133
37797	4343
20106	45965
20106	12707
20106	38479
20106	20377
5505	1031
22392	20066
22392	12689
22392	41231
23519	37737
23519	41353
1210	42473
1210	26560
1210	39619
17447	15148
17447	18987
17447	40354
17447	5442
59	2301
31195	25413
3931	47988
38156	32385
8597	3141
8597	25410
41731	30788
41731	17080
41731	7472
17842	48889
17842	7684
17842	14551
17842	13118
8598	5705
8599	45612
33913	47
12492	40571
12492	10586
27278	38162
17843	22630
17843	10042
26185	48699
26185	41370
26185	48544
26185	34480
26185	5717
26185	19230
26185	48249
26185	21112
26185	30665
7472	30788
7472	17080
7472	41731
31196	13083
31196	36471
31196	3351
5900	5895
5900	22018
5900	35823
5900	15534
5900	10789
5900	24895
18980	19383
21632	40524
21632	45117
21632	15809
45995	21228
45995	16673
44863	20493
44863	35059
44863	851
44863	46651
43344	7853
28820	24274
28820	31199
45615	37618
15524	32402
15524	19378
15524	5146
15524	37583
15524	19550
15524	45097
10173	44886
42144	13067
12497	23759
12497	40834
12498	22405
43345	2338
43345	12349
31197	36158
31197	1604
31197	32402
31197	19550
31197	43541
10586	3945
38162	42516
39381	39986
44098	20823
44098	14703
44098	12868
44098	27686
44098	22269
44098	12346
49116	36546
49116	17401
31198	34875
31198	47385
31198	13428
17845	14210
44099	7461
11737	39328
11737	15116
11737	23331
11737	21820
11737	31388
11737	27900
11737	33782
11737	49366
11737	15402
11737	45463
11737	37674
65	5471
65	29377
65	4148
12502	48809
12502	40422
12502	38043
15924	37181
15924	14551
15924	48583
15924	13118
14372	41732
14372	32016
14372	11195
6301	37011
22399	5104
22399	4215
66	7469
32401	11911
13233	25475
32002	38103
32002	30633
10178	14224
10178	34195
26555	20341
26555	24145
19377	33904
11739	43289
11739	4115
15529	24260
24277	44697
13617	3474
13617	80
13617	25412
13617	33406
851	13582
851	20493
851	23154
851	8392
7849	23883
7849	33151
23924	42750
23924	34915
23924	38044
41740	28262
8222	1949
8223	32343
8223	38565
8223	36612
8223	32206
8223	39979
16292	47541
18217	23516
18217	43163
33919	25808
31201	27670
3146	13582
14751	22366
14751	32957
14751	17283
3495	24816
3495	34121
3495	27509
3495	10819
15927	28808
15927	15525
15927	37412
15927	19546
15927	48235
7478	41718
7478	22018
7478	35823
6723	32016
11332	1589
11332	21635
11332	31439
5906	8975
5906	2750
13240	32749
13240	32625
13240	16928
73	16901
73	47005
73	20344
73	36866
29601	8997
40963	31535
40963	8952
40963	35055
40963	13230
40963	74
40963	80
40963	16702
40963	48582
22777	42325
22777	20706
38172	5696
38172	11566
11334	18812
11334	30641
32007	1198
33576	2302
5515	4154
5515	30648
47587	16648
47587	40344
47587	40354
47587	34487
47587	7687
47587	24859
47587	23736
47587	43163
47587	8441
47587	16527
47587	42795
47587	24895
47587	10841
35076	32402
35076	1222
35076	24145
47998	36598
47998	45999
32776	29557
47588	40554
47588	5909
47588	12280
47588	39194
47588	13411
47588	7687
47588	46186
47588	24503
47588	30664
18220	5506
18220	38162
18220	42516
13242	2750
13242	33579
13242	43350
33577	8185
12893	42090
12893	28410
7097	14734
7097	34477
7097	15734
7097	2569
7097	18442
7097	21893
48755	34687
48755	48934
12510	36221
6725	38942
6725	15146
6725	36207
6725	37807
6725	6320
6725	43541
13988	7460
13988	29991
13988	40346
30396	840
30396	6296
46001	24274
46001	15524
43727	40554
43727	47588
43727	5909
43727	40354
43727	13411
43727	7687
43727	46186
43727	23736
43727	43163
43727	16527
43727	24503
43727	30664
26932	41721
26932	44488
26932	24642
2364	11156
31569	37353
10189	3874
10189	10181
11745	14740
40162	30372
40162	12101
36219	30345
36219	17810
36219	10585
36219	12513
43349	8220
43349	3808
27288	25396
40586	45227
40586	5906
40586	43350
3498	5742
37012	46337
35427	47989
35427	41735
35427	24288
32779	18049
10190	3874
10190	39721
10190	36965
40587	4693
40587	7038
40587	816
10191	44290
10191	40763
10191	12365
41370	34480
41370	5717
41370	43569
41370	19230
41370	45463
41370	48249
41370	48975
41370	37674
9420	8220
2771	39242
32011	41311
32011	42729
6313	48975
28449	31761
28449	3792
11748	18799
44505	11193
8609	12103
33925	13240
33925	18442
33925	32625
25826	40163
49129	31199
49129	12515
37013	31987
37013	26552
37013	24466
38179	48890
38179	29808
38179	18055
38179	19586
38179	10835
25413	23090
25413	28079
18599	22208
18599	22943
18599	37237
5518	30994
6730	30795
6730	32015
6730	40421
12895	691
13244	11558
13244	34138
13244	6163
25040	49346
37015	840
37015	14157
18600	29965
3502	31955
43350	2750
43350	5906
30808	40587
28452	21820
3945	12492
3945	10586
1224	16932
84	28044
84	25002
36224	29965
36224	4186
30399	2364
48003	29540
48003	5104
48003	1198
48003	315
5152	21638
9794	18576
9794	22041
34689	40923
36609	15701
36609	9260
36609	3809
39778	3120
1976	21098
1976	10436
13996	21234
13996	1599
13996	47993
13996	32402
13996	36600
22029	25659
22029	24503
22029	2218
44109	38969
44109	25412
44109	40354
29995	43219
18228	67
18228	23328
18228	46607
18228	39613
18606	9380
18606	38966
2781	48890
2781	26421
14382	39369
33934	44295
37018	34116
37018	30984
37018	13425
37018	17667
37018	13432
37018	29410
37018	19572
37018	19956
37018	30217
37018	48252
37018	35312
9008	33354
26198	42502
29225	32348
29225	2752
29225	5145
29225	13237
29225	17273
45627	40969
45627	15852
37418	842
37418	13432
39009	22757
7865	11719
7865	17836
7865	8034
7865	13792
7865	4543
7865	45418
7865	19932
6325	27271
6325	29872
42953	44732
42953	29456
12902	25671
33939	43322
33939	22270
32028	3714
32028	19230
32028	30665
27304	18799
22033	15119
14004	22777
14004	18987
14004	22211
14004	42795
14004	10841
18615	23772
18616	17815
40600	32977
40600	13821
43361	8579
47199	6290
47199	34317
47199	13067
47199	36044
4769	34140
13631	40512
25431	27131
47201	16231
3515	3904
3515	49331
3515	46618
1623	24972
1623	48968
32790	29400
32790	13840
18621	43881
30415	36612
30415	15938
26207	23502
26207	44482
26207	34488
41761	25226
41761	16547
27309	24093
20894	20485
12912	18212
12912	32076
46837	38620
24666	49080
24666	21068
9810	25380
23947	20083
1242	43292
1242	15918
1242	40357
1242	28269
1242	15391
11356	8548
30003	40553
32035	36411
32035	11164
32035	20337
40605	4736
22041	18576
34706	21029
10616	8199
10616	8484
96	27476
24300	47177
24300	10181
30007	33000
30007	7716
18625	9346
39020	32730
39020	40163
39020	40969
20900	14716
17481	48720
42169	32751
42169	29962
42169	16287
7505	8185
7505	26195
22791	30223
100	22768
100	33579
876	8579
876	43361
27709	38985
44908	1556
44908	1563
44908	46173
44908	10424
36635	31196
36635	22208
36635	37237
44518	20724
17117	32385
42552	15528
25838	12513
41001	9992
41001	9260
46435	40969
49150	35060
15951	24277
13270	40969
8632	34136
8632	21052
20155	25236
10224	14210
48027	4963
48027	42361
28471	46757
28471	4321
28471	7270
28471	29036
28471	2596
37041	47957
37041	46634
18244	6160
14400	27131
14400	30202
23565	9346
23565	1556
23565	1563
23565	10424
38641	1556
38641	12458
38641	21213
38641	8218
38641	44908
38641	46173
4784	35376
22052	42106
37043	40750
37043	46192
37043	332
8634	27094
8634	33000
8634	4619
32050	5696
105	3474
105	28602
26957	44835
26957	22026
26957	11561
45647	26547
47223	1814
7875	20505
39409	29036
39409	1809
28860	43177
28860	35661
28860	38834
28860	46256
29246	43317
24321	13562
24321	36574
24321	25027
24321	13432
2816	20463
2816	11287
2816	25768
2816	21623
2816	39378
2816	40163
2816	28321
34353	34625
34353	32749
34353	13240
34353	33925
34353	18442
34353	32625
46042	40543
46042	27676
46042	12304
46042	28291
37055	1613
37055	38457
37055	36091
33206	7055
33206	40163
33206	18799
17136	24277
35878	49099
35878	9775
35878	24887
36663	34625
36663	13240
36663	33925
36663	18442
36663	32625
15203	3913
15203	22777
15203	42325
15203	42795
15203	45490
25475	34153
25475	46205
25475	1059
25475	696
25475	42002
10655	6182
35134	17808
35134	26902
35134	44712
35134	12342
35134	34553
45316	34659
45316	30201
45316	13840
7925	31142
37483	5907
37483	8833
37483	37676
41048	36977
41048	9404
41048	10789
20585	8229
172	29588
172	40594
172	2537
556	18039
34005	22757
41838	36197
41838	34672
45355	19728
29724	39754
29724	10572
29724	23516
29724	39766
29724	43163
41491	19383
41491	3735
14157	8116
33342	23855
33342	17832
33342	31766
33342	36012
33342	2965
33342	30625
33342	36455
33342	36087
33342	46260
14158	38172
14158	18047
2524	7334
44263	34297
44263	10365
44263	7687
44263	24859
44263	48243
44263	26429
44263	1835
44263	36874
44263	17732
44263	49395
14925	12092
4914	19809
4914	1786
4914	275
4914	47396
4914	36468
4914	41582
47360	40553
35593	16370
35593	42320
35593	38392
35593	41999
35593	40432
35593	17713
45793	39772
20287	2748
20287	3474
20287	10192
20287	40354
20287	43163
9188	49391
42314	24085
31369	38590
40346	13582
2124	46757
2124	27089
2124	13430
8763	27495
1403	19617
10764	14814
29007	41960
29007	29046
29007	31421
9190	40566
9190	33357
9190	19176
9190	24859
9190	7300
9190	2596
21025	28759
21025	31935
21025	40523
21025	30338
21025	36405
21025	15715
21025	38386
21025	17647
21025	19541
21025	40768
21025	47797
21025	20691
21025	14971
21025	22954
21025	25630
21025	39227
21025	47427
21025	20738
21025	25268
21025	34205
21025	27171
21025	49391
21025	20759
26346	36561
41922	10560
6495	28433
6495	15710
6495	38847
19880	40594
19880	29811
19880	5000
19880	5790
43502	24825
48531	12735
14929	2139
37581	47363
37581	34864
37581	41937
37581	22274
21810	21065
31763	11292
31763	37198
31763	7308
31763	29862
24444	5501
24444	14247
22930	43928
22930	40010
23699	37962
23699	16143
23699	29070
23699	31832
23699	35306
23699	4209
23699	22656
14930	47133
14930	8084
33347	32762
12269	5468
39957	30371
39957	25803
39957	15148
39957	45142
6889	17832
6889	1774
6889	24828
6889	24833
6889	6902
6889	26378
6889	41588
6889	36087
27470	44835
27470	8185
27470	8949
27470	35054
27470	11561
27470	28673
13035	18025
13035	8778
9962	15485
9962	33430
37963	24462
37963	37237
48535	14320
48535	37795
48535	36785
31765	22018
31765	17848
31765	40354
31766	36012
31766	30625
31766	36455
31766	46260
42723	19879
42723	12298
27471	10586
27471	3945
42724	47396
48894	48720
8769	2162
22209	28249
264	10529
264	7038
264	40587
264	30149
21816	22743
43884	549
43884	30180
49322	43733
49322	1060
21817	3006
21817	27933
25198	6306
25198	17649
12680	21966
12680	16484
12680	280
12680	31789
12680	3773
12680	17696
12680	29079
12680	41227
12680	11206
22576	38596
22576	28249
9570	36155
27090	26930
27090	45408
27090	23715
27090	18430
27090	31077
13403	5467
13403	6710
13403	6106
13403	44734
13403	33792
13403	14255
13403	45146
38378	5337
6093	43341
6093	28058
6093	33921
18777	33009
30153	21029
34864	37581
5689	31452
24815	35807
32947	39372
4543	17836
4543	3498
4543	48531
4543	15701
4543	13792
4543	40763
4543	4144
4543	45418
4543	19932
4543	35294
4543	37674
16874	37604
16874	19546
16874	29055
27864	18019
29796	35816
29796	40413
37587	16876
21820	5474
21820	15116
21820	28452
21820	23331
21820	31774
21820	11558
21820	34480
21820	31388
21820	24463
21820	5717
21820	27900
21820	49366
21820	45463
21820	48249
43129	42106
43129	14210
18024	34477
19524	25202
19524	30988
19524	24462
19524	7308
19524	38446
22214	19550
27866	27637
2533	44767
660	30203
13793	26791
13793	37266
48176	32367
48176	33000
19887	31038
25973	32367
5692	38111
5692	2619
1410	39987
22581	12483
22581	29367
22581	22208
22581	45070
22581	39238
11914	24984
11914	40344
11914	24857
11914	43163
11914	31439
41165	29822
41165	6548
40360	32983
40360	38834
32949	40792
8402	41567
6893	36404
6893	44693
6893	28658
6893	10426
36410	8782
30156	25475
46592	32946
46592	29068
46165	42118
46165	3141
13794	41597
37971	18219
37971	26584
27480	8598
27480	5705
33751	40970
33751	9572
33751	43134
33751	14575
33751	40422
10774	46386
10774	1486
21823	46764
21823	3942
2951	42917
39558	12073
29022	40007
42320	38392
42320	26795
42320	41999
3298	6730
9198	8173
9198	36410
9198	34477
9198	8782
9198	2569
9198	18442
9198	6964
20673	45223
20673	18592
20673	30156
20673	10775
20673	48931
39559	47839
36799	21632
34477	35764
34477	34298
34477	8413
34477	8782
34477	44691
34477	18789
34477	8794
34477	9992
34477	19554
34477	47404
34477	6964
14534	44483
14534	22767
40751	17043
40751	26781
40751	45126
40751	11623
27872	10951
16479	17784
1031	21900
29801	1572
38389	41960
38389	12306
38389	3752
23709	46995
23709	42348
23709	44769
45805	7740
4552	11719
4552	16288
4552	17847
4552	40344
4552	40354
4552	24857
4552	43163
48183	13792
20304	25634
40366	3458
40366	2354
46986	12853
46986	8413
46986	18789
46986	18037
46986	47404
46986	45866
1032	22722
1032	10191
1032	36222
1032	15709
1032	47396
1032	36468
1032	41582
16482	26351
16482	24452
16482	48949
34127	19879
16881	34671
26367	26044
4927	48342
36804	45615
36804	30994
36804	46196
36804	6553
39562	10193
39562	41243
31777	7455
31777	41732
10368	40118
10368	8185
10368	27289
10368	19963
10368	11991
21455	40344
21455	48889
21455	13040
21455	32266
21455	34957
13411	40554
13411	5909
13411	39194
13411	37203
26749	40969
45806	35255
45806	47807
45806	22628
22586	9736
22586	12483
22586	3351
25606	46205
25606	39234
25606	13095
25210	1906
25210	32714
25210	29202
25210	30401
25210	6951
12286	12280
4929	3941
9582	25200
43514	8419
43514	14196
9205	3295
9205	48888
9205	25595
9205	39979
9205	17308
9205	17696
5314	47933
5314	3918
5314	17719
42325	20706
42325	34179
7283	34297
7283	44263
20306	3353
16882	41590
8783	3714
8783	44697
8783	4144
8783	40777
8783	38004
8783	19230
8783	30665
13796	35134
44691	41001
44691	8782
44691	9992
44691	9219
44691	9260
38392	42320
38392	26795
38392	41999
38392	40432
5702	11982
19894	23516
19894	23135
19894	10184
44290	40763
12288	27104
12288	37664
12288	48258
11924	42890
11924	24986
11924	23507
11924	32196
11924	13807
11924	18467
1035	12515
6101	816
1418	28627
2959	18576
33366	11283
33366	36221
33366	10780
35609	16631
35609	40566
35609	31074
43518	46360
43518	23924
43518	45055
43518	40372
43518	34915
43518	10413
43518	38044
32196	18467
32196	33024
27878	24833
15722	29079
9207	10151
9207	49107
9207	34483
9207	4184
9207	33000
31385	23715
31385	18430
31385	18071
16484	31789
16484	26396
16484	3773
37199	3129
37199	14957
37199	31789
37199	19546
37199	34895
37199	15734
37199	17299
37199	33386
37199	26396
37199	29852
37199	36486
36417	42493
36417	35658
36417	10814
29386	25666
49329	28062
22938	21856
6106	5467
6106	29588
46174	15762
29388	8547
29388	20359
28617	23348
28617	43530
18417	34170
14957	15108
14957	3129
14957	32188
14957	15341
14957	31789
14957	29852
14957	30655
14957	35686
44295	3769
1037	6680
1037	13067
1037	38433
15724	34477
15724	8782
15724	9992
15724	47004
15352	36162
41946	35837
41946	42001
46603	30788
46603	30669
38788	43733
38788	38479
1789	38932
1789	30983
1789	1424
1789	24462
1789	15390
6523	31196
6523	37580
6523	1424
6523	36036
6523	13083
6523	3351
24459	19251
36419	40943
36419	20505
36419	13454
36419	24593
1424	28601
1424	24892
28620	16932
36813	10135
36813	1777
36813	48211
36813	24882
36813	42375
36813	19592
34134	11310
34134	29052
46177	21051
46177	35686
1425	38579
1425	12280
1425	16899
1425	24503
1425	30664
18423	16237
18423	32402
18423	23759
36420	48549
36420	15768
28260	44736
42332	15496
42332	48242
42332	19588
8050	48946
16891	17719
25989	45091
43142	47957
43142	13582
13058	23855
13058	18176
13058	20823
13058	17832
13058	2965
13058	15380
13058	30625
13058	323
37604	22362
37604	19546
37604	13067
5708	17649
6527	22737
6527	18987
6527	34523
11567	21878
11567	23013
12296	29808
12296	49370
12296	9263
12296	12750
12297	43308
12297	1478
16893	22211
16893	43163
2965	20823
2965	12868
2965	4724
2965	17832
2965	32757
2965	34153
10780	12515
10780	19550
25991	6564
27106	4735
37987	40969
9979	2780
9979	36467
48558	36405
48558	38386
48558	22954
48558	19588
48558	25268
48558	49391
6111	3109
27107	15116
27107	31553
27107	41370
27107	28452
27107	23331
27107	21820
27107	11558
27107	34480
27107	31388
27107	5717
27107	4154
27107	19569
27107	33782
27107	38833
27107	43569
27107	19230
27107	48249
21466	20493
21466	35813
22943	43167
22943	13083
29812	20823
29812	37383
29812	8793
29812	12351
26379	12483
18037	34477
43531	21195
43531	10922
43531	16274
43531	23715
43531	2148
43531	18430
43531	21065
43531	11950
43531	44755
16112	41309
16112	44482
16112	34488
16503	20377
44707	31206
22235	17287
37605	19369
49341	43733
49341	31785
27887	41165
43532	16370
43532	35593
40773	13582
40773	20493
40773	44506
40773	8392
40773	10789
32211	22620
23722	40117
23722	1200
23722	27275
23722	41955
9213	25410
9213	19879
7685	7407
7685	44476
31391	24888
46994	28627
35257	279
35257	27139
19545	29822
38406	14683
9598	40557
9598	30994
9214	13948
9214	16264
9214	20493
9214	24503
2158	8992
46995	23709
46618	35827
46618	5327
46618	10814
7687	47587
7687	47588
7687	43727
19912	18568
20316	29036
20316	1809
20316	42383
27888	20823
27888	17061
27888	34153
27888	46205
16895	40594
16895	2537
16895	27541
19915	20823
19915	40776
19915	34153
19915	46205
28627	32604
28627	46994
28627	45441
28627	32270
28627	31077
6117	14740
27889	27235
27889	13821
25222	35134
13807	42890
13807	11924
13807	8441
35625	16876
29816	21446
29816	45799
44712	35134
36430	12483
36430	5689
36430	25202
36430	5444
28628	34297
28628	46982
28628	26429
28628	49395
17287	34309
17287	22235
40381	2940
40381	48962
7688	35134
285	32387
11163	4596
22948	14358
6532	34297
14188	35813
37991	49130
29042	9631
29042	12340
5714	37242
22596	18784
34494	41677
24851	33138
24851	34933
24851	33000
24851	21092
19549	44056
19549	48704
19549	8201
19549	43349
19549	43134
19549	39230
19549	23757
19549	3808
19549	4674
46625	22952
46625	29824
48920	10529
48920	22375
48920	30149
19920	46800
23358	34917
15734	33125
15734	7287
15734	31789
15734	19546
15734	13067
15734	17299
15734	9220
15734	34153
15734	46205
15734	16521
15734	38004
15734	29852
15734	41588
15734	21893
15734	16171
15734	36880
15734	2220
15734	33437
31799	13939
31799	1196
31799	17439
31799	18987
31799	48180
31799	1809
31799	2990
17660	8435
26001	8784
32611	29022
32611	19208
32611	40007
32611	12338
36822	13939
36822	33133
36822	2990
36822	12362
23729	46757
23729	13939
23729	24085
23729	280
23729	29036
23729	1809
23729	24895
24108	5718
31395	27285
31395	29609
5717	4154
35264	42502
35264	26198
35264	19882
35264	22275
39584	38585
4153	10789
4153	43544
4153	4215
24472	37372
24472	34477
24472	8782
24472	16496
24472	45435
22601	22011
38799	21613
38799	19543
38799	319
45079	11918
18047	38172
18047	41573
43158	40344
43158	24462
25627	37795
34143	41938
34143	2555
13067	29055
18806	2354
18806	48984
4154	39328
4154	5474
4154	24619
4154	6290
4154	41370
4154	28452
4154	23331
4154	15701
4154	21820
4154	48544
4154	11558
4154	34480
4154	1420
4154	31388
4154	29808
4154	27107
4154	5717
4154	47396
4154	42776
4154	27900
4154	3756
4154	19569
4154	43569
4154	19230
4154	26793
4154	45463
4154	48249
4154	33019
4154	48975
4154	37674
4154	29455
4154	21112
4154	16175
19924	33000
12306	45938
34146	3302
34146	24859
34146	35670
19552	46
19552	43712
34500	48714
47000	8033
47000	41171
5724	26929
37615	3474
37615	4596
21848	28266
21848	43167
21848	37237
34909	41151
34909	10789
34909	15771
34909	48979
9608	37743
9608	1403
9608	46205
9608	19617
25226	24593
47396	41370
47396	36222
47396	19809
47396	36411
47396	34480
47396	29808
47396	5717
47396	19230
47396	41582
47396	48975
47396	37674
32218	47542
32218	12340
16124	43936
16124	43187
30619	41920
30619	1841
17293	20294
44322	46795
44322	27285
44322	13792
44322	36476
30184	22021
34151	36455
45426	5497
45426	2346
45426	29406
12310	36182
15745	2724
45427	4708
45427	38172
45427	35263
45427	33773
42775	18559
42775	34116
42775	10356
42775	23366
42775	17667
42775	13432
42775	38437
42775	19572
42775	19956
42775	48252
42775	22276
42775	35312
29824	46625
38809	10173
9219	34477
9219	44691
9219	15724
9219	13842
40781	13977
39587	23487
39587	18937
39587	48166
39587	4115
39587	7684
39587	44346
36036	12483
36036	28601
36036	13083
36036	4182
12312	8077
14974	9236
26008	14949
29053	10977
11175	18784
11175	34875
11175	23715
11175	18430
1809	1196
20706	47166
20706	12883
20706	42325
20706	16527
48216	12735
6134	33514
46205	15734
27512	2610
21065	2148
21065	13423
21065	18430
21065	16137
21065	6163
21854	13593
21854	36861
21854	26052
11177	25010
32621	22722
32621	47953
32621	34116
32621	10356
32621	23366
32621	13432
32621	27903
32621	38437
32621	48232
49355	8201
49355	26399
49355	39230
49355	29847
33386	28808
33386	15927
33386	37412
33386	19546
33386	48235
687	1409
47007	45468
4168	8965
4168	9245
4169	48714
43549	3718
16521	15734
42351	47844
33388	46795
33388	4333
33388	14931
26397	34915
26397	10413
26397	38044
41969	27885
41969	43913
41969	10814
21068	35040
21068	9761
21068	49080
21068	19536
21068	25615
21068	37616
21068	36083
21068	36087
21068	27561
33774	35134
26012	20120
18060	2305
18060	21471
18060	33775
18060	15780
31812	28647
31812	3769
36448	43513
29410	35783
29410	37018
29410	13425
29410	17667
29410	13432
29410	38437
29410	19572
29410	19956
29410	48232
29410	48252
6139	12890
20338	39562
20338	41243
45092	5349
14563	1481
30626	22393
30626	22618
33390	6188
47011	22208
47011	28266
46640	35059
22616	2533
22616	44767
39997	23106
39997	27662
39997	26905
39997	24506
37221	34636
37221	38
37221	19952
37221	33000
37221	4619
12316	23328
28289	40745
28289	47778
28289	33393
28289	29862
28289	26048
28289	33026
36054	8173
36054	23540
36054	31769
36054	34477
36054	8413
36054	18789
36054	7300
36054	47404
36054	42814
36054	22656
301	41607
11950	10922
11950	16274
11950	27090
11950	23715
11950	2148
11950	43531
11950	18430
11950	21065
11950	44755
29831	29010
18062	20838
2582	41199
13080	11924
13080	6948
20341	35076
5739	33817
32236	16535
24873	34504
24873	19986
7307	26892
7307	41329
7307	35686
45439	42917
45439	2951
10802	45993
34522	25788
33779	1200
33779	6503
33779	24102
33779	33406
34162	7038
34162	22375
34162	30149
34162	48920
10406	47133
10406	8185
10406	20105
10406	14930
8073	16643
8073	16527
5742	43330
5742	5682
5742	35294
7310	24622
7310	3942
7310	37187
40001	3941
41208	33147
41208	40012
4585	4754
4585	4133
4585	31006
4585	15379
4585	12721
47018	3498
47018	13821
47018	38457
10407	9001
36844	17061
36844	27888
18069	47992
18069	19963
22623	3117
22623	40354
22623	10841
34926	26881
34926	5148
34526	2768
34526	30179
27522	44460
27522	25232
27522	41260
6144	28788
6144	49092
6144	4328
19952	38
19952	37221
19952	34933
19952	33000
19952	4619
8076	41712
8076	4596
8076	39613
8076	5442
26780	44697
26780	17649
26780	676
13450	44482
13450	34488
13450	16112
10016	37244
10016	15775
10016	21118
39228	29022
24492	24085
24492	3756
24492	26786
24492	5766
24492	8838
18071	23715
18071	18430
28647	3769
9618	28290
38010	48738
38010	34167
11956	36853
11956	2215
38436	47962
38436	41955
15762	46174
41980	45993
36457	20876
43929	15534
43929	24830
43929	4567
43929	36453
43929	24895
8446	49130
16143	37962
16143	29070
16143	31832
16143	35306
38437	32621
38437	14609
31032	47566
31032	25406
22628	45806
22628	42748
22628	35255
22628	47845
41572	3337
35659	21029
30203	36677
30203	20294
30203	660
30203	40432
48595	24260
48595	16881
10812	18932
13455	43881
21496	29189
21496	14228
43177	35661
43177	38834
43177	46256
33786	15734
33786	17299
33786	16521
33786	38004
15766	5766
37233	32758
37233	12890
21866	22718
2990	1196
9237	8222
40007	29022
40007	32604
40007	35255
40007	27151
19954	34127
19954	27152
19954	18096
35663	12108
35663	19550
38832	9273
48946	14699
48946	26739
48946	14166
48946	8050
44337	29579
44337	14607
35664	15158
35664	39577
35664	25625
11190	3718
11190	11600
34932	38575
34932	43317
34932	26351
34932	45833
34932	27537
25648	44847
25648	47785
25648	32625
25648	20710
25648	45124
34933	19952
38017	4738
38017	1835
38017	37677
1462	11336
41575	46407
41575	19972
41575	38848
41575	14604
23754	39721
23754	7420
23754	10181
23754	3942
23754	474
23754	16554
23754	44367
46649	23855
46649	4724
46649	2965
46649	30625
46649	47414
46649	29098
38833	15116
38833	28452
38833	24463
38833	5717
38833	33782
38833	43569
48596	29170
18458	34153
18079	13082
38836	2957
38836	46205
38836	24530
14572	48549
14572	36420
15770	3334
15770	40414
15770	46256
4186	20825
4186	8815
4186	15422
16541	13582
16541	11727
16541	46407
16541	19972
48235	33386
15771	41151
12735	33525
12735	48531
12735	36411
12735	11558
12735	20337
12735	11182
12735	48975
12735	37674
5749	12096
45107	35134
11961	29052
11961	10421
12329	26552
12329	16496
12329	43164
12329	24882
36463	33371
7319	19879
7319	44342
41218	20487
41218	13403
41218	38777
41218	26750
41218	38849
13842	34477
13842	8782
13842	44691
13842	8794
13842	9992
13842	9260
10819	24816
10819	27509
25655	23725
32634	19557
37242	1604
37242	19550
37242	33812
37242	1486
1464	17341
47027	7274
1825	10930
19231	2943
19231	1085
42372	44040
42372	42930
28307	24228
699	10789
8451	11916
1466	44861
25254	24
25254	5704
25254	48585
26793	27107
16938	36177
16938	17329
38023	44099
38023	31564
38023	19182
40010	43337
40010	12923
40010	46996
32255	32366
7715	20825
7715	10560
7715	25390
7715	13221
7715	38152
7715	44506
7715	12280
7715	11195
7715	15422
28665	28272
46656	47133
46656	6907
42375	10135
42375	1777
42375	36813
42375	48211
42375	24882
42375	2602
42375	19592
46657	4318
46657	26171
46657	37002
46657	43913
46657	41969
46657	7708
46657	10814
46657	43218
40012	33147
36468	37
36468	1032
36468	16492
36468	44324
36468	41582
36468	5369
36468	12345
30645	22233
36469	19680
36469	32379
36469	11914
36469	4552
36469	11164
36469	41189
36469	6948
3782	7434
25659	5104
25659	29965
25659	13968
25659	8770
25659	47019
25659	31439
48241	18598
18085	10432
45455	47182
45455	3710
45455	46186
8829	17652
48242	36177
48242	19588
40816	34955
21089	38167
21089	28062
21089	36048
21089	38005
32639	34864
41584	25399
27151	29847
34179	37356
34179	47166
34179	42325
14228	29189
14228	8419
14228	14196
14228	27534
31828	4115
31828	45141
24501	4321
24501	36044
27537	26351
27537	39562
27537	45833
27537	34932
27537	49373
12335	26772
22994	1552
22994	29203
22994	25406
22994	31032
22994	26801
22994	13480
19588	36177
19588	47964
19588	16938
19588	48242
16155	1569
42381	36217
42381	43556
42381	38027
42381	37676
45459	8185
45459	29591
10827	19879
41224	35375
20737	9221
318	13042
49374	20487
21092	3
21092	2730
21092	27094
21092	34933
21092	33000
21092	20361
48609	20364
40427	44483
40427	22767
34534	24277
34534	15951
34534	44697
34534	4144
34534	35687
30650	44051
30650	17697
1469	10421
1469	11620
32642	15365
32642	47441
18467	42890
18467	11924
18467	41183
18467	8794
18467	8441
18467	37674
18467	33024
13469	3458
29439	44051
29439	14948
29439	41561
29439	20710
29439	43573
5763	8435
5763	19588
21883	290
21883	24857
21883	21493
1082	25000
43952	7708
41589	17061
41589	25606
41589	49342
41589	21856
41589	44363
26797	12700
16949	36408
5765	31070
323	49080
323	24666
323	21068
10829	22011
33798	8769
33798	5391
35670	16527
33799	8185
33799	32402
33799	5146
33799	14157
33799	46199
3007	20858
23000	31799
48962	2940
48962	25994
39623	41208
39623	40012
13104	47385
13104	13428
27540	33000
24506	33540
30215	9609
27155	49092
27155	40354
27155	43163
27155	40449
17329	33792
17329	16938
17329	38849
40820	41584
2609	23731
43580	23902
43580	4343
41999	42320
41999	38392
36864	18409
27931	36598
27931	47998
25263	29416
1084	26781
11982	5702
39249	10789
44349	33552
44349	24643
44349	14226
34191	44718
34191	12358
2610	10789
10035	27094
10035	5332
10035	32640
6951	29202
40821	32604
5371	40523
5371	42893
5371	21025
5371	36405
5371	15715
5371	47797
5371	20691
5371	46199
5371	39227
5371	47427
5371	49391
5371	20759
16164	31789
16164	35686
34538	3924
14234	31183
12342	35134
43199	36989
43199	19521
43199	26367
43199	33755
43199	21858
43199	4586
43199	46654
43199	15011
43199	3350
30217	21249
30217	34116
30217	23366
30217	17667
30217	13432
30217	19572
30217	19956
30217	48252
30217	35312
30217	14609
38849	17329
40435	43717
40435	21044
40435	43164
40435	27905
40435	48263
35676	49081
35676	40344
21102	13432
23772	18615
21510	18476
24901	14814
27935	8185
27935	15758
15016	19208
13854	11917
13854	41938
13854	13455
2207	40767
8462	3710
8462	37203
8462	46186
8462	47409
46665	27886
5771	44040
5771	21590
5771	3116
5771	7461
5771	44083
5771	3480
5771	40565
5771	32402
5771	40160
5771	27692
5771	31811
5771	42405
332	27260
47437	31935
47437	22954
47437	5371
47437	22656
9641	1196
9641	25803
9641	25004
9641	29817
9641	46651
18476	44834
26043	32740
26043	936
26043	4920
26043	18780
26043	22952
26043	36066
44755	10922
44755	27090
44755	21065
44755	11950
42814	31769
42814	8413
42814	47404
42814	36054
6179	37635
6179	5363
6179	3346
44756	23866
44756	16651
6953	10560
6953	1198
6953	44506
6953	11195
6589	40554
6589	34311
6589	1791
21514	23020
21893	14734
26044	36989
26044	19521
26044	33755
26044	21858
26044	4586
26044	46654
26044	15011
26044	3350
20747	19382
36086	4584
1481	41690
1481	38612
1481	28262
1481	14563
18835	41597
43588	15343
43588	8784
43588	2148
43588	42795
13480	29203
13480	22994
45135	27285
45135	13792
45135	48975
6180	8937
6180	13244
6180	11558
6180	49364
6180	6163
6180	1085
6180	48975
6180	37674
28685	33147
47862	18094
15412	11142
7338	24830
7338	4567
24516	17842
24516	37181
24516	48889
24516	20294
24516	14551
24516	29098
24516	12351
24516	13118
24516	27561
25273	3295
25273	25595
47049	29022
47049	47795
47049	40007
47049	12338
41238	39369
41238	29416
41238	36465
39260	19879
35682	17842
38476	40554
38476	47588
38476	5909
38476	22410
38476	13411
38476	47785
41597	26193
1845	46174
1845	15762
1093	40576
40441	8548
40441	33888
40441	11356
34961	7435
23015	37580
23015	19584
25276	44100
41599	45984
41599	39754
41599	14364
41599	42504
31442	31014
47441	28053
47441	32642
37265	11162
37265	29052
37265	10421
11619	32604
11619	39230
11619	31077
33430	9962
33430	29373
31846	10548
31846	8220
31846	43349
31846	9420
31846	10431
31846	3808
10042	22630
31847	24090
31847	8782
31847	15724
31847	37210
31847	40421
36090	40969
36090	39020
36090	40779
12754	30396
45142	41333
45142	30371
45142	25380
45142	9565
45142	5729
45142	11193
45142	4596
12755	34297
27167	28757
41243	28255
36091	1613
36091	38457
13857	49093
13857	35813
13857	12284
30231	43711
30231	25806
30231	31998
30231	29589
30231	49329
24154	43733
11620	11162
11620	29052
11620	10421
48979	41151
48979	15771
9273	4746
9273	38832
40030	19879
23020	35134
23020	2861
23020	24825
23020	10381
23020	25222
23020	7688
23020	33774
23020	45107
23020	21514
23020	12351
23020	34553
11218	9762
11218	48888
11218	2966
11218	45091
11218	29432
11218	45473
14609	13432
14609	19572
48984	24503
8108	18061
38487	15918
38487	28269
38487	15391
40448	31194
14611	45627
2218	22029
39264	11917
39264	41938
39264	32969
39264	13854
10440	39
10440	3010
7735	19378
31074	35609
6188	39197
6188	13432
6188	33390
29107	15701
29107	35255
29107	10816
29107	37681
29107	44769
8110	28808
8110	37412
8110	48235
8110	29441
15423	22248
15423	21493
15423	36872
26059	22767
30237	40810
4213	15148
4213	17447
4213	18987
4213	40354
4213	5442
45490	43163
45490	3366
31447	32011
731	35255
731	43157
19989	16685
19989	47385
19989	13428
3808	31846
36098	25372
36098	13582
36098	29014
36098	18043
36098	24895
36098	755
44767	2533
44767	47414
3809	9260
4619	37221
4619	19952
42825	4584
42825	5000
42826	25808
42826	33919
22656	47437
13491	34310
13491	31197
47060	4547
17733	31935
17733	26351
17733	20691
17733	49391
28330	32727
20386	12493
34553	35134
48624	34504
48624	7308
22291	38407
354	9761
354	4724
354	39951
354	2965
354	14551
5009	8598
5009	27480
5009	30633
49395	28628
29109	41920
29109	30619
29109	1841
30243	2575
47062	49315
34557	19879
27174	13441
12365	35134
18487	36442
29874	32762
29874	9000
29874	33347
29874	4171
8851	13432
27565	40571
27565	12492
2628	35134
28698	9609
28698	30215
23415	32365
23415	7481
23415	21051
23415	22952
49399	836
49399	13432
7740	3141
7740	37185
7740	45805
21528	27247
21907	5468
32285	22031
38866	16631
38866	31074
48281	21201
5807	840
5807	45
5044	22026
40901	47784
40901	24465
