46748	19551
46748	23373
23077	14358
23077	25803
23077	15148
23077	22211
23078	46386
35762	46
35762	14376
35762	12513
18920	49053
18920	39197
18920	5387
32710	24888
37337	5852
2701	12055
2701	40139
2701	26368
28386	25779
46329	31388
46329	48562
4286	8625
21577	33093
21577	1230
21578	663
25753	40354
23856	7834
25754	47844
31138	3344
42081	42123
42081	41211
42081	48242
42081	19588
42081	14230
42081	14599
42081	38483
43671	2723
36157	7807
36157	36482
23482	9419
23482	20294
23482	40776
23482	34957
23482	41244
26131	3481
26131	34146
26131	15771
26131	48979
25335	4929
25335	36417
38919	37215
9730	29586
9730	39386
9730	12314
9730	18060
9730	33775
24596	43912
44043	3474
44043	80
27632	14734
7794	38929
7794	27645
7794	17697
7794	43573
2706	13582
13920	78
37343	18418
48317	5118
48317	17443
48317	14221
36548	11922
36548	39569
36548	20335
36548	2181
36548	32647
36548	31443
45561	35801
29533	16230
29533	6187
9731	26555
9731	35076
11686	2338
11686	42498
11686	32387
11686	1200
11686	48983
8165	31820
26134	48720
26134	40764
5849	33552
5849	24643
3427	15127
3091	24972
3091	37586
3091	24129
3091	48968
37739	30333
37739	345
17785	29871
32337	43697
32338	25411
45939	31775
45939	13432
15870	31520
15870	31995
15871	49074
15871	22404
15871	15172
15871	20669
15871	25996
15871	19922
15871	5335
36549	32343
36549	8223
36549	36612
36549	48890
36549	32206
36549	39979
36549	21473
36549	42000
5461	27160
5461	19618
22351	45845
22351	19599
22351	12757
32711	33114
42082	14734
42082	2772
42082	15734
31139	11281
31139	31980
31139	29965
31139	25659
31926	25808
31926	42826
12056	19551
48319	16294
30741	25964
30741	24466
30741	18047
30741	4957
30741	5378
1908	3121
1908	13591
1908	10958
1908	17646
1908	6924
1908	21115
38923	20
18531	14556
23483	8451
21189	9737
21189	42491
21189	48890
21189	16175
10513	37581
10513	34864
22716	2951
22716	45439
31522	36217
31522	40449
39324	6676
39324	19518
39324	21454
39324	14538
39324	10372
39324	47787
39324	5711
39324	21850
39324	15787
29165	1908
29165	5507
29165	37805
29165	18225
29165	17646
29165	6924
29165	4581
29165	21115
29165	23778
46333	14950
46333	6595
34624	21070
34624	26050
41302	30340
41302	30347
41302	21268
8166	40440
19318	18964
38924	47784
38924	24465
41303	3115
41303	16492
41303	45418
41303	9227
41303	6948
41303	36092
5462	9380
5463	34625
5463	29951
5463	13240
5463	33925
5463	41189
5463	32625
11279	22758
7796	35076
15872	21279
25336	25423
2293	36424
3428	13432
3428	48252
3428	34553
27633	31532
27633	41370
27633	11182
27633	12735
17033	13067
17033	46205
17033	36844
15103	40563
15103	16911
5464	15116
5464	46388
5464	28452
5464	21820
5464	34480
5464	31388
5464	24463
5464	4154
5464	19569
5464	33782
5464	26793
5464	48249
28393	6290
28393	31553
28393	48753
28393	41370
28393	11558
28393	34480
28393	1420
28393	27107
28393	5717
28393	4154
28393	19569
28393	43569
28393	19230
28393	48249
28393	37674
28393	21112
46752	56
46752	22767
12433	9370
12433	2325
12433	18588
12433	40354
12433	48180
12434	22375
12434	9569
12434	15718
12434	2970
38926	44091
33090	13995
33090	10024
27634	18594
13179	16635
13179	33169
33091	42132
33091	24510
9349	20504
9349	18987
9349	31799
9349	46651
16627	47833
26137	28789
8927	33151
8927	38433
48689	8185
48689	23510
48689	71
48689	40163
48689	35847
48689	46172
45562	42507
24231	8547
24231	33344
24231	29388
24231	20359
47533	25795
47533	25814
27635	28764
5070	10589
44437	37342
44437	32748
44437	26554
44437	48756
37345	35807
45563	45204
45563	29991
33865	38969
33865	27673
30743	3498
30743	40344
30743	12705
30743	43925
31523	34968
23484	11739
23484	26367
23484	33755
23484	40770
23484	4586
23484	46654
7798	40117
7798	20884
7798	7860
7798	41955
33504	4544
33504	32693
44438	13067
44438	29055
44438	37642
47125	21985
47125	8419
33505	13582
33505	16680
3429	47159
3429	3121
3429	37805
3429	29432
18171	19536
1909	31439
29535	15507
33506	11287
33506	20117
35369	18955
35369	24851
35369	19952
35369	34933
35369	33000
3867	38973
3867	13403
3867	6106
2296	17424
2296	49093
28755	32634
28755	32642
44045	41691
44045	20124
38927	20083
38927	33770
16234	22006
33866	22375
33866	14004
33866	49331
33866	34162
26139	13955
20458	25268
49051	77
49051	22233
28010	45965
28010	23328
28010	39613
44439	19546
44439	1835
44439	37677
44439	40838
36950	46800
38562	22355
38562	35063
43291	48759
42460	20855
42884	6657
42884	34271
42884	26154
42884	33530
42884	36570
42884	7442
42884	16260
42884	25373
42884	49093
42884	2762
42884	459
42884	32778
42884	20904
42884	16882
37346	18787
24233	17080
24233	14563
44046	16648
44046	2768
44046	40354
44046	9209
44046	31799
44046	43163
44046	1809
44046	46651
11281	31980
11281	44506
11281	25659
12057	9417
12057	28305
44049	47361
7404	34127
19322	43560
29922	39370
24968	40940
24968	37987
24968	33008
9733	41690
26516	28433
16630	9414
16236	33925
16236	32625
16236	29082
16236	19251
8170	29540
8170	30359
8170	5104
8170	1198
8170	44505
8170	315
12058	36571
42463	29202
5071	10560
5071	25390
5071	29965
5071	35059
5071	25811
5071	5900
5071	46402
5071	22018
5071	13986
5071	30994
5071	32966
5071	10789
5071	24897
31930	43326
48693	42130
48693	17338
34626	16527
18928	46757
18928	1196
18928	25803
18928	29036
18928	31799
18928	1809
18928	2990
18928	37684
11689	9761
11689	36087
2711	10591
42464	43673
42464	13558
42464	13407
42464	8819
42464	5013
15482	27635
21966	35877
26518	2222
12442	13403
12442	14980
12442	41218
47536	29031
36955	33554
13923	42156
21192	25394
21192	3941
43294	48336
3100	19912
3100	4587
7031	28044
7031	25002
7031	84
13185	13213
10519	9354
6249	36155
6249	30195
6249	16967
38104	40955
38104	32402
38104	35076
38104	1222
38104	20341
38104	23400
30745	41327
30745	7820
30745	13213
30745	34477
30745	8413
30745	45067
30745	18037
30745	9992
30745	22966
38105	34631
38105	47587
38105	47394
6	17837
6	18046
6	15741
6	28641
6	41586
29541	18940
27239	25050
27239	34198
27239	40442
47941	17332
32344	45993
32344	48909
32344	41980
13924	9780
13924	3487
8172	32379
8172	40344
8172	40354
8172	4552
8172	44716
8172	43163
17407	18179
17407	24643
16239	13067
16239	2569
16239	29055
32718	27885
41310	40927
41310	41698
41310	32387
41310	1200
41310	27275
41310	7471
41310	10582
41310	13792
19327	31537
19327	2773
30747	21638
25763	45965
25763	1232
25763	21268
25763	23328
48326	38407
12847	28805
11284	8969
11284	39367
11284	21241
11284	38164
35769	35777
35769	45961
35769	13432
37745	28799
37745	46797
37745	1203
37745	23135
49057	39368
31936	17085
31936	12312
31936	8077
45569	31439
1914	15905
20464	36805
45570	18094
12448	44070
12448	16492
47537	21639
3877	33113
24973	43326
24973	47184
30329	9354
30329	43502
34264	40163
23092	32402
23092	35076
23092	23400
41675	20069
31938	9414
1917	5694
19686	7455
19686	10789
24605	35877
40913	8185
40913	29406
20465	22389
20465	44682
13189	38124
23862	41938
23862	32969
31145	14754
31145	27131
17793	24262
17793	37188
17793	41562
24238	37586
43297	42315
43297	14172
43297	24489
38934	40957
26143	25394
26143	10171
26143	31692
26143	22986
26143	29867
37356	36814
12849	44058
12849	1587
12849	35255
12849	46626
12849	37664
12849	731
10119	20338
10119	2601
16240	44697
16240	20337
3439	24830
3439	4567
3439	3762
45944	32387
45944	10937
45944	3783
22361	37987
22361	35659
8	46407
8	3710
8	33749
8	30994
8	1425
8	32966
8	24895
17041	47172
17041	17838
17041	3933
17041	39613
20074	41960
20074	12306
20074	3752
21588	38168
11289	23932
40115	20117
47946	18615
21589	8625
46759	13432
46342	22355
46342	10560
46342	30383
46342	35063
46342	5900
46342	22018
46342	20122
48697	33000
48697	14617
13931	3922
13931	37393
13931	24638
13931	8592
13931	27282
13931	7850
13931	5906
13931	13242
13931	43350
1918	25472
1918	46615
8177	9346
8177	21268
29545	21065
7034	3708
4705	23001
4705	48975
24240	33525
24240	32035
24240	27475
24240	33357
6257	45204
6257	22737
6257	44506
6257	40354
6257	33770
6257	43163
38568	36854
40116	17064
3884	35661
3884	15770
3884	3334
10911	24981
10911	14359
10911	24145
16242	38947
16242	25004
16242	10192
16242	24102
16242	43197
14322	6146
422	35819
422	700
2307	13792
8178	11322
8178	5691
9364	23772
42093	19550
25770	40969
46345	20504
46345	31799
17799	36818
15489	46589
15489	32999
15489	48964
21592	18543
21592	2326
8935	24466
8935	1826
18938	37987
18938	35659
8555	42507
8555	32402
8555	44342
8555	1486
20824	7441
20824	19601
26527	312
3886	35783
3886	26911
3886	33552
3886	24643
3886	17458
3886	17281
3886	11939
3886	13432
3886	14226
3886	44349
3886	8851
25771	38182
45949	34633
45949	40969
45949	2127
48701	22763
29174	11943
42094	37795
42094	36785
8557	35076
8557	20341
6260	31998
25352	21878
5859	47555
16244	6748
8558	4328
8558	25018
48702	30015
48702	46454
38940	14683
1172	36020
1172	19946
1172	33397
13558	23704
13558	13407
46346	13846
37361	22722
37361	11558
43685	47589
48332	42729
48332	6523
48332	1424
1568	29590
18940	29541
46765	19186
10530	12354
815	3474
815	44482
815	34488
815	37642
39726	8235
39726	38020
5475	38973
5475	17443
5475	14221
5475	4191
5475	29456
2722	21592
2722	49104
36562	26517
36562	38139
47545	18794
36968	30200
6670	43733
6670	5374
427	3474
427	42505
427	18989
427	43163
427	33406
42100	46205
33519	33525
33519	27475
33519	3714
33519	36411
33519	11558
33519	44697
33519	4144
33519	40777
33519	20337
33519	38004
33519	48975
33519	37674
17414	18538
17414	3461
17414	17458
17414	20679
45953	15134
45953	31763
45953	38385
45953	42753
7421	9762
7421	4728
7421	48888
7421	45091
7421	45473
7421	23778
26529	19698
32362	30788
32362	41731
32362	46603
32362	30669
17803	32378
44837	13453
14330	31145
1175	41190
8563	39721
8563	5089
8563	3942
8563	20342
8563	16554
33109	4596
29180	40957
38580	28423
17805	9761
17805	17087
17805	45256
17805	47414
17805	29098
19338	42930
19338	44099
28407	33903
28407	20871
46768	18406
46768	34884
46768	6140
46768	8085
46768	18473
15	32402
15	35076
15	8780
15	42372
44454	6266
44454	29965
44454	44506
44454	10789
33113	43335
42474	275
37367	16889
45581	14524
45956	3874
45956	22017
44838	23873
20830	46811
26893	45993
21206	32646
11294	7843
7041	48728
10135	5686
10135	49381
38583	48754
40927	1200
40927	80
40927	13792
40927	48183
8565	23135
23104	40566
23104	33151
23104	2596
23104	22637
23104	24501
18552	24260
47143	36594
14335	40941
10537	9354
10537	39370
10537	5771
45961	35769
30758	40927
6675	12440
6675	18543
6675	23879
6675	2326
31537	7053
31537	2773
33120	5112
40122	18812
16250	16692
16250	42315
10138	3902
10138	29203
10138	40563
10138	25406
10138	22994
10138	13480
17420	40354
17420	43163
31538	45938
31538	33114
31538	26922
31538	41960
31538	29046
31538	12306
31538	11943
47555	25375
47555	314
47555	49395
47556	48975
10139	14931
42911	20303
42911	28621
7429	307
7429	2596
29942	49315
29942	41927
45215	4575
3901	36447
3901	24503
3901	2218
28781	13573
28781	1232
28781	21268
11705	20097
11705	45986
11705	44858
11705	18975
11705	13616
11705	34325
5869	9982
5869	24849
5869	3353
1934	41707
3902	10138
3902	29203
3902	25406
3902	22994
41691	13066
40537	18964
15118	39951
15118	6180
9753	43880
9753	13432
433	33347
433	26015
433	29874
5092	13554
5092	5104
5092	5123
5092	29965
5092	2762
5092	38618
5092	41742
5092	44506
5092	20521
5092	14004
5092	20311
5092	4153
5092	37618
5092	34939
5092	15422
12467	7451
12467	13995
12467	13408
4716	9424
23879	23917
23879	4348
45586	17830
45586	33354
45586	29450
5093	14361
5093	11543
38949	5332
46774	17818
46774	32753
46774	46416
46774	2375
46774	30984
46774	42775
46774	13432
46774	37662
46774	48252
48708	15806
12864	37586
37765	26911
15889	33552
15889	24643
15889	14226
20084	13432
47558	13595
47558	23947
47558	32966
6678	834
6678	18799
38122	8598
38122	29454
38122	5009
14714	37237
13204	7462
28786	29965
28786	13968
28786	22029
28786	8770
28786	8815
28786	46651
28786	25659
28786	24895
28786	24503
48343	34274
48343	43163
48343	33406
24625	25407
24625	38789
38952	47377
38952	35635
13205	34283
13205	26900
13205	17064
13205	37013
13205	40760
13205	22649
20474	22723
20474	45968
20474	31553
20474	1420
20474	27107
20474	5717
20474	19569
4310	33525
4310	15148
4310	23712
4310	20337
42913	27269
42913	18418
28412	8561
28412	12532
28412	8077
17423	15511
17423	20869
36571	13554
36571	24986
36571	22763
36571	33151
36571	22777
36571	14004
36571	44697
19344	2726
19344	22576
19344	11914
19344	28249
19344	34156
1581	30771
1581	19539
46777	10594
46777	9242
46777	11960
38123	14159
38123	13121
2326	12440
2326	18543
5485	48366
40934	45242
33531	4338
32739	47377
8569	8241
15121	10789
15121	4164
15121	24897
48711	5517
3453	30750
13206	23091
48712	24825
48712	26399
48712	45107
12469	31439
42479	6286
42479	43544
39351	40141
39351	46163
39351	21483
28030	6290
28030	12486
28030	36044
28030	9641
28030	35688
1582	13839
7433	14701
7433	27275
7433	41955
21605	35877
21606	27098
31165	6126
17055	33554
5099	48535
18188	31975
18188	23711
18188	40451
24990	31537
13573	30340
13573	10424
6274	34271
6274	46795
6274	6313
23112	29452
9383	22620
42481	20504
47149	12515
47149	45097
9384	36221
18189	13792
1584	2737
1584	13591
1584	37805
1584	10431
13949	25604
13949	20740
20479	17088
20479	10181
20479	474
37379	6722
37379	10432
33129	8185
33129	3306
33129	22628
33129	9633
23886	40
23886	35053
23886	7479
20480	45953
20480	25787
20480	1196
20480	2759
20480	5924
20480	40344
20480	44686
20480	19176
20480	42753
20480	22234
20480	12705
20480	37237
20480	10841
7052	36962
7052	11186
41331	7831
46364	31439
26900	1956
3457	40344
3457	21455
3457	32210
3457	32266
23504	3107
44073	32011
44073	37661
44073	31447
17057	32203
2329	49078
7437	18615
7437	23772
7438	2575
14720	1816
35044	15806
38127	16278
30361	47589
9761	35877
44075	28423
20482	45586
20482	33354
27253	38969
27253	3474
27253	25412
27253	28602
27253	43163
33131	10589
48715	45586
48715	33354
48715	48562
31959	6722
31959	10432
23113	10560
23113	38152
23113	37798
31168	21598
31168	32186
31168	31775
31168	32963
31168	34145
31168	14556
31168	13432
31168	6142
31168	36067
31168	28660
37774	39628
37774	39251
26901	34153
26901	46205
26901	36087
10144	41177
42484	17439
42484	14959
42484	43163
7054	9764
7054	13617
46367	9413
46367	48544
46367	34480
46367	5717
46367	4154
46367	42776
46367	43569
46367	45463
46367	48249
46367	21112
46367	16175
41698	7471
13950	41691
47562	470
13209	34636
13209	38
13209	19952
13209	33000
11712	44865
12868	35877
28423	47413
38128	44865
1188	42900
1188	8803
3462	44098
3462	22269
33537	26351
33538	49093
6281	20504
17817	28436
17817	355
15130	20825
15130	5895
15130	4567
9391	31553
9391	5515
9391	48888
9391	5717
38129	29808
38129	36468
38129	11206
38129	10050
6282	31935
6282	40523
6282	42893
6282	21025
6282	15715
6282	38386
6282	19541
6282	48558
6282	47797
6282	20691
6282	22954
6282	46199
6282	39227
6282	5371
43702	48964
7823	12492
7823	27471
7823	27565
28424	5463
28424	31532
28424	41370
28424	42746
28424	9597
28424	13067
28424	43569
28424	19230
28424	35668
28424	9633
28424	37674
21609	21218
21609	40600
6691	26884
6691	4932
17428	40949
17428	36423
17428	11190
17428	11600
30364	40354
2737	13591
2737	10431
9392	17836
9392	23331
9392	40763
9392	45418
9392	49366
9392	4214
9392	12365
7443	2217
32742	45837
44081	1603
44081	18430
1942	41743
1942	4380
1942	23328
45224	33022
32378	17803
32378	38986
32378	2562
32378	5336
41335	5000
43320	12515
37778	1919
37778	11195
14345	9597
14345	9633
14345	15787
38132	12102
38132	22770
38132	8219
38132	21818
38132	45800
38132	5335
38132	43170
38132	12736
38132	19963
38132	28311
38132	20747
38132	46679
38132	3365
441	5104
15133	26361
15133	29842
15133	17342
15133	15420
44849	42506
22749	20342
32379	44496
11716	42903
21993	42120
21993	13582
21993	17439
21993	22953
36191	40565
36191	36204
38959	16655
31170	18572
31170	6318
31170	2127
31170	47799
49084	47587
49084	47588
49084	16473
49084	15735
49084	42795
14347	37173
14347	4541
14347	26361
14347	48935
14347	31823
14347	33797
14347	34540
14347	26805
7447	40022
19348	13964
19348	19383
19348	21461
18196	47588
18196	21858
18196	9242
10929	29188
10929	10956
10929	3942
34290	43349
34290	10431
34290	31846
34290	3808
8962	28816
49088	21192
49088	3941
49088	48568
49088	40001
40545	4728
40545	37805
40545	2966
40545	29432
40545	45473
13581	23516
13581	18987
13581	13792
13581	45418
41337	10166
12478	32386
12478	25811
12478	38182
12478	8392
28793	42943
28793	35303
14349	4707
14349	36805
14349	42747
14349	47834
12086	28034
37780	10965
2742	3121
25377	48317
25377	45836
7825	46219
4727	2573
31970	28262
31970	319
23118	6722
23118	26404
23118	10432
8200	12507
8200	5908
42123	41211
42123	48242
42123	38483
29569	7478
29569	80
29569	40354
29569	13792
29569	43163
29569	4596
13583	8555
13583	42507
13583	18423
13583	47430
13583	1486
20844	31371
3914	47863
31172	40554
9766	11343
9766	12689
9766	44732
9766	11600
9766	41231
15137	30149
40546	35814
42124	43335
40547	23895
35401	37226
43325	38167
43325	18841
33135	1200
33135	27275
33135	13792
33135	23722
31550	32602
10556	11195
42919	27142
42919	48242
42919	22656
33895	6301
25379	45590
25379	23924
25379	42019
48349	45980
48349	29808
48349	9263
48349	12750
41707	12102
41707	42515
41707	10655
45595	11918
45595	45079
3915	40554
3915	5909
3915	13411
26167	38955
26167	10560
26167	25390
26167	38152
26167	37798
26167	5900
26167	41732
26167	44506
26167	23328
41708	38974
41708	5510
41708	22017
41708	28442
41708	16694
41708	13994
20092	43287
20092	40356
43703	16231
43703	12481
47158	7479
47158	13432
47158	9636
47158	41591
47158	16179
7452	39767
7452	17635
18960	4703
18960	30754
18960	28607
18960	11564
18960	13424
18960	41217
18960	40422
18960	723
20488	44483
20488	7080
20488	16495
2333	29186
2333	10592
29196	17077
29196	11160
33137	7075
32	23089
32	8200
12479	1908
12479	42315
12479	3296
12479	31379
12479	32596
12479	13818
12479	45838
12479	4581
12479	46218
12479	37232
12479	6583
12479	5383
9768	12507
9768	24849
28040	29971
28040	1214
28040	20513
47159	29165
47159	3429
47159	9762
47159	40545
47159	4728
47159	3121
47159	37805
47159	48888
47159	45091
47159	29432
47159	45473
47159	21115
47159	23778
5882	42927
5882	2139
35402	39734
33	17423
33	47165
33	47166
33	12883
33	20869
33	35823
8967	41370
8967	20125
8967	5717
1194	7693
40938	44056
40938	34968
8968	17424
8968	30641
35403	22002
39364	28306
8579	35839
25383	48720
25383	5896
25383	40764
31551	19550
25384	39721
25384	5089
25384	18216
25384	17088
25384	35598
25384	16554
38962	36155
38962	36987
38962	30195
38962	16967
8969	39367
8969	38817
15900	16647
15900	33133
15900	5911
15900	37810
29957	42732
14352	42929
13586	45942
13586	26174
13586	29973
13586	7705
43704	23486
40551	476
23894	43207
5493	34274
35049	21462
41344	39235
8202	40344
25794	31441
28797	28290
25386	21985
44850	39754
44850	4153
47568	1409
37782	13240
37782	33925
37782	32625
23895	40547
23895	39393
15507	29535
446	15852
49095	40150
49095	34909
5883	5123
5883	45053
5883	34939
29572	12096
38136	11559
37784	3474
37784	44506
37784	25412
31975	35091
31975	31418
13589	24817
13589	28294
13589	2587
32747	25800
32747	32387
32747	3783
17434	26805
17434	6590
17067	5511
17067	32628
47974	23095
47974	21250
47974	22208
47974	37237
47974	40831
48725	49054
48725	10789
29573	29923
29573	44495
29573	9196
35405	2353
11721	31139
11721	11281
11721	31980
11721	13221
11721	7841
11721	45242
11721	14372
11721	25659
24258	16648
24258	31987
24258	40449
5884	28270
5884	44734
12482	19809
12482	1786
12482	280
12482	36421
12482	21473
12482	4154
12482	44324
12482	3756
12482	5369
12482	12345
12482	23414
42492	48968
7457	28819
5885	47587
5885	7687
5885	16527
5885	42795
40134	31775
40134	22947
40134	43160
40134	13432
40134	15394
40134	26430
40134	23414
40134	49399
29199	13984
29199	10192
29199	13792
37384	45988
37384	34673
37384	26184
37384	10829
32382	10589
20490	2596
26170	47169
26170	32628
26170	21096
19715	43530
19715	31839
48726	33522
48726	5351
8971	39754
8971	23516
42127	7723
8204	24145
14354	41960
14354	29426
4320	41955
20095	35598
36579	40781
25387	40354
20492	32008
13218	15118
19354	12110
34652	20822
34652	470
38138	36959
38138	32958
38138	16536
38138	37237
38138	20359
37385	32385
37385	22220
38965	45943
28799	46797
28799	1203
28799	23135
25388	14576
8972	1593
5117	32397
5117	22780
5117	25671
40135	25004
40135	25674
16663	7476
16663	10192
21615	16258
7458	1577
7458	38129
7458	12482
7458	46405
7458	36222
7458	19809
7458	4914
7458	42724
7458	1032
7458	1786
7458	32599
7458	280
7458	36421
7458	47396
7458	44324
7458	5369
7458	46672
7458	10050
27266	11581
5118	45836
3472	35317
20848	4738
20848	30995
20848	28284
39367	8969
28043	6583
15905	1914
15905	19543
45596	25811
40941	17667
40941	13432
40941	19572
40941	46228
42131	8615
14355	27271
3473	21598
3473	14926
3473	34145
3473	14556
3473	28660
48350	37002
48350	43913
48350	7708
21225	35836
20496	29921
20496	18582
20496	47785
20496	29066
20496	19957
20496	47046
5126	14358
5126	22775
44084	41994
13220	18989
35053	2724
35053	23886
35053	40
35053	7479
35053	30984
35053	13432
37790	40557
37790	25811
37790	41732
37790	8770
37790	47019
37790	41988
37790	11195
3123	12280
40555	29942
40555	41927
40555	21830
28436	23079
28436	41211
28436	355
30381	46386
30381	33812
7831	28805
11314	42019
47576	11738
47576	36416
26915	39026
22006	27671
22764	32402
22764	47014
20855	42460
14733	39754
14733	6292
13595	30635
45603	28044
45603	25002
27273	4728
27273	2966
27273	11589
27273	29432
28805	7831
28805	24857
28805	19554
28805	47004
22007	28428
22007	10158
22007	9404
22007	18594
41351	25472
18969	17280
16665	22763
6294	3458
6294	47156
6294	2354
6294	40366
21232	13429
31555	37639
43335	30788
43335	38604
43335	13604
43335	24145
17832	32189
30383	35063
23904	10394
13224	840
13224	19879
13224	1486
8979	32775
8979	10593
7834	21235
42926	40957
20503	36585
5500	2345
5500	8989
33554	42787
34662	22011
34662	34673
34662	19197
34662	16966
26916	1906
26916	32336
26916	32714
26916	29202
26916	35808
26916	30401
26916	6951
16667	14948
16667	47785
16667	39210
16667	41561
16667	32237
10161	12515
25394	3941
17834	49315
17834	26410
17834	13855
34663	19557
34663	32634
20504	17439
20504	11336
20504	5729
46798	24274
47579	31186
9403	69
46799	42147
46799	32402
46799	5335
46799	13475
17443	45836
1202	12304
1202	28291
11729	43733
11729	40356
47581	21241
43336	30362
43336	25400
43336	31791
44486	47193
26918	43726
3481	29965
3481	41151
3481	15771
3481	48979
16282	41353
16282	4148
16282	28673
9777	46800
28812	29968
28812	12282
28812	13833
28812	15389
28812	44765
51	39583
40144	41153
40144	12689
40144	31046
40948	39367
40948	21241
42505	18989
1959	45227
1959	3922
1959	37393
1959	24638
1959	8592
1959	8602
1959	27282
1959	7850
1959	5906
1959	13242
1959	40586
1959	13990
1959	43350
1959	21897
41356	28809
41356	44867
41356	44732
26179	27527
1599	4151
13965	30995
13965	11922
13965	22986
42929	23013
3129	2772
3129	14388
3129	21070
37398	6300
37794	12096
37794	44315
29970	9427
29970	8033
29970	41171
10579	18219
10579	9002
10579	37971
45610	24279
45610	5696
45610	8782
45610	8070
45610	30657
45610	45146
47174	45610
26180	14750
25013	10942
7077	21101
33560	6318
42507	32402
42507	19879
42507	44342
42507	47430
48739	21983
48739	41204
48739	4998
48739	10432
19368	16548
38979	34311
38979	19519
38979	12280
38979	32966
38979	24503
38979	15422
30795	25472
42140	8185
17838	5517
17838	21098
2759	13793
13604	31186
13604	39377
13604	5146
13604	40440
18975	22385
18975	44858
18975	44506
31559	8969
15516	4208
20867	17070
20867	30788
19370	29189
19370	43514
19370	8419
19370	14196
19370	21496
35814	29965
35814	11195
35815	20866
35815	23725
35815	5744
20104	13846
31994	28809
31994	41356
31994	5712
31994	19223
10949	25824
10949	42164
10949	10362
10949	14538
10949	8058
10949	21475
10949	24126
10949	40426
10949	47038
37402	37745
37402	28799
37402	1203
13606	74
42510	21623
27672	3448
27672	16256
27672	48365
30798	3917
32765	10517
16674	46757
16674	2316
16674	33133
16674	4321
16674	40566
16674	7270
16674	29036
16674	2596
25811	28403
25811	16264
25811	20493
25811	23154
25811	14959
25811	10789
12102	32402
19372	37185
32392	34473
38982	36823
41729	21633
26925	852
40149	27094
40149	33000
45239	36221
45239	26764
7084	2137
47180	40969
47180	28449
39767	31998
39767	28062
39767	49329
16680	13582
27679	37005
27679	43500
27679	22618
13611	38608
44862	44094
5507	1908
5507	29165
5507	10958
5507	18225
5507	32596
5507	17646
5507	6924
5507	4581
5507	21115
29976	22001
12105	46215
12105	32236
25403	10949
25403	42164
25403	10362
25403	8058
25403	36450
25403	24126
25403	45104
25403	16158
25403	47038
25403	26812
35416	12484
35416	28062
35416	13846
30800	13970
40955	20850
6714	12874
5901	34483
35819	700
5509	20861
5509	24274
5509	15524
5509	19550
22396	26517
22396	33896
22396	38617
46402	5071
46402	38955
46402	10560
46402	25390
46402	29965
46402	35059
46402	37798
46402	5900
46402	22018
46402	13986
46402	44506
46402	32966
46402	10789
46402	47019
46402	11195
4335	5895
4335	5900
42144	16239
13613	18973
9409	38945
9409	5735
20112	48739
20112	47180
20112	81
20112	10432
14369	1197
14369	21101
32396	47173
32396	40354
38609	15915
44095	35037
19731	30636
19731	12347
16682	12100
44096	8975
44096	5906
40573	38406
25816	31790
25816	21117
17087	43351
17087	48889
17087	20294
17087	44708
17087	14551
17087	41194
17087	48583
17087	47414
17087	29098
17453	48241
7846	32634
11738	33116
11738	47576
11738	36416
8602	2750
8602	8592
8602	44096
8602	27282
8602	5906
8602	13242
8602	33579
8602	43350
12885	42890
12885	41183
12885	43928
46811	25373
35070	13556
35070	33914
38986	40933
38986	44099
38986	42733
38986	44760
48748	6676
48748	36798
48748	14538
48748	31792
48748	14186
48748	32973
48748	47413
48748	47833
48748	26443
15923	44853
15923	28602
15923	13792
15923	4552
15923	43163
15923	25256
15923	48975
14746	18778
14746	20690
14746	5000
7847	43542
12106	40354
12106	32250
32400	17837
32400	25404
32400	6494
32400	6498
32400	36805
32400	31779
32400	26370
32400	3728
32400	27892
32400	48212
32400	28641
32400	16526
32400	43560
32400	47833
32400	36854
32400	47834
32400	11204
32400	712
32400	14264
35820	39240
46812	16910
46812	28307
34316	14954
1607	6494
1607	23337
1607	14264
24276	20874
24276	38848
24276	14604
13233	35877
41737	1425
41737	24503
8604	17810
12886	29621
12886	42315
12886	43533
12886	4581
22400	45559
14373	37244
14373	6187
14373	21118
35072	6277
35072	1200
35072	36217
35072	3337
35072	25256
29983	46360
29983	21999
29983	38044
4339	12489
4339	25406
18588	38170
18588	40162
18588	48180
20117	25391
20117	28446
20117	28449
30802	48350
30802	37002
30802	43913
29212	21219
16688	34297
16688	44263
16688	7283
16688	28628
16688	48937
16688	4188
16688	48243
16688	326
16688	12755
16688	49395
24279	45610
23925	46006
23925	48383
14748	12297
14748	1478
7850	8975
7850	3922
7850	2750
7850	37393
7850	24638
7850	5906
7850	40586
7850	43350
38988	26152
38617	26517
38617	33896
10589	33131
10589	840
10589	32402
10589	12515
22403	12874
22403	4349
22403	37962
22403	3298
22403	29070
22403	6169
22403	35306
22403	22656
30803	46795
38991	14536
38991	48910
38169	25004
38169	3141
38169	3762
38169	43936
38169	39613
33920	13429
48362	40117
48362	1200
48362	45418
48362	43913
26188	33888
37803	13792
37803	16527
47184	43326
38170	9370
38170	26556
38170	40354
38170	43163
8999	12508
10590	12358
47185	13952
26191	16657
26191	2744
26191	39188
26191	16110
7096	15141
44496	5148
44496	31791
32406	25250
2361	44853
2361	3474
2361	15923
2361	4552
2361	44716
2361	25256
35075	46757
35075	25803
35075	31799
35075	1809
1216	47441
18983	6722
18983	10432
1217	21809
25028	29189
25028	23945
25028	43514
25028	2962
25028	8419
25028	14196
25028	21496
25028	14228
3496	3481
3496	1974
3496	15771
3496	48979
21251	18235
28065	4325
33575	4560
33575	45413
39771	17299
16692	7816
16692	45075
45244	40557
12508	29847
12508	21511
45621	19518
45621	10362
45621	26356
45621	14538
45621	48202
45621	14186
45621	21475
45621	34154
45621	13078
45621	1075
45621	40426
45621	47038
45621	13470
45621	26812
4341	18980
4341	46635
5515	28634
35422	17074
37805	1584
37805	13591
37805	6511
37805	21115
37805	23778
13986	10560
13986	25390
17850	30383
17850	35063
17850	5900
17850	22018
17850	20122
32409	27495
10185	44505
10185	14188
21252	20061
21252	42379
20516	29981
33923	45468
28825	33000
23149	17433
42151	10938
42151	31564
42151	22407
42151	32096
42151	42756
42151	2187
42151	18841
7097	42082
7097	2772
18985	10181
18985	474
18985	35598
18985	16554
13989	22722
13989	48331
13989	15709
13989	3714
13989	1032
13989	11558
13989	36443
13989	41582
854	42502
854	28449
42152	30778
18594	7407
18594	1166
18594	7042
18594	28428
18594	10158
18594	44476
18594	23900
18594	31181
18594	22007
18594	9404
18594	39768
18594	47802
18594	10789
18594	1446
18594	3762
18594	32250
18594	9242
18594	23005
25031	46360
25031	34915
25031	38044
26933	34274
26933	14364
26933	40773
44877	34941
15929	38603
15929	25659
14756	17792
1220	2991
24283	13221
24283	12881
24283	10959
24283	20122
24283	11195
23529	6532
40164	24464
40164	14983
41369	49075
18986	44119
35828	14696
35828	13585
35828	43
35828	3783
35828	5000
1969	21218
1969	21609
1969	40600
6726	31145
6726	30766
6726	13582
6726	11727
6726	46407
6726	43733
6726	41575
6726	16541
6726	19972
32778	7442
32778	7455
32778	22018
32778	38618
32778	15534
32778	20122
32778	16702
32778	30994
4345	23902
4345	37797
4345	4343
4345	6310
5516	40163
15167	9346
15167	25763
15167	8177
15167	1232
15167	21268
15167	5169
11340	31839
77	4155
30807	13594
2772	42082
2772	15108
2772	14734
2772	7097
2772	41544
2772	37199
2772	15734
2772	13067
2772	9220
2772	29055
2772	21893
2772	36486
2772	46672
2772	33437
22779	36854
28826	6718
28826	40580
28826	12895
28826	47204
18225	1908
18225	29165
18225	3429
18225	1584
18225	47159
18225	3121
18225	13591
18225	5507
18225	37805
18225	32596
18225	17646
18225	6924
18225	21115
21257	44054
21257	38955
21257	5123
21257	29965
21257	38603
21257	44506
21257	15759
21257	47019
21257	4596
21257	315
16695	29388
2365	45986
31205	8625
31205	22577
31205	43553
33578	23401
11342	1912
11342	40158
11342	31234
17459	27672
47590	42147
47590	37584
47590	28288
47590	12736
23153	26026
19737	32983
19737	2587
19737	43177
19737	35661
19737	38834
15932	40969
34323	35399
34323	25808
34323	42826
48366	5485
48366	35814
48366	5000
33170	38969
33170	3474
18989	4338
18989	5912
18989	13059
18989	43163
18989	33406
47193	8561
47193	40779
15170	13582
15170	23900
15170	4217
44880	27654
5519	27641
5519	43925
15171	48740
15171	37188
48000	1790
38182	20493
38182	851
38182	8392
38182	40773
2366	13423
2366	22253
2366	43573
2366	37678
2366	44764
473	37765
473	26911
15933	47571
15933	31562
15933	12291
1974	3481
1974	34909
1974	15771
1974	48979
2367	40117
2367	27275
2367	6710
2367	22587
2367	41955
12517	38604
12517	8595
12517	14157
12517	45097
12517	30659
12517	40440
24655	40354
24655	24859
35431	41211
35431	48242
5913	45961
5913	18208
5913	47986
5913	2364
5913	30399
5913	8407
5913	11156
5913	17286
5913	38437
5913	35312
42944	18799
20884	7798
20884	40117
20884	3498
20884	7860
20884	41955
22025	8176
22025	5104
22025	29965
22025	37798
22025	44506
22025	8770
13993	39775
19386	43334
33926	34663
33926	7846
33926	2368
13626	16264
13626	25598
13626	34486
13626	10789
46006	48383
46006	30200
46006	11634
24289	23547
24289	39020
24289	36090
20124	41691
20124	1491
17098	17429
2368	34663
2368	7846
2368	19557
2368	32634
25043	40354
25043	35263
25043	18047
25043	45427
47594	35664
26561	22572
26561	23337
42947	1934
85	13582
85	47172
85	851
85	10959
85	18987
85	40815
85	24895
44108	27525
39000	18399
34688	41690
22411	47166
22411	43163
22411	29838
22411	48975
24656	42111
24656	42507
24656	2560
24656	44342
4760	5146
17461	0
17461	26737
33928	2949
33928	11997
48004	4962
48004	696
22027	29978
45250	36168
45250	25815
45250	42325
45250	42795
15539	27550
19741	29188
20125	34480
20125	31388
20125	27107
20125	5717
20125	4154
20125	48249
27293	47019
23936	40111
23936	24607
23936	34274
23936	2768
23936	5147
23936	37203
23936	28264
23936	30179
23936	34526
32780	23353
7102	13596
7102	20101
7102	14774
7102	11917
7102	41938
7102	32969
7102	34143
7102	22604
7102	13455
7102	13854
13627	28061
86	18531
86	24643
86	473
42524	23535
42524	34967
13628	2712
13628	30149
13628	13791
13628	48920
13628	1076
13628	13484
42158	15144
42158	11737
42158	23331
42158	31388
42158	25225
42158	27900
42158	49366
42158	45463
41751	13586
41751	29973
41751	30227
21262	31165
21262	1491
858	20852
32781	28628
32781	26429
32781	49395
40169	18025
40169	24088
38187	25390
38187	13221
28828	12907
40971	41742
22413	26881
22413	20759
4354	42327
30810	40136
30810	5131
30810	29977
30810	33579
30810	16149
36225	1970
2779	25047
42527	34316
42527	1613
42527	14954
21263	18573
21263	8029
21263	44704
21263	27125
19388	12689
19388	1104
5916	8219
5916	42147
5916	47590
5916	37584
5154	13931
5154	8975
5154	2750
5154	37393
5154	24638
5154	1959
5154	8592
5154	44096
5154	8602
5154	27282
5154	7850
5154	5906
5154	13242
5154	40586
5154	43350
5154	1981
5154	21897
32782	43669
32782	45086
32782	33416
32782	23009
3947	24620
35432	45204
7485	8
7485	28786
7485	29965
7485	25811
7485	22029
7485	1425
7485	38827
7485	8815
7485	24503
7485	2218
15540	40764
87	38163
87	15552
87	29374
87	20312
87	16527
38623	1200
38623	7471
38623	44106
38623	42960
46007	36829
46007	33802
29220	1593
15542	46415
15542	27311
15542	8798
15542	43918
15542	38838
15542	26438
22415	40914
5917	17832
29221	24085
29221	7687
29221	26429
29221	37266
16706	9194
23532	34290
23532	43349
23532	9572
23532	43134
23532	29055
23532	10431
23532	3808
40591	4962
10969	20294
10969	2553
10969	40377
10969	34153
10969	12351
45251	45615
40171	36950
40171	21622
48005	40010
48005	48964
48005	25281
48005	33030
6319	37777
6319	23717
24658	40927
24658	41698
24658	13792
24658	48183
8233	35084
44507	32245
31572	34673
31572	28062
31572	19925
1614	26193
28072	3947
28072	20686
4762	20074
4762	31538
4762	26922
4762	38389
4762	41960
4762	12306
4762	40020
42948	28799
42948	1203
42948	23135
42948	37402
42948	13792
10597	43294
10597	48336
16301	19239
20886	16671
35084	8233
16302	33151
9006	23904
23156	40594
23156	48172
23156	18778
23156	20690
23156	35658
23156	5000
33929	47784
33929	24465
33929	45441
33929	23383
7857	5151
33930	24984
33930	7831
33930	28805
33930	40344
33930	11914
33930	4552
33930	11164
33930	45421
33930	24857
33930	20328
33930	31439
18605	19383
46415	10371
46415	8798
46415	43918
46415	38838
46415	27153
46415	26438
10598	1603
41375	7482
46825	13943
5920	35661
38625	15534
38625	20122
38625	10789
40173	17649
40173	26780
34327	22360
29994	25795
29994	10988
10970	11686
10970	45944
10970	41698
10970	45142
32783	14996
27295	44042
27295	44098
27295	27686
27295	47817
27295	22269
27295	12346
27295	33815
14760	29388
38626	3219
45252	48934
29222	23743
29222	22639
29222	48964
21648	24154
36226	44295
40174	14931
38627	45592
38627	14746
38627	18778
38627	5000
26562	21481
26562	9636
26562	41591
21649	2958
25047	12331
14761	25018
14761	5695
33932	5464
33932	26006
17857	7461
33933	8170
33933	5104
33933	3474
33933	36031
33933	4596
33933	33406
38189	32379
38189	20500
38189	1956
38189	18594
38189	80
38189	34699
38189	40354
38189	43163
38189	4596
38189	27158
38189	43586
29223	10789
23534	46796
23534	47858
23534	1488
7103	28764
7103	18542
7103	25349
12111	35412
12111	38162
3156	1572
3156	30396
25417	23092
25417	35076
25417	20341
25417	24145
19389	4182
18996	32008
17462	48699
26563	35800
7105	22930
7105	40010
7105	48964
34329	8945
34329	2191
34330	25823
34330	42743
34330	21041
34330	48192
34330	29038
34330	9998
34330	9256
41755	32749
41755	32625
41755	10016
41755	26793
20129	31520
20129	15870
20129	31995
20129	43502
39388	5118
39388	29576
39388	17443
39388	45836
39388	14221
25418	18211
25418	20337
25418	48975
25418	37674
48008	15339
26564	22242
26564	21878
26564	23013
46416	17818
46416	32753
46416	30984
46416	42775
46416	43569
9423	41165
9423	27887
9423	6548
9423	48219
26565	5771
26565	42405
35433	15905
18607	29960
18607	663
26938	45567
26938	16280
26938	26193
10195	13792
42530	48968
48371	40941
48371	37399
48371	18610
12521	36411
12521	44697
12521	41571
12521	48975
17858	7848
27296	33929
27296	7862
27296	24465
3158	10203
3158	2940
3158	40381
3158	43537
3158	48962
28074	15870
25419	27095
33176	10773
33176	49338
5922	10563
44887	9370
44887	25803
44887	8986
44887	5442
42532	32364
43736	11716
12900	699
12900	27167
9424	4716
35085	25017
35085	29789
35085	3708
35085	18778
35085	10420
5523	37774
5523	39628
39004	6708
39004	38171
39004	6941
39004	3011
35086	20074
35086	31538
35086	26922
35086	4762
35086	38389
35086	41960
35086	12306
10973	469
10973	19383
48010	12331
34691	12485
7859	43314
7859	35084
30405	13223
9425	48346
9425	10577
9425	39767
9425	38475
14383	43727
14383	8815
14383	24503
27297	19551
27297	23373
46828	40354
46828	37972
4765	2329
40175	28764
40175	18542
40175	34341
40175	8108
8235	39726
8235	40745
8235	24462
8235	33393
8235	38020
33585	5139
33585	32021
16707	34299
46008	49098
46008	4736
46008	46
46008	10585
38190	38988
38190	2783
21266	19879
21266	33772
9009	36561
9009	26346
9009	40776
9009	34153
9009	48931
9009	36455
9009	35682
9009	43970
9009	32658
6736	38956
6736	34864
6736	32604
1229	38105
1229	48005
1229	12923
1229	2861
1229	8783
1229	44697
1229	4144
1229	40777
1229	38004
1229	5779
12113	18096
5525	37345
7860	7798
7860	40117
7860	4320
7860	3498
7860	20884
7860	41955
7860	4214
31211	42502
31211	2345
23536	25232
44111	27662
44111	23328
44111	20377
30812	24817
30812	11931
30812	43177
46829	35076
46829	20341
47597	8189
23159	39800
23159	42754
3159	48335
40975	23928
40975	34695
40975	30818
13998	18043
40176	6494
40176	4541
40176	36798
40176	36805
40176	6903
40176	48202
40176	681
40176	26769
40176	47833
40176	47834
40176	48261
40176	32277
26567	18024
28076	45424
32420	19879
32420	19244
12522	9346
12522	25763
12522	1232
12522	21268
8236	48728
9010	10371
9010	3024
36614	12487
36614	13984
5923	755
5924	2759
5924	23924
5924	13793
32021	25754
32021	40536
32021	5139
32021	45249
32021	45052
32021	31062
39006	18594
20526	26517
861	31775
861	33797
18609	20294
18609	22229
18609	12351
18609	35682
18609	2220
48372	19731
48372	30636
25422	48350
25422	37002
25422	30802
25422	36417
25422	43913
49135	2575
49135	30243
47598	2356
47598	20669
47598	10010
47598	44336
47598	39263
15547	1814
36616	20537
36616	35877
36616	30156
36616	2553
36616	40377
36616	34153
36616	30203
36616	13126
25423	25763
25423	1232
25423	21268
38192	25665
26569	28852
26569	22586
26569	1041
31213	20758
33177	41211
33177	46650
33177	19588
33177	38483
11347	32076
3507	6498
3507	34513
3507	47413
3507	14264
27695	16258
27695	21615
40595	18189
16708	31526
32421	301
31215	43340
31215	28240
31215	26740
31215	6112
31215	1082
5156	23077
5156	14358
5156	5126
5156	39397
29619	10123
2783	26152
2783	38988
39007	25229
39007	13090
11348	1572
10198	19391
10198	49136
10198	660
10198	30156
10198	23719
10198	40377
10198	34153
10198	34957
10198	12351
17464	40937
17464	24315
27696	40764
14385	31949
14385	1468
13999	34153
20889	44736
28460	44046
28460	16648
28460	2768
28460	40354
28460	31799
28460	43163
28460	1809
28460	46651
28460	9641
1232	9346
1232	41313
1232	36576
1232	21268
32022	28262
32022	319
32022	1481
32022	14243
8237	13557
8237	48714
8237	47154
8237	44369
17465	10577
17465	39767
40178	8185
40178	14157
9427	18035
39785	10780
31576	39609
14764	28433
14764	20896
6738	936
6738	47394
6738	36066
4360	14748
4360	12297
20130	45942
20130	7705
20130	19612
39008	17646
39008	26438
10603	48714
10603	11559
10603	34500
10603	44369
20890	31194
20890	5000
25049	32715
25049	12483
25049	26379
25049	23014
38629	24240
38629	33914
38629	28062
38629	20117
38629	28446
38629	13632
38629	32035
14000	15158
14000	9223
3508	3130
3508	17649
3508	676
3508	27130
28829	2310
28829	43334
14766	20101
32023	24874
15937	48752
34694	24895
35839	48708
12114	45596
12114	13595
12114	36202
12114	24895
11351	35076
11351	308
7862	38924
7862	33929
7862	27296
13629	43671
13629	10798
36618	17465
32024	10035
32024	21894
25050	27239
26940	37181
26940	48889
26940	20294
26940	13040
26940	48179
26940	14551
26940	41194
26940	48583
26940	47414
26940	34957
26940	29098
26940	723
26940	13118
26940	27561
39009	28073
34695	23928
37419	18928
37419	13939
37419	16674
37419	16709
37419	31799
37419	24477
37419	46651
37419	9641
18611	41695
18611	11906
18611	11925
18611	33367
18611	47025
18611	13105
19391	35877
19391	13040
19391	10361
19391	40377
25424	4920
25424	30205
25424	27921
5929	42120
7863	20823
7863	33342
7863	2965
7863	30625
40180	29942
40180	40555
40180	41927
40180	39229
36232	15150
863	31165
863	44479
863	20124
863	30146
863	32992
863	2195
863	44366
863	1491
31577	14556
32784	23529
32784	29228
7864	41311
7864	45953
7864	658
7864	19524
7864	30988
7864	22586
7864	35267
7864	27921
7864	9259
7864	26048
7864	5391
40979	8544
3951	42531
3162	24845
3162	6919
3162	45854
3162	3353
10199	9982
37021	27
37021	25604
37021	27890
37021	34510
37021	20740
48014	23114
48014	25372
48014	13437
48014	2619
7865	9392
7865	13848
39010	20823
39010	33342
39010	2965
39010	30625
29620	29588
29620	22587
29620	42747
29620	30198
10200	45075
10200	13482
48015	11918
48015	45079
48016	23924
26941	3143
26941	37625
46010	48714
27698	31947
27698	49316
36233	48354
32423	40354
5157	33167
45628	43702
45628	48347
45628	48964
8240	24462
8240	14202
8240	47818
8240	15766
8240	48624
37022	19518
37022	41561
37022	20727
3509	7274
24661	29172
24661	39587
24661	14264
35840	32753
35840	13432
35840	14584
35840	37662
17864	22021
33178	9400
33178	24465
37814	8
37814	28786
37814	16535
37814	2218
36234	16110
39011	4722
39011	32463
39011	1805
39011	36065
39011	24911
4361	6295
4361	18987
4361	37642
33938	22726
33938	10943
49136	1803
3953	38593
3953	40185
3953	4944
25425	37412
25425	19546
25425	33386
25425	21070
9803	44712
9803	42366
9803	23757
9803	43210
20133	16910
10607	33538
10607	49093
16304	2575
32025	33877
32025	20827
44891	4115
44891	13054
44891	2596
44891	2597
44891	31828
44891	15011
19747	2575
8241	8569
8241	47385
8241	13428
8241	19561
38196	660
38196	30156
38196	38813
38196	49360
38196	10416
38196	17713
4362	3874
4362	39721
4362	20479
4362	45976
4362	18216
10608	8933
10608	36805
10608	46989
10608	3344
47601	2966
14003	7497
14003	12726
14003	15407
35437	12483
35437	7864
35437	658
35437	19524
35437	24462
35437	19918
35437	9259
35437	7733
12903	31523
12903	44056
12903	34968
44113	5771
26571	30743
26572	42723
16305	1203
16305	33561
16305	10184
16305	30994
18612	35076
21655	7274
46419	16648
46419	40354
2784	12483
2784	33344
2784	22208
2784	6523
2784	22615
2784	37237
2784	36471
2784	20359
25427	10371
25427	8483
18613	40524
18613	40764
46011	27467
37023	15883
34334	48550
34334	5772
1233	18840
26199	34256
26199	30334
14386	14689
14386	13432
14386	19572
40596	11689
40596	17718
45256	43351
45256	37181
45256	20294
45256	14551
45256	48583
45256	30203
45256	29098
45256	13118
45256	43210
15549	14747
15549	35830
15549	3719
15549	41962
24295	27094
24295	33000
37815	12306
38630	7807
38630	12728
38630	36482
20134	8969
20134	30788
32026	22992
43739	47956
43739	25799
43739	32002
43739	30633
27699	33866
27699	421
27699	22375
27699	45135
18614	22576
18614	28249
18614	11924
18614	24466
2375	40
2375	2010
2375	13432
11756	27663
11756	29579
11756	10946
11756	32402
11756	19550
11756	43541
11756	41971
21268	9346
21268	2304
30818	39958
10202	18402
25051	27269
25428	43710
33587	25391
33587	55
33587	10655
33587	38459
33587	45458
47197	22207
47197	43134
47197	13424
47197	40422
47197	45141
9429	13613
19393	13188
19393	11726
19393	10953
19393	32397
19393	45248
19393	31022
16307	8169
16307	27931
24662	37237
23942	43514
23942	8419
23942	14196
10203	36170
10203	31541
10203	3158
10203	13999
10203	38196
10203	35877
10203	13040
10203	48901
10203	40377
10203	34153
10203	21856
10203	29060
10203	49360
10203	42365
10203	36475
10203	29105
10203	13126
10609	16673
478	39977
478	25274
23943	38969
23943	10192
3512	20874
3512	46407
3512	19972
3512	38848
3512	14604
38197	42952
23945	29189
23945	25028
23945	8419
23945	14196
8617	40566
8617	9190
8617	24859
8617	2596
6745	24601
6745	7816
6745	28414
6745	45119
6745	12347
37026	2338
37026	13432
37026	2575
37026	21102
39013	18799
11757	21058
11757	43163
33588	49355
33588	39230
33588	29847
33588	43957
34699	32379
34699	3474
34699	1956
34699	40344
34699	40354
34699	4552
34699	44716
15179	12850
15179	10227
15179	48241
17103	23116
17103	19522
17103	29079
17103	30648
17103	1835
17103	40838
25054	37662
25054	12362
17104	35059
17104	40998
17104	31371
17104	28306
17104	31439
32426	34896
16309	43163
7108	31951
7108	8959
7108	35398
7108	7326
33589	47413
33589	35317
33589	17729
28835	4914
1619	8561
1619	38166
1619	3148
1619	40969
1619	8077
45257	38172
45257	25964
45257	11566
45257	18047
45257	41573
45257	5378
19749	7407
46831	1222
42160	31979
42160	18841
40181	433
40181	32762
40181	21061
40181	4171
40181	29874
37817	40436
49137	5771
27305	33888
27305	26188
27305	11356
27305	10785
27305	40441
45630	39721
2787	13407
14004	36814
31579	13582
27701	15921
27701	42327
27701	2561
13252	30223
3513	18940
36621	39341
36621	49132
2377	42890
2377	12885
2377	41183
2377	43928
7493	4368
7493	31789
7493	33393
40599	42903
1620	38845
1620	34957
37027	18204
36622	30388
6329	29534
6329	42148
39393	40547
39393	23895
44115	27488
44115	30181
44115	41235
44115	10047
9012	13812
1235	46401
1235	19196
10611	12682
37028	25816
37028	31790
37028	36857
37028	21117
26574	45431
18617	3886
18617	42118
18617	25372
18617	43733
18617	19555
18617	39613
16712	36677
16712	40354
7494	2343
21271	16932
20139	36787
43361	15806
38634	35059
4769	45998
48376	10577
48376	12897
26575	2533
26575	21514
26575	44767
19750	13611
7109	37260
37030	21613
37030	5119
37030	35077
37030	47785
37030	38799
37030	3350
20140	39767
20140	17635
32427	43321
32427	5909
32427	46415
32427	4115
32427	34116
32427	12280
32427	10371
32427	6903
32427	22230
32427	41177
32427	1425
32427	48562
32427	46186
32427	21480
32427	39239
32427	15775
32427	35291
32427	32641
32427	3024
32427	48980
32427	48261
32427	21118
32427	14264
24296	44439
24296	32789
24296	30648
24296	1835
24296	37677
24296	40838
9805	42519
33590	15158
33590	25625
33590	8799
33590	22256
33590	29066
33590	39239
33590	10418
33590	3024
33590	45487
33590	44371
32030	23128
32428	35798
32428	30605
22035	19546
22035	13067
13632	20117
13632	28449
31582	25665
40185	38593
40185	4944
25833	451
25833	35807
25833	28049
10983	30741
10983	25351
10983	10013
10983	5378
39787	47148
14768	15116
14768	5717
14768	4154
14768	27900
14768	33782
14768	43569
14768	10419
6747	40553
6747	42498
6747	1200
6747	11338
33182	44051
33182	28424
33182	33548
33182	19809
33182	26356
33182	1786
33182	17697
33182	5369
33182	3350
33182	43199
33182	26044
35090	35076
35090	20341
35090	24145
5162	5880
5162	21999
5163	4555
5163	27107
12906	38781
37421	10161
37421	8471
12907	37586
12907	48968
26203	22270
1621	36221
46015	42398
16311	15536
8619	36167
20893	3948
20893	45643
20893	6498
20893	19518
20893	39195
20893	14538
20893	48202
47200	19935
25834	15533
25834	41204
25432	23085
25432	30146
15554	31151
15554	43308
26943	26135
26943	25362
26943	13984
26943	38621
26943	6943
26943	35673
37422	17420
37422	21239
28082	12316
34701	15775
26204	10967
8620	47528
8620	3874
8620	12446
8620	39721
8620	20479
8620	45976
8620	18216
8620	35598
39788	31926
39788	34323
39788	42826
32031	27643
32031	18191
32031	9572
32031	45418
32031	11588
32031	22991
36239	20386
5532	42315
5532	9998
5532	9256
40186	10356
40186	23366
40186	13432
40186	19572
40186	48232
11759	27685
17107	38004
38636	39370
38636	13611
34702	18546
34702	46795
34702	36203
34702	6553
31584	47385
3955	42900
3955	7807
3955	38630
3955	8803
3955	6137
3955	28318
3955	36482
3955	22278
47202	14352
47202	22409
47202	22242
28083	17479
33592	17070
33592	38162
11354	8222
46017	17065
22037	13432
48019	11916
48019	44692
17866	45086
29228	23529
29228	15341
29228	31789
29228	21051
29228	35686
32789	25653
32789	29079
32789	30648
32789	37677
29626	43166
29627	13244
29627	19932
29627	24484
29627	9227
29627	6948
29627	6180
29627	12365
40187	21234
26576	39242
24665	38032
29229	6257
29229	33770
30820	26346
30820	30156
30820	33752
30820	19536
30820	25615
30820	33389
30820	25237
30820	45443
30820	40422
40602	39384
17867	19902
11761	14931
43742	42508
23545	17439
23545	20504
23545	18987
23545	45811
23545	31799
23545	46651
10986	18809
41760	30384
41760	18810
45260	4368
45260	22586
45260	2185
45260	22992
45260	36471
45260	23015
35440	43733
35440	30206
13256	8589
13256	44298
13256	25244
48768	23511
14388	15108
14388	3129
14388	27704
14388	34122
14388	37199
14388	15734
14388	33386
14388	21070
14388	16171
14769	35059
14769	6527
14769	21883
22424	49136
29230	33774
9808	38955
9808	44506
9808	44109
9808	32253
9808	24503
17109	13991
19003	28049
19003	5373
12527	9740
25835	47589
25835	7274
25835	25654
21274	28073
10988	47533
10988	25795
12911	3458
12911	46995
47204	10947
4368	32375
4368	32026
4368	30594
4368	1041
4368	21873
4368	22992
22039	25407
22039	38789
33942	47060
17476	30633
17476	47863
14007	39775
17110	15852
37425	7108
37425	7326
40986	5463
40986	34625
40986	2332
40986	37782
40986	18211
40986	13240
40986	33925
40986	32625
28838	9967
28838	38025
39015	37356
39015	42325
39015	36814
39015	20706
39015	34179
20895	12912
24666	48622
38204	4293
47208	2942
47208	23390
47208	46257
12530	9367
12530	37759
12530	21446
26945	40813
487	9427
26581	32751
16312	5114
16312	4544
16312	10770
16312	35664
38637	33138
38637	24851
34339	25790
34339	32628
10211	38389
44119	16651
44119	15026
30824	12280
30824	47019
30824	32253
7112	32004
7112	70
7112	48916
7112	17699
7112	26443
7112	14264
29630	35035
29630	46795
29630	20504
4773	4142
4775	35059
4775	31371
4775	31439
23173	25222
23173	7688
23173	47396
23173	33774
23173	12351
23173	41244
1981	3922
1981	37393
1981	24638
1981	1959
1981	8592
1981	44096
1981	8602
1981	27282
1981	7850
1981	5906
1981	13242
1981	40586
1981	43350
15557	15489
15557	32999
15557	48964
489	3914
9435	31997
25058	33543
46018	14358
46018	25810
46018	4588
46018	40449
20896	28433
20896	6495
47209	20856
47209	15916
12914	30645
12914	22275
32034	25829
32034	37642
11356	27305
5535	1483
19755	46768
19755	17290
19755	18473
25435	45413
30003	11686
13258	29067
3520	26750
3520	17329
3520	38849
26208	41199
29633	23719
20144	30738
20144	1914
20144	16249
20144	16648
34341	25349
32035	20117
15183	25406
15183	22994
35848	28805
35848	24857
35848	11960
40988	17837
40988	41561
40988	22628
32431	40117
32431	13792
32431	41955
45639	4293
45639	46775
45639	38204
20145	25815
20145	45250
20145	29229
20145	3737
20145	33770
39018	6695
39018	22019
39018	28062
39018	1841
16313	44100
42968	14996
31586	2764
43367	24231
43367	36959
43367	9414
14775	28825
14775	33000
28088	28323
44897	31792
44897	28641
44897	3024
44897	21521
35443	21592
35443	49104
3521	43560
44121	5156
18236	12316
27704	3129
27704	14388
27704	37199
27704	33386
27704	21070
33596	27652
33596	33189
41386	21249
41386	34116
41386	19572
41386	19956
41386	31823
41386	48252
41386	9276
41386	49399
47607	35609
12915	14317
12915	44835
12915	8185
12915	35054
12915	11561
13635	11336
13635	16527
49144	18840
5168	36996
5168	36201
5168	42142
5168	7088
5168	2768
5168	12697
42541	28262
42541	14243
41388	15116
41388	33782
41388	38017
47609	44056
46021	42716
46021	24503
46021	30664
36243	44098
36243	22269
40992	42930
25437	3458
4777	32612
19007	38162
11361	5771
44899	34624
17479	28083
17479	15419
35096	33772
7116	47536
8625	31205
16715	40012
6337	5771
37427	37409
37427	46996
26947	13432
18626	34136
24669	33513
5169	5334
19401	38111
19401	48720
19401	40764
19401	19906
24303	46215
24303	32236
20531	19568
34343	40764
46023	28062
46023	8033
46023	41171
40607	18794
31594	4707
31594	41330
31594	283
9437	28604
24670	34672
24670	45800
14781	28423
1247	24817
1247	2587
18238	1569
18238	12320
39397	14358
39397	25803
39397	15148
39397	22211
20902	30741
20902	25351
20902	10013
20902	5378
24305	29545
24305	5682
24305	26351
24305	21065
24305	35294
24305	37662
24305	12362
24305	4214
99	19879
99	34127
99	10827
99	24145
38212	10407
17483	40969
20149	5127
20149	33000
20149	27540
17484	28412
17484	8077
1253	31219
1253	31837
1253	43207
15948	29864
45643	28424
45643	32004
45643	20893
20152	15158
20152	33590
20152	9223
30015	48702
30015	26430
7508	840
7508	22764
7508	14157
7508	41535
48392	43733
24313	12316
7872	44697
7872	4144
7872	40777
7872	38004
7872	48975
15952	23482
15952	34957
23564	14335
20537	30156
20537	40377
4379	21899
49151	48968
10227	48241
30019	42493
30019	36417
32798	28786
32798	22029
32798	36447
32798	24503
32798	2218
32050	45610
28473	13407
28473	8819
12922	28044
6761	33525
6761	15148
6761	23712
6761	44697
6761	20337
44521	12499
44521	33925
44521	18777
44521	32625
44521	22628
44521	29082
41403	37795
41403	36785
14024	32379
14024	15148
14024	16288
14024	40354
14024	11914
14024	45421
14024	21493
14024	36469
11771	30743
11771	47018
5953	2949
5953	34966
5953	11997
16330	6131
7521	46360
7521	5302
7521	34915
30434	45942
30434	7705
30434	19612
25841	2949
25841	11997
24321	37026
17495	21087
2816	42083
505	1603
505	18430
42571	17779
42571	42768
46042	1202
47633	42890
47633	26152
47633	40344
47633	40354
47633	28249
47633	43163
20165	22620
20916	8969
20916	30788
20916	25282
3553	27633
3553	28424
3553	31553
3553	41370
3553	20125
3553	21820
3553	36411
3553	34480
3553	31388
3553	24104
3553	5717
3553	33782
3553	43569
3553	19230
3553	26793
3553	45463
3553	48249
5560	32694
35877	40377
35877	34153
18648	45848
46454	48702
46454	26430
134	20822
16738	15547
16738	47223
16738	18029
16738	1814
35881	11307
48804	10978
48804	13867
15203	36814
11020	18594
41031	17646
41031	26438
25472	7805
25472	12487
25472	30795
25472	41733
25472	26928
25472	16296
25472	10595
25472	32015
25472	46615
25472	41211
25472	38483
25472	39263
25475	35877
30052	17784
30052	20863
30052	6131
49197	42943
25094	12875
25094	49114
25094	18027
25094	40437
25094	23009
16363	55
34374	40442
9482	19518
9482	41561
9482	14204
9482	20727
5208	46796
5208	25981
5208	47858
5208	1488
19061	31538
19061	35086
19061	38389
19061	41960
19061	40020
23232	19746
16773	8988
5587	40957
35508	3328
13695	42502
13695	2345
13695	35264
48088	20101
48088	19175
48088	5377
10690	13054
25902	7733
17186	14608
18716	20458
18716	21025
18716	48558
18716	25268
33297	47867
36352	3957
9187	26193
9187	41597
2523	16288
2523	4552
2523	21493
23326	34259
23326	44346
23326	2220
34469	16262
27087	24661
27087	48166
27087	4115
27087	31828
27087	15788
27087	14250
44263	48937
5296	35650
5296	3353
5296	734
35593	22594
35593	24531
49313	29452
9189	47589
48528	49342
48528	43537
48528	21856
48528	44363
20288	37795
20288	36785
20288	48535
20288	16531
652	19331
652	13209
652	24851
652	33000
39544	20823
39544	49080
33345	43880
33345	34116
33345	17667
33345	13432
33345	19572
33345	19956
37960	12507
37960	37182
37960	9982
37960	24849
37960	21571
4114	21446
39184	14374
39184	8803
39184	6137
39184	40404
39184	39235
39184	19969
39184	38469
38771	34476
38771	18825
35240	18019
35240	5783
7660	40554
7660	5909
7660	22410
7660	38476
26737	0
22205	36187
22205	31190
22205	22393
14928	8201
14928	39230
14928	23757
19880	25993
11908	7807
10765	15921
44265	21190
44265	2611
44265	14264
10766	5865
10766	35812
10766	35264
10766	22275
13399	3902
13399	4339
13399	22994
13399	13480
32180	6498
32180	14538
32180	47789
32180	48202
32180	26784
5686	10135
5686	1777
5686	36813
5686	42375
5686	19592
25964	26552
25964	34875
25964	1816
25964	10013
25965	47778
25965	24462
25965	38446
25965	7733
25965	5391
22930	48964
23699	32602
23699	37273
9192	43305
9192	7089
39186	28818
39186	2768
39186	19519
39186	16124
39186	24480
39186	34526
39186	24507
39186	31439
33347	433
21028	7461
21028	2579
4536	2160
4536	43553
655	5139
655	14740
4917	46799
4917	32402
4917	13475
22573	46412
22573	19896
41158	37005
8033	29970
24445	38997
48534	14374
48534	40404
48534	39235
48534	19969
48534	47452
47364	29621
47364	42315
48172	26402
48172	5000
49319	444
49319	29433
17630	34297
17630	48937
17630	4188
17630	30655
17630	12755
17630	49395
8769	15516
32183	15363
32183	1805
38773	32604
38773	46994
38773	28627
38773	38004
38773	45441
38773	7711
38773	19245
18400	29167
18400	14362
265	37185
37585	32604
37585	29039
31771	29189
44675	7049
41535	840
41535	14157
18022	21038
18022	44302
18022	36847
18022	15417
5308	10200
5308	37596
9569	15718
9569	20340
9569	40034
17269	31963
4540	12060
4540	11558
4540	45418
4540	38849
4540	48264
12273	28690
25970	40917
25970	15335
6094	10575
658	41311
658	14698
658	32011
658	25965
658	24462
658	9259
43886	29965
43886	38603
43886	1425
43886	32966
43886	8815
43886	4186
8772	29957
8772	42732
33351	38826
33351	24882
33351	12329
33351	2602
33351	11967
33351	26815
45053	29540
45053	19332
45053	5123
45053	8584
45053	1198
45053	6314
45053	48003
45053	315
7269	27633
7269	41370
7269	36411
7269	20337
7269	11182
7269	6948
7269	37674
19522	17103
19522	30648
19522	1835
19522	40838
4544	33504
4544	15158
4544	10770
4544	21469
4544	9223
4544	35664
4544	10418
27864	35240
27091	26134
27091	48720
27091	25383
27091	5896
27091	40764
27091	34914
11549	8952
11549	23900
11549	32250
11549	699
11549	31439
29015	23
29370	45986
22932	49057
6501	26517
6501	22396
6501	38617
6501	11146
6501	32259
5690	4742
5690	23769
5690	34960
25972	8185
660	35877
8400	35259
8400	34189
21822	3024
22579	29166
22579	14747
3712	40572
3712	8431
9197	46795
11139	70
11139	43157
11139	23745
11139	22628
11139	45447
11139	36080
11139	31078
4922	39617
3296	12479
10361	35877
11914	28805
41165	48219
19526	35658
19526	2988
19526	5000
19526	2627
2949	2353
2949	11997
47370	4560
47370	5718
47370	34521
5310	37625
7274	47589
29798	37394
23704	13558
14172	9248
43508	7831
42735	24462
42735	21051
42735	32635
17637	1588
32189	17832
32189	33342
32189	31766
32189	36012
32189	2965
32189	43151
32189	34153
32189	30625
32189	36455
32189	36087
32189	46260
44681	18577
38385	45953
10775	48622
8039	32602
8039	12705
8039	12721
8039	33786
8039	29070
8039	31832
8039	21893
8039	47054
8039	22656
8039	37273
41167	8185
11555	9400
11555	4674
9967	23866
9967	17467
9198	9284
35249	24135
18027	12875
18027	49114
18027	23009
25976	36798
25976	40770
25976	47833
25976	33405
25976	10418
25976	47834
25976	48261
25976	26443
25976	32277
25976	14264
25976	26861
35605	35593
35605	48256
19891	7038
19891	22375
19891	14358
19891	42513
16097	0
24089	29577
24089	34683
29376	30659
29376	40440
29376	8471
13407	42464
42321	49093
42321	12363
22934	25803
22934	17439
22934	45811
22934	31799
22934	1809
22934	1466
25977	18211
25977	22395
25977	33357
25977	20337
25977	23408
25977	48975
25604	27
25604	10371
25604	27890
25604	9223
25604	22256
25604	39239
25604	35291
25604	32641
25604	20740
25604	3024
25604	45487
19533	21029
19533	30153
19533	35659
22220	32385
22220	35812
23708	5749
36022	42148
48543	42516
48543	14561
41543	29554
41543	27265
41543	46800
15716	4163
15716	13075
8408	14954
8408	18430
24453	20289
24453	13812
24453	18049
37972	36016
29381	11906
29381	11925
29381	33367
29381	45411
29381	47025
29381	13105
44285	18061
44285	8108
11556	10222
6511	17801
6511	13591
6511	22015
6511	34116
6511	13425
6511	13432
6511	38437
6511	19572
6511	48232
6511	45473
6511	23778
6511	14609
44684	40957
27873	20493
27873	851
27873	40773
33752	30820
14175	25800
14175	32387
14175	13792
41938	23862
48185	13562
48185	32753
48185	19572
48185	19956
48185	37662
23712	13554
23712	14004
23712	48531
23712	36411
23712	44697
23712	16496
23712	20337
23712	45435
23712	12735
23712	48975
23712	37674
18787	37346
18787	11338
18787	40344
18787	36016
18787	7300
18787	43163
11143	49103
11143	10789
37194	24643
37194	36465
37194	41238
4929	25394
4929	48568
23345	49080
23345	31767
23345	6530
23345	35682
23345	43970
23345	35687
42323	2774
42323	38816
45807	11916
14179	28064
21830	29942
21830	41927
45064	21059
45064	38853
30593	2217
42746	31532
42746	28424
42746	20847
42746	26185
42746	41370
42746	34480
42746	4144
42746	5717
42746	13067
42746	18442
42746	43569
42746	19230
42746	37674
42746	30665
45065	21622
14951	25803
14951	16534
30594	48340
30594	46600
30594	24462
30594	34504
30594	47818
30594	3761
3722	45076
3722	38469
7283	48937
6099	30156
6099	10775
6099	20673
6099	44695
6099	2206
27097	33147
27097	30611
27097	30185
27097	40012
27097	8095
4555	16273
4555	11558
4555	27107
4555	24104
4555	5717
4555	33782
31779	36805
31779	27892
31779	48212
31779	11579
31779	47833
31779	47834
31779	11204
44688	40116
44688	24831
5701	14362
5701	680
8782	45610
29029	4181
43897	49079
42327	12454
42327	4564
42327	14995
42327	8824
44288	10789
25212	43569
25212	45463
25212	21112
39969	6896
39198	42890
39198	23712
39198	8441
11144	35303
29032	42517
29032	4558
29032	4586
29032	33793
29032	17320
29032	13093
29032	35668
8043	18430
8043	12705
8043	7687
8043	24859
8043	18081
8043	24906
18415	18598
18415	48241
26369	11174
34482	1790
32596	29165
32596	12479
32596	5507
19896	26881
19896	13582
19896	20493
19896	46412
27877	37188
10778	28697
45411	11925
45411	33367
45411	13105
8045	59
8045	10394
47788	11716
47788	37587
6515	18594
4936	25373
4936	45238
37199	14388
37199	29806
37199	21070
4937	20823
4937	17832
4937	33342
4937	2965
4937	30625
4937	7711
4937	36087
32599	44051
32599	12482
32599	7458
32599	19809
32599	1786
32599	36421
32599	41582
32599	5369
30599	47382
32959	19524
32959	29102
29806	16484
29806	31789
29806	19546
29806	26396
29806	32629
29806	3773
29806	29079
39569	35259
39569	1449
39569	22986
10374	18840
44294	26903
44294	21635
44294	18400
44294	36884
8046	14374
8046	40404
24834	18199
29388	9414
29388	21873
19539	48964
4940	37005
27103	36221
1423	39197
29807	47589
19540	15489
19540	48005
19540	15557
19540	22930
19540	40010
19540	32999
19540	48964
27491	14931
27491	33406
27491	31439
23716	9761
23716	23345
23716	10816
32600	38853
20681	27635
20681	25349
20681	41603
46175	11559
46175	31820
275	42474
15352	45610
30169	15394
46603	32362
7682	23160
13054	5717
13054	2597
15725	13554
15725	5885
15725	22777
15725	39015
15725	42325
15725	36814
15725	20706
43524	25434
37981	2948
37981	32589
37981	24126
37981	10029
37981	9633
37981	13470
2151	42145
22940	12440
22940	18543
22940	6675
22940	23879
22940	2326
44700	3344
28258	44454
28258	29965
28258	44506
28258	12280
28258	10789
28258	25256
34884	46768
8418	34115
8418	29808
8418	12296
8418	11206
8418	12750
12292	8815
12292	4186
12292	15422
18790	11914
18790	15719
18790	19554
18790	37674
36813	33351
36813	49381
32602	29552
32602	11719
32602	31550
32602	37962
32602	23699
32602	48908
32602	42768
32602	290
32602	16143
32602	29070
32602	31832
32602	6948
32602	35306
32602	42817
32602	37684
32602	22656
26373	19719
26373	6148
22591	28813
22591	38406
22591	7716
41177	43351
41177	4115
41177	7684
41177	44346
41177	12352
19902	33175
19902	17867
6524	30345
6524	49098
6524	43712
6524	19552
6524	13114
45819	26552
45819	10581
45819	35134
45819	12342
45819	11623
2553	35877
43904	1486
24461	46415
24461	4544
24461	2948
24461	37981
24461	8798
24461	43918
24461	38838
24461	10029
24461	9633
24461	26438
24461	27559
27493	22930
27493	40354
27493	24466
27493	43163
27493	23743
27493	48964
13057	13067
41948	38973
41948	37795
41948	36785
41948	48535
36814	13554
36814	22777
36814	39397
36814	42325
36814	20706
48195	2730
12698	13554
12698	17439
12698	18987
38401	3902
38401	22994
38401	13480
26758	31935
26758	15496
26758	9188
26758	38386
26758	36414
26758	48558
26758	20691
26758	22954
26758	25630
26758	8435
26758	19588
26758	5763
49337	2305
49337	29586
49337	39386
49337	12314
49337	18060
49337	33775
24838	1588
24838	17637
24838	33809
49338	29416
49338	755
21839	23921
21839	32011
21839	29862
674	2619
1041	12483
1041	1424
1041	24462
1041	36036
1041	13083
1041	36471
4944	38593
8421	22952
45071	39026
27107	28393
47796	40346
47796	36476
47796	48979
1427	2965
1427	21064
9981	8176
9981	37003
9981	44506
36421	12482
36421	19809
36421	1786
36421	280
36421	47396
36421	44324
36421	5369
9596	41747
42334	43163
11931	43177
11931	35661
8052	9242
44302	36847
44302	15417
18037	28805
40377	35877
24842	15898
22594	16370
22594	35593
22594	42320
22594	38392
22594	41999
22594	40432
22594	17713
23355	18587
47798	4339
19909	45806
19909	35255
19909	18430
19909	49355
19909	39230
19909	22628
45416	35825
45416	36404
45416	48549
32210	42890
43532	35605
43532	22594
11158	19253
16894	3801
25993	40594
25993	19880
25993	29811
25993	5000
25993	5790
43533	9248
38404	12487
38404	45990
38404	11142
22238	12474
22238	7723
22238	35690
46184	1917
46184	8185
46184	31991
20314	14747
20314	33390
20314	6188
1044	4115
1044	13040
49343	43733
49343	33373
49343	30206
49343	35320
45076	48935
45076	14569
45076	8448
45076	15420
33376	2530
33376	6161
43910	29960
48203	34290
48203	17086
48203	43349
48203	9572
48203	43134
48203	18045
48203	13067
48203	29055
48203	10431
48203	31846
48203	3808
41953	28698
37989	30181
14185	36965
14185	37649
37206	4707
37206	36798
37206	4551
37206	36805
37206	15741
37206	47833
37206	26443
37206	14264
16508	29957
16508	8772
16508	42732
3737	38955
3737	44506
3737	10789
3737	33770
8790	21454
8790	47787
8790	16526
8790	3763
8790	36854
8790	41586
19188	1917
19188	31991
19188	15171
19188	18398
19188	16873
19188	37188
19188	36854
19189	46607
19189	24148
5325	27635
5325	25349
5325	41603
4947	18035
4947	31045
4947	49374
4947	38849
6529	17267
28627	38773
32971	7716
24845	22744
24845	15921
24845	20880
24845	2181
24845	14995
24845	47045
24104	15116
24104	31388
24104	5717
24104	27900
24104	19569
24104	33782
24104	10419
24104	45463
283	4707
283	41330
283	36798
283	31775
283	36805
283	40770
283	22947
283	47833
283	47834
5713	18096
48915	3867
48915	38973
48915	13403
48915	6106
48915	44734
48915	38483
13808	32751
13808	21234
10784	37185
10784	48264
30176	44311
30176	18085
30176	10432
20317	45573
20317	43185
42766	11585
39579	8185
39579	29402
39579	29406
3738	24998
3738	39233
3738	19229
3738	41586
25999	10959
25999	38618
14187	24830
14187	4567
14187	43163
14187	36453
6532	40403
38410	14374
38410	48562
38410	39235
38410	19969
46189	43530
22595	27633
22595	39328
22595	41370
22595	15701
22595	36411
22595	11558
22595	4144
22595	40777
22595	47396
22595	43569
22595	19230
22595	48975
22595	37674
11164	28805
2160	43553
19548	42332
39581	29949
39581	15852
19549	14928
43911	3295
43911	25595
43911	39979
43911	41227
10386	13995
10386	13408
10386	10024
34894	24817
34894	7302
34894	32983
34894	38834
10785	33888
10785	40441
30609	41584
37993	33797
37993	36102
44311	30176
44311	18085
44311	10432
45421	24984
45421	32379
45421	38964
45421	7831
45421	11914
45421	4552
45421	24857
45421	20328
45421	36469
45421	31439
27119	19887
27119	31038
30611	33147
30611	682
30611	30185
30611	41208
30611	40012
30611	25665
30611	8095
32614	22017
38415	22275
48208	43588
21057	36798
21057	4551
21057	47833
45830	25373
45830	13582
45830	20493
45830	1203
45830	30994
45830	9598
36438	1203
47393	17077
47393	30394
45423	12721
13066	41691
13066	1188
13066	44479
13066	6126
13066	1491
22242	39196
22242	23013
39213	30223
8058	10949
8058	25403
33767	36491
6126	41691
6126	44479
6126	1491
6919	15921
6919	30193
6919	37263
29819	14933
29819	19253
6541	46257
44317	4551
44317	47833
43160	32584
43160	31775
43160	22947
43160	13432
43160	33797
43160	20740
43160	49399
4154	28393
16898	8799
16898	32641
16898	3024
16898	44371
4957	39812
4957	14158
4957	18047
4957	41573
4957	5378
12306	31538
5723	43335
5723	38604
5723	31821
5723	24145
38802	18419
38802	36467
26006	15116
26006	26549
26006	46388
26006	28452
26006	21820
26006	11558
26006	34480
26006	31388
26006	24463
26006	27107
26006	5717
26006	4154
26006	19569
26006	33782
26006	38833
26006	26793
26006	48249
8062	41358
47000	29970
47000	9427
48568	25394
48568	3941
48568	40001
39989	46421
39989	18778
39989	24816
39989	15789
39989	3798
13818	12479
34909	3481
21059	45064
25227	37005
22966	12832
22966	8173
22966	20823
22966	47954
22966	42144
22966	34477
22966	8413
22966	8782
22966	18789
22966	19546
22966	13067
22966	2569
22966	34153
22966	36054
22966	38433
22966	41588
22966	42814
22966	36087
18051	26927
18051	14157
18051	18423
24477	13939
24477	16709
24477	29036
24477	31799
24477	1809
24477	2990
24477	46651
24477	9641
28634	36549
28634	2707
28634	5515
28634	21473
28634	17696
28634	1466
33770	29965
33770	10789
23738	19694
23738	5336
30184	47140
1803	35877
13819	14747
13819	6494
13819	45048
13819	36798
13819	42747
13819	47834
13819	38470
13819	45862
13819	14264
683	25404
683	47594
683	10372
683	5711
683	41562
683	43917
683	24116
683	16526
683	36854
683	41586
683	712
683	26861
45836	5118
45836	29576
45836	17443
45836	14221
17295	29965
17295	5909
36443	41703
36443	15701
36443	3714
36443	11558
36443	45067
36443	18037
36443	47396
36443	9260
36443	48252
36443	48975
36443	37674
36443	21906
20328	40344
20328	11914
20328	4552
20328	11164
30185	40012
30185	8095
24480	19519
24480	31439
24480	28689
10395	21845
10395	8820
10395	29092
10395	43974
20701	1805
14197	44439
14197	33522
14197	46583
14197	19522
14197	1037
14197	13067
14197	29055
14197	36044
14197	25653
14197	30648
14197	1835
14197	40838
26769	24286
26769	6494
26769	11133
26769	38375
26769	4541
26769	46988
26769	39208
26769	18046
26769	681
26769	15741
26769	43560
26769	47833
26769	47834
26769	5390
26769	48261
26769	26443
26769	14264
1446	7407
1446	3474
1446	46795
1446	5132
1446	23516
1446	3933
1446	13230
1446	80
1446	19565
1446	4596
1446	36476
1446	5442
21061	433
21061	32762
21061	9000
21061	25981
21061	29874
294	2940
294	40381
294	48962
39587	27087
39587	41177
39587	1044
14973	40359
14973	3350
14973	43199
14973	26044
14973	27171
33385	17842
33385	15952
33385	48889
33385	13040
33385	34153
33385	46205
33385	41588
33385	34957
33385	41244
14975	27107
14975	43569
36040	26346
36040	44695
36040	22616
36040	15382
36040	2206
8067	30396
27511	43191
27902	23490
18810	30384
34153	35877
16129	41691
35637	18841
22607	3474
12718	37365
12718	2947
12718	27092
12718	41540
12718	19175
12718	31836
4164	29965
4164	44506
4164	10789
20707	38945
20707	14347
20707	48935
20707	44368
46205	42100
3320	20296
3320	45414
1450	35664
1450	33405
1450	10418
26392	29584
26392	476
27128	28805
27128	5777
19200	37365
19200	16261
686	9712
13075	15716
13075	4163
36042	38470
11941	5846
2573	44708
2573	40040
4965	17089
4965	11924
44327	5475
23743	19539
23743	24466
23743	22639
23743	48964
29827	29552
29827	31550
29827	33578
29827	37962
29827	23699
29827	42768
29827	16143
29827	29070
29827	35306
687	47568
11581	43351
11581	41177
11581	7684
11581	16512
11581	18442
11581	44346
11581	1090
11581	12352
31402	24629
31402	27870
14980	13403
14980	33792
14980	26791
14980	41218
19937	5909
19937	42716
19937	4115
19937	6564
19937	24503
45430	30149
39221	29203
39221	33366
13437	23114
13437	34296
13437	674
18059	30800
28640	41327
28640	7820
28640	13213
28640	34477
28640	24090
28640	8413
28640	8782
28640	45067
28640	280
28640	18037
28640	9992
28640	22966
28640	9219
28640	40403
28640	1828
28640	31832
48219	19545
48219	29822
48579	15150
48579	43144
16132	40131
16132	40594
16132	19880
16132	29811
16132	5000
16132	5790
34156	5751
33388	422
36046	27273
38813	38196
38813	47783
26774	13951
26774	25017
26774	46224
4969	7816
4969	45075
1816	14720
1816	26552
1816	16496
1816	43164
1816	10013
28285	15915
34920	9777
6137	38469
41567	35877
34515	22737
34515	3474
34515	13059
34515	43163
25233	46589
25233	32999
25233	48964
20338	36073
36050	29591
36050	29377
34517	30984
34517	6511
34517	13432
34517	5735
34517	48252
34517	21906
45092	11314
38817	8969
20339	12474
31025	27520
1817	13176
1817	36804
1817	30994
1817	34516
41202	1603
9613	46600
9613	24462
9613	29818
9613	47818
9613	41573
9613	709
9613	40842
10799	21087
36054	22966
14203	16640
9225	32655
35649	8172
35649	34699
35649	44716
35649	3783
21070	15108
21070	3129
21070	19546
21070	33386
47817	44042
47817	44098
47817	27686
47817	22269
47817	12346
8070	45610
45093	41982
16914	46243
7703	29976
32232	10946
32232	42372
34521	16535
34521	21098
34158	7063
34158	36417
1819	7049
1819	17832
1819	11915
1819	16153
1819	41588
27517	46795
40397	36989
40397	26367
40397	33755
40397	21858
40397	4586
40397	46654
40397	15011
40397	3350
40397	43199
40397	26044
49360	20294
49360	38392
49360	30203
49360	26795
49360	17713
33777	40765
38430	24909
43922	32365
43922	41544
43922	36486
12317	25290
36840	34259
1066	47535
1066	14535
48937	34297
48937	12755
48937	48624
16529	38955
16529	29965
19568	6247
19568	43502
9229	1491
45437	8935
45437	36442
45437	48964
7307	35877
43558	45424
7705	45942
9230	46368
9230	32589
9230	36805
9230	283
9230	27892
9230	48212
9230	41562
9230	47833
9230	47834
9230	10029
37223	5909
37223	4115
37223	12280
37223	6903
37223	17295
37223	4587
37223	22987
37223	48261
10803	47588
10803	43727
10803	13411
10803	8043
10803	7687
10803	46186
10803	24859
10803	24503
10803	30664
32629	2772
32629	16484
32629	31789
32629	26396
32629	3773
32629	29079
46220	36041
46220	38008
43560	21188
25644	19550
38827	5909
38827	13411
38827	4560
26413	8185
26413	3010
25237	30820
25237	35877
25237	26346
25237	33752
25237	19536
25237	19187
25237	30203
25237	13460
1459	47385
1459	13428
1459	34191
1459	12358
47411	31776
47411	31070
44732	41356
24126	38846
27138	22416
27138	18423
15760	7461
15760	37638
15760	5771
44334	43708
44334	25262
42366	6525
38435	46808
38435	32096
38435	34884
38435	16538
24493	24888
39229	29942
39229	40555
39229	41927
39229	12689
39229	41231
40797	40176
40797	6494
40797	36798
40797	4551
40797	36805
40797	10372
40797	27892
40797	14971
40797	21057
40797	24116
40797	47833
40797	15394
40797	47834
40797	20738
45845	12757
16533	29206
16533	43347
16533	465
16533	2780
16533	35272
14566	49056
14566	3474
18076	14938
18076	43895
18076	10371
18076	32641
18076	3024
32986	32186
32986	25605
32986	13432
43930	34549
27914	18841
22627	16274
22627	27090
22627	2148
22627	43531
22627	21065
22627	11950
22627	44755
39598	24465
39598	40421
39598	22656
39598	37273
47415	46360
47415	21999
47415	23758
47415	38044
16536	38932
16536	30983
16536	724
40403	6532
8447	15116
8447	26185
8447	34480
8447	5717
8447	19569
8447	33782
8447	26793
8447	47854
8447	48249
8447	16175
305	43673
305	42464
30203	35877
30203	49360
13455	23862
27525	48753
40006	40410
35278	2212
35278	21571
6148	19719
20726	34151
3774	10537
3774	39370
3774	7658
3774	43502
3774	41974
10019	43211
46647	32992
46647	20349
46647	5366
41983	46220
10813	43144
40404	48534
9623	11284
9623	8969
9623	39367
13458	48752
48946	39621
21868	37798
21868	14372
21868	11195
39602	25624
14993	7438
14993	2575
22987	5909
22987	13411
22987	37223
22987	4587
22987	48261
8082	33579
12734	5146
12734	15172
12734	41962
45847	13950
45847	44479
45847	8396
45847	13066
45847	6126
45847	16129
45847	47833
45847	2195
45847	34540
45847	44366
35664	47594
6565	21234
28655	10362
28655	26356
28655	32589
28655	14536
28655	10372
28655	48202
28655	34498
28655	9223
28655	45104
28655	37678
28655	27559
28655	17728
44737	27675
22989	26549
31821	5723
31821	24145
45104	19518
45104	10362
45104	26356
45104	14538
45104	48202
45104	14186
45104	32973
45104	21475
45104	34154
45104	13078
45104	24126
45104	1075
45104	40426
45104	47038
45104	13470
45104	26812
45451	24891
43178	30371
48234	8451
43179	36155
43179	32183
43179	31850
43179	24911
12325	20504
12325	5147
12325	37642
12325	5442
47025	11925
47025	13105
44740	37005
44740	44342
31822	46337
1073	1569
1073	12320
1073	5780
8823	42472
8823	2561
19578	40554
19578	13411
32251	2782
32251	5771
16931	33000
17692	4339
17692	25406
17692	47798
17692	22994
31418	38111
31418	31975
31418	11336
31418	5692
38020	37580
38020	40745
38020	21051
38020	37237
40808	22978
43568	47133
43568	16277
43568	43959
2995	3150
2995	25624
43183	38991
43183	14536
43183	13423
40410	12884
40410	45130
16933	13042
16933	14185
39235	48534
33403	38406
33403	33000
36463	32739
29074	12454
29074	15921
29074	4354
29074	42327
25653	44439
25653	30648
25653	1835
25653	37677
25653	40838
9626	33798
1075	10362
1075	21475
1075	21850
1075	24126
1075	45104
1075	35291
1075	40426
1075	16158
1075	47038
1075	15787
1075	13470
1075	26812
25654	47589
48236	13792
10416	35877
15394	4707
15394	31775
15394	30169
15394	43160
15394	13432
15394	47833
15394	40437
15394	14264
30209	45807
32995	16941
32995	31436
47027	47589
5751	2726
32253	9740
32253	29965
32253	42716
32253	3710
32253	32966
32253	8815
32253	24503
35665	42112
35665	25394
35665	34673
35665	38792
43940	25653
48237	6505
36066	40957
43941	7038
43941	30149
43941	1076
25656	20101
25656	26351
39608	43733
39608	35320
21873	9259
21873	724
21873	42019
43185	45573
26029	39240
39609	31576
39609	283
24497	37006
24497	13087
19233	37185
19968	13411
9248	48690
9248	13982
9248	42315
9248	14172
9248	9225
9248	24489
9248	32655
9248	8479
27146	13067
7713	47858
46231	35877
27147	47019
1077	43287
1077	45965
1077	40356
11967	24882
11967	2602
8088	40137
38023	19338
40010	48005
40010	48964
43944	1952
43944	38141
43944	48585
25256	44853
25256	3474
25256	28602
25256	22219
25256	4552
25256	43163
25256	48975
9630	40359
9630	47785
9630	33755
9630	20710
9630	3350
9630	43199
9630	26044
9630	27171
19969	39184
19969	48534
19969	8046
10419	15116
10419	16273
10419	11737
10419	16473
10419	34480
10419	1420
10419	31388
10419	24104
10419	5717
10419	4154
10419	27900
10419	33782
10419	43569
10419	49366
10419	45463
10419	21112
17700	5509
17700	476
17700	36407
17700	29376
17700	26392
37649	13042
39240	42900
39240	7807
39240	14374
39240	10960
39240	26759
39240	23363
39240	8803
39240	48930
39240	6137
39240	29413
39240	23388
39240	38469
39240	22278
39240	34556
312	3
312	26527
312	33000
33410	35765
1828	28805
1828	4552
1828	18037
1828	41189
1828	19554
1828	24484
1828	9227
1828	23408
1828	48975
43574	32711
45115	20487
45115	18024
45115	16938
45115	38849
36469	45421
36469	20328
36469	23408
14582	729
11971	48890
11971	12280
11971	1425
11971	24503
11971	42000
11971	30664
32257	15005
32257	24503
28311	22026
28311	26957
28311	42824
28311	3365
21875	37605
21875	4153
6943	13984
48956	45204
48956	2552
48956	47004
46234	32008
35290	12507
35290	32604
35290	40821
35290	14264
35291	10362
35291	10371
35291	14538
35291	21475
35291	38458
35291	32641
35291	15787
35291	3024
41990	24516
26425	32008
15398	31438
15398	723
48606	40160
48606	22618
46235	25820
11198	26565
11198	6181
44344	34326
44344	33430
40817	27087
40817	22572
40817	23337
40817	1044
36073	10193
36073	39562
36073	37594
36073	28255
36073	13421
36073	20338
36073	41243
6574	15877
41223	35877
29081	1922
29081	36410
29081	9198
29081	15343
29081	8782
29081	13067
29081	2569
29081	34954
29081	24906
29081	9284
20735	2784
22994	3902
38458	43895
38458	10371
38458	47787
38458	8799
38458	39233
38458	39239
38458	35291
38458	32641
38458	26805
38458	3024
4991	37745
4991	28799
4991	46797
4991	1203
4991	23135
13848	6673
13848	11719
13848	17836
13848	7865
13848	4543
13848	27478
13848	2966
13848	19932
13848	24484
13848	29432
13848	6948
43949	35877
29851	18436
29851	40440
32641	3024
29853	43291
29853	9404
29853	75
29853	35830
29853	31371
31048	31816
317	16267
9255	28813
9255	45820
9255	38406
9255	7716
18826	21480
18826	21115
18826	23778
32259	22396
32259	38617
6167	80
21879	28818
39621	8050
39621	48946
31050	27511
31050	43191
38843	26193
24894	13407
4992	29789
4992	11162
4992	29052
4992	35661
4992	11961
4992	10421
4992	37265
4992	49393
31429	15491
31429	4324
31429	48949
38845	48889
38845	13040
38845	34957
34185	13432
25260	45610
11608	13932
11608	41920
7328	49373
19242	1777
19242	42375
19242	19592
11201	14186
11201	681
11201	9633
15788	44051
15788	33548
15788	48166
15788	4115
15788	39551
15788	41182
15788	15011
15788	8464
37655	18070
38846	2948
38846	14538
38846	31792
38846	5711
38846	10029
38846	9633
38846	15787
323	48622
36077	38122
36077	5009
1474	24274
1474	31197
1474	19378
1474	19550
22998	27870
15789	3798
14593	39263
12743	2610
26430	23414
14230	48535
14230	46194
14230	41211
14230	46650
14230	38483
40429	6505
36078	31943
36078	2942
36078	36857
13470	38846
23001	4705
8835	48753
8835	26421
8835	15421
13106	16495
13106	31839
25669	23104
25669	16674
25669	28471
708	17484
708	8077
48613	39184
44349	3886
28676	45808
15405	8575
15405	3474
15405	40354
15405	43163
1476	46337
1476	31822
1476	48238
39627	12310
36478	15534
36478	47193
36478	11942
48964	29222
48964	22930
48964	41929
48964	29392
48964	24466
48964	46996
48964	36442
48964	13439
48964	40010
48964	32999
48964	22639
48247	8460
48247	35682
41591	47006
41591	21481
41591	9627
41591	9636
41591	25274
34953	32028
34953	15709
34953	3714
34953	8782
34953	40777
34953	45435
34953	32625
34953	12735
20740	13949
20740	25604
13472	38415
34954	8173
34954	47954
34954	34298
34954	7097
34954	9198
34954	34477
34954	8782
34954	8794
34954	9992
34954	2569
34954	22966
34954	18442
34954	9219
34954	13842
34954	6964
2611	21190
2611	6494
2611	44265
2611	36805
2611	47833
2611	47834
2611	26443
23401	18564
23401	36410
23401	6169
16164	29228
40020	20074
40020	38389
40020	41960
30216	15491
30216	4324
30216	16482
30216	49336
30216	48949
30216	32655
18095	18199
18095	24834
5372	12716
5372	38469
16166	14970
16166	11615
6952	10365
6952	48243
21101	37337
21101	5852
5373	28049
33423	48243
8095	33147
8095	41208
8095	40012
8095	39623
8095	28685
3788	20682
45471	37005
45471	25200
27544	7462
27544	27159
24511	12439
24511	13554
24511	36994
24511	18987
24511	35593
24511	40344
24511	24531
28318	36157
28318	38630
28318	23363
28318	8803
28318	48930
28318	12728
28318	36482
28318	22278
31056	5485
31056	31560
31056	5000
37661	32011
37661	658
37661	31447
5377	20101
5377	14378
5377	19175
5377	19982
15014	6302
15014	34707
15014	31772
15014	42743
15014	13069
15014	19200
15014	48939
48248	34153
48248	29841
48248	38043
48248	44363
38469	14374
38469	24813
38469	3722
38469	8046
38469	12716
38469	8803
38469	6137
38469	40404
38469	5372
21510	3875
35302	14338
35302	29961
23007	4199
34194	12508
19979	43207
39251	37774
38470	21514
38470	45862
21511	12508
21511	29999
21511	29847
21511	34194
27158	5132
27158	48209
13854	23862
40021	7462
25266	26361
25266	39210
25266	47427
25266	20759
26042	38590
26042	30364
26042	24102
26042	8111
1838	33147
1838	23009
23406	4340
23406	34477
23406	8782
23406	11154
23406	8794
23406	9992
23406	2569
23408	22395
23408	42148
23408	25977
23408	41189
23408	24484
23408	9227
23408	6948
23408	48975
6177	15339
6177	12726
34196	464
34196	46606
43586	3474
43586	16288
43586	40354
43586	28602
43586	44716
49381	10135
49381	1777
49381	36813
49381	48561
49381	24882
49381	42375
49381	19592
5378	38172
5378	24466
5378	18047
5378	4957
5378	41573
29451	33147
29451	25015
29451	25665
29451	1838
29451	23009
20745	45850
15410	31014
1480	33554
26043	6738
14598	49056
5773	17673
5773	40828
29864	15948
34542	21598
34542	14926
34542	32963
34542	34145
34542	14556
34542	47006
34542	6142
34542	33797
5774	43321
5774	14747
5774	18063
5774	38470
5774	45862
14599	41211
14599	48242
14599	38483
15799	44299
15799	17293
7727	20504
7727	22953
43588	48208
13480	3902
32648	22620
16956	43134
16956	26781
16956	45126
6180	30663
6181	26565
8846	13551
8846	3150
11212	1084
26437	38973
26437	1018
34204	26351
34204	17660
34204	44724
34204	35672
45136	22015
45136	37182
45136	34116
45136	13425
45136	17667
45136	13432
45136	38437
45136	19572
45136	19956
45136	48252
45136	35312
3021	17801
3021	10356
3021	6511
3021	23366
3021	17667
3021	13432
3021	38437
3021	19572
3021	19956
3021	48252
3021	35312
28686	10845
12749	14538
12749	13470
38037	46415
38037	27311
38037	8798
38037	43918
38037	38838
38037	26438
37260	20356
19604	23400
12352	41177
38475	39767
38475	28062
38475	49329
41596	46662
41596	31452
39636	31435
39636	29452
28688	15734
28688	41588
43589	40354
40832	17407
40832	18179
40832	24643
40832	14226
36487	1059
39261	48173
39261	29052
39261	10421
39261	37265
39261	49393
39261	4218
31845	8176
31845	33540
31845	13582
31845	1203
31845	44506
31845	8770
31845	12707
31845	31439
33022	24620
20749	41666
20749	48890
20749	34480
20749	29808
20749	280
20749	5717
20749	24876
20749	1466
20749	26793
20749	15397
20749	48249
33429	45610
26806	25052
26806	4186
19250	35272
27164	42517
19981	30764
17337	15159
17337	47839
17337	3341
17337	40022
30662	13792
11618	11690
11618	39556
11618	48559
11618	12314
11618	7324
11618	45932
23017	20838
23017	39762
15414	46343
15414	37794
3024	6676
3024	10371
3024	14538
3024	8799
3024	4586
3024	18076
3024	39233
3024	39239
3024	32641
46672	38129
46672	2772
46672	280
46672	47396
46672	17703
46672	10050
30663	13244
30663	47385
30663	13428
30663	49364
30663	6180
12753	34866
12753	2970
13484	7038
13484	22375
13484	42513
13484	30149
13484	19891
13484	48920
13484	1076
8476	33560
29102	19524
29102	32959
29102	33809
3798	38570
3798	24816
3798	15789
26809	28452
26809	43569
48254	34138
22650	8234
39637	32252
29458	45610
29458	17844
29458	4754
29458	31006
29458	35263
29458	15379
29458	12721
29458	4585
29458	33429
29458	48264
24521	40543
1486	42507
724	38932
724	15390
25281	23507
25281	48005
25281	11924
25281	41183
25281	8441
25281	43928
25281	40010
12757	45845
12757	19599
27555	6106
27555	46194
27555	44734
14250	33548
14250	4115
14250	37244
14250	15788
14250	15011
14250	8464
30231	39767
46257	8219
46257	23390
43593	37589
43593	46633
43593	46220
43593	18846
43593	31450
14251	44839
14251	26351
14251	29817
14251	29055
14251	38004
47447	38973
47447	13403
47447	6106
47447	26791
48979	3481
47448	21614
47448	7281
21116	23540
21116	34477
21116	44310
21116	48947
21116	6169
21116	19590
21116	31847
21116	22656
48256	35593
48256	41999
26054	36798
26054	47413
12758	8054
39639	31392
39639	22994
39639	28321
13117	21894
48980	23874
48980	43321
48980	34116
48980	30157
48980	21480
48980	14264
14608	30205
37269	16165
27556	32402
42393	25774
42393	7462
36092	3115
36092	17836
36092	45418
36092	24484
36092	9227
36092	6948
47054	15108
47054	47785
47054	34895
47054	15734
47054	17299
47054	16521
47054	33786
5780	1569
5780	18238
5780	12320
5780	1073
27169	47772
7734	26351
7734	7328
17342	37782
33815	44098
33815	15734
33815	46205
33815	47817
33815	22269
38485	17842
38485	7847
38485	37181
38485	48889
38485	20294
38485	14551
38485	43542
38485	24516
38485	13118
345	30333
8108	28764
24156	12280
24156	24503
25285	31560
3803	46220
39264	23862
34549	7112
34549	47369
34549	48916
34549	26784
34549	17699
34549	45862
10845	28686
35322	19383
35322	23531
35322	14543
35322	47872
11995	35801
11995	24286
11995	19518
11995	4541
11995	26361
11995	29032
11995	5330
11995	18446
11995	47413
11995	2994
11995	33793
11995	17320
11995	13093
11995	35668
4615	8050
4615	48946
13121	12850
15421	48890
15421	8835
19987	13582
19987	16680
48259	29533
48259	6288
48259	24661
48259	41177
48259	7684
48259	37244
48259	15775
48259	44346
48259	6187
17728	26356
17728	14536
17728	10372
17728	13423
17728	40397
17728	46654
17728	26044
17728	37678
17728	14264
31445	47589
31445	25654
34550	3006
40035	13800
5004	44317
5005	42507
27560	47174
27560	30795
27560	24279
27560	25472
27560	45146
9276	42315
9276	13818
9276	6583
9276	49399
48622	49080
48622	16298
48622	26346
48622	30156
48622	25606
48622	1059
48622	33389
48622	45443
48622	40422
48622	21514
48622	12351
48622	35682
48622	41244
17344	4144
17344	43928
16558	26174
16558	5332
47451	32615
729	14582
17729	37005
17729	22994
30235	5779
730	9380
730	49098
730	46
730	43712
730	6524
730	13114
45487	3024
18844	30994
18844	21466
9277	1202
9277	27676
9277	12304
9277	28291
47867	17458
23784	16700
41603	18542
41603	25349
41603	40175
41603	34341
41603	8108
26812	45621
26812	45104
10050	38129
10050	12482
10050	7458
10050	36222
10050	32599
10050	280
10050	36421
10050	47396
10050	46672
45868	37605
48986	29965
48986	37423
48986	10789
40838	23116
40838	17103
40838	38017
40838	29079
40838	30648
40838	1835
40838	3353
29467	45118
43600	7461
8114	20826
8114	5000
19990	19331
48990	29203
48990	22994
6967	32604
6967	31077
17731	36677
33030	40010
33030	48964
40840	5865
14616	8176
14616	30994
14616	8815
12769	14575
22656	37273
12363	49093
8485	33793
8485	12741
8485	10429
8485	11995
8485	26446
46682	12102
47871	39194
26815	1816
26815	24882
26815	2602
26815	11967
26815	48975
49393	11162
49393	29052
49393	10421
23787	48168
11997	2353
11997	33928
11997	2949
17734	3872
13126	20537
13126	20294
13126	30156
13126	40377
34556	39240
33438	2290
33438	7794
33438	4755
33438	7711
33438	17697
33438	43573
2627	28768
2627	19526
2627	20702
2627	35658
2627	2988
2627	5000
27946	10951
23414	5369
23414	26430
43601	20114
43601	29090
24531	35593
24531	30203
24531	41999
24531	40432
37687	46795
37687	2524
37687	301
37687	37650
37687	31439
29874	433
29874	21061
23789	38385
1106	17439
1106	48180
1106	35320
31078	43157
31078	45447
49399	9276
45146	45610
31079	39785
16967	38962
16967	30195
16967	31429
37273	37962
37273	8413
37273	32602
37273	31832
37273	22656
9284	7097
9284	9198
9284	34477
9284	8413
9284	18789
9284	9992
9284	2569
9284	22966
9284	18442
9284	13842
9284	29081
21909	476
21909	23400
5016	35076
5016	29811
5016	5000
34214	20115
34214	25040
34214	45424
29882	24628
29882	23907
38516	433
38516	32762
38516	21061
38516	4171
38516	29874
26494	47385
26494	13428
26494	49364
26494	30663
