177	29
177	177
362	177
5358	177
939	177
2173	177
178	177
2174	177
621	177
1271	177
1272	177
490	177
491	177
1642	177
1643	177
622	177
940	177
10126	177
16008	177
13905	177
1273	177
2175	177
267	177
941	177
492	177
1264	177
365	177
366	177
367	177
368	177

178	3
177	178
185	178
1272	178

179	27
1316	179
2976	179
7319	179
3951	179
4295	179
6998	179
3974	179
5513	179
5365	179
10529	179
5417	179
18303	179
8831	179
4296	179
1375	179
18304	179
5743	179
4082	179
12042	179
18305	179
18209	179
7011	179
10530	179
5372	179
3215	179
7003	179
12478	179

180	29
75	180
12866	180
16929	180
663	180
1857	180
4471	180
1858	180
14823	180
14824	180
5322	180
3355	180
10906	180
14825	180
4472	180
4473	180
1859	180
5975	180
10907	180
14826	180
297	180
5976	180
5977	180
1071	180
4474	180
14827	180
10908	180
5978	180
14828	180
2462	180

181	11
203	181
156	181
543	181
3472	181
2549	181
4629	181
302	181
17928	181
19644	181
421	181
3473	181

182	42
22	182
23	182
11102	182
12724	182
6133	182
18873	182
6134	182
17147	182
3474	182
834	182
15043	182
3475	182
17148	182
1093	182
2550	182
956	182
4632	182
18874	182
9307	182
9308	182
18875	182
544	182
1453	182
3476	182
3477	182
15044	182
13860	182
1454	182
6135	182
17149	182
7731	182
3353	182
11103	182
17150	182
13055	182
19695	182
3478	182
11104	182
15045	182
303	182
3479	182
304	182

183	39
69	183
54	183
77	183
29	183
3	183
5	183
2929	183
13339	183
6391	183
5463	183
5452	183
577	183
13871	183
15968	183
423	183
5487	183
13289	183
2956	183
7903	183
1988	183
320	183
7109	183
2273	183
8634	183
2215	183
12198	183
4047	183
690	183
656	183
3589	183
1707	183
12206	183
7855	183
5460	183
14079	183
9551	183
13340	183
18254	183
1303	183

184	10
17240	184
13123	184
11193	184
1871	184
736	184
1080	184
14035	184
3305	184
5349	184
1709	184

185	8
6	185
178	185
675	185
896	185
454	185
329	185
365	185
1187	185

186	3
4	186
1200	186
492	186

187	6
144	187
143	187
268	187
585	187
2280	187
2300	187

188	24
136	188
3	188
9	188
77	188
69	188
576	188
1330	188
276	188
3515	188
16514	188
12392	188
505	188
268	188
674	188
886	188
656	188
791	188
8900	188
19831	188
1374	188
635	188
15816	188
601	188
5116	188

189	5
44	189
133	189
3088	189
1586	189
1587	189

190	7
120	190
136	190
152	190
133	190
1211	190
281	190
18292	190

191	2
133	191
13131	191

192	1
0	192

193	2
0	193
11	193

194	10
3857	194
917	194
721	194
918	194
476	194
370	194
1239	194
355	194
2810	194
919	194

195	6
130	195
493	195
612	195
2835	195
723	195
6844	195

196	12
145	196
196	196
270	196
1358	196
475	196
1359	196
3190	196
3191	196
516	196
642	196
643	196
3194	196

197	12
82	197
1627	197
5713	197
288	197
3194	197
517	197
6900	197
784	197
285	197
406	197
926	197
732	197

198	16
7566	198
5798	198
655	198
9281	198
16456	198
14787	198
19675	198
1043	198
4467	198
10711	198
4670	198
3440	198
3975	198
3982	198
16916	198
1044	198

199	1
1281	199

200	1
625	200

201	7
328	201
900	201
625	201
296	201
15673	201
881	201
607	201

202	26
5813	202
1059	202
16100	202
9102	202
14804	202
3746	202
535	202
16893	202
3262	202
957	202
19640	202
17216	202
18421	202
2457	202
7421	202
16898	202
4461	202
14795	202
10186	202
10643	202
16913	202
9104	202
7035	202
1036	202
1067	202
18649	202

203	6
181	203
8460	203
2387	203
302	203
5871	203
421	203

204	1
51	204

205	15
536	205
7574	205
3260	205
18651	205
16907	205
8943	205
16908	205
5402	205
15053	205
7036	205
7570	205
4461	205
3388	205
4464	205
10186	205

206	1
8469	206

207	26
19	207
3360	207
11875	207
9983	207
19424	207
1484	207
11883	207
477	207
7806	207
777	207
481	207
510	207
7576	207
15869	207
13820	207
10914	207
571	207
3357	207
11889	207
6265	207
19908	207
19448	207
9987	207
16105	207
16939	207
17847	207

208	44
208	208
1072	208
2138	208
2144	208
7228	208
1611	208
17842	208
1601	208
1241	208
11763	208
6833	208
777	208
2142	208
921	208
716	208
17843	208
2819	208
1754	208
4472	208
858	208
1602	208
1242	208
2140	208
19422	208
5197	208
923	208
17302	208
924	208
3873	208
6834	208
14293	208
778	208
17343	208
611	208
2821	208
357	208
926	208
662	208
19437	208
512	208
5186	208
4178	208
10458	208
16105	208

209	4
155	209
494	209
1191	209
1872	209

210	5
1	210
19743	210
4418	210
4692	210
539	210

211	6
1	211
4499	211
14873	211
4501	211
1873	211
824	211

212	9
2541	212
1813	212
15342	212
960	212
302	212
7721	212
1034	212
7718	212
8921	212

213	11
5589	213
12534	213
320	213
18292	213
14332	213
5728	213
6401	213
2010	213
5416	213
4078	213
18254	213

214	12
141	214
5	214
135	214
3	214
138	214
139	214
140	214
91	214
63	214
424	214
425	214
2364	214

215	1
10220	215

216	2
10227	216
11537	216

217	1
53	217

218	2
2946	218
560	218

219	12
2	219
5053	219
310	219
565	219
679	219
850	219
2591	219
683	219
316	219
9449	219
685	219
11243	219

220	7
2	220
27	220
311	220
437	220
6254	220
11279	220
438	220

221	12
110	221
2	221
170	221
562	221
524	221
1184	221
853	221
2616	221
4729	221
4971	221
314	221
3715	221

222	3
161	222
2	222
565	222

223	1
2	223

224	10
11977	224
3872	224
4747	224
924	224
5439	224
2882	224
5846	224
4365	224
714	224
3105	224

225	1
5464	225

226	7
10325	226
971	226
9429	226
6720	226
18634	226
1994	226
11809	226

227	10
136	227
81	227
547	227
1128	227
424	227
1096	227
550	227
552	227
1154	227
5739	227

228	7
6501	228
12870	228
13458	228
1310	228
15516	228
2015	228
447	228

229	5
5	229
3	229
138	229
141	229
449	229

230	8
5	230
3	230
138	230
139	230
549	230
1096	230
456	230
450	230

231	32
9	231
3	231
137	231
119	231
69	231
276	231
1862	231
16824	231
323	231
3515	231
577	231
8889	231
425	231
14424	231
3607	231
1212	231
2109	231
2026	231
674	231
3586	231
3368	231
1734	231
867	231
4849	231
1572	231
3606	231
905	231
5585	231
3512	231
878	231
1890	231
1738	231

232	5
3	232
148	232
91	232
63	232
1231	232

233	2
137	233
9	233

234	7
137	234
77	234
152	234
69	234
1574	234
994	234
448	234

235	2
137	235
5	235

236	3
15386	236
8663	236
5790	236

237	34
8801	237
9586	237
1588	237
9797	237
11622	237
11656	237
900	237
7371	237
3735	237
2056	237
999	237
6630	237
5004	237
3736	237
902	237
770	237
3737	237
18891	237
11852	237
3241	237
5574	237
881	237
13588	237
6426	237
9798	237
3738	237
5888	237
4327	237
1591	237
911	237
1590	237
1004	237
9799	237
1321	237

238	1
10413	238

239	20
112	239
172	239
39	239
1201	239
1161	239
3047	239
546	239
751	239
4124	239
8696	239
1824	239
2270	239
3049	239
606	239
703	239
6751	239
2773	239
984	239
5586	239
4645	239

240	1
14235	240

241	4
101	241
62	241
100	241
756	241

242	1
5	242

243	3
5	243
140	243
763	243

244	4
91	244
63	244
1201	244
12367	244

245	2
6149	245
12367	245

246	3
91	246
281	246
12367	246

247	26
247	247
10	247
175	247
839	247
2108	247
6438	247
1559	247
13663	247
705	247
6077	247
2772	247
17775	247
4158	247
413	247
12813	247
1343	247
8726	247
1344	247
11015	247
14280	247
14254	247
453	247
15826	247
10451	247
1350	247
4918	247

248	1
5585	248

249	3
757	249
1080	249
5585	249

250	1
66	250

251	2
119	251
69	251

252	2
44	252
143	252

253	1
144	253

254	4
171	254
126	254
281	254
881	254

255	10
42	255
120	255
152	255
1574	255
281	255
18292	255
994	255
2566	255
2010	255
448	255

256	5
6533	256
1732	256
585	256
442	256
760	256

257	2
10	257
175	257

258	4
125	258
764	258
525	258
468	258

259	2
5608	259
3853	259

260	6
11394	260
18250	260
583	260
450	260
451	260
584	260

261	28
10053	261
2307	261
6893	261
3921	261
2162	261
474	261
3947	261
5297	261
4169	261
16650	261
2318	261
3900	261
7255	261
2497	261
18474	261
6872	261
1360	261
2331	261
5689	261
12655	261
10480	261
2886	261
8294	261
3170	261
4365	261
5293	261
2815	261
2404	261

262	2
47	262
395	262

263	5
26	263
403	263
477	263
9476	263
1476	263

264	5
265	264
19441	264
5220	264
405	264
19988	264

265	3
264	265
5220	265
405	265

266	2
5643	266
465	266

