1264	4
362	1264
177	1264
3971	1264
1644	1264

1265	3
624	1265
489	1265
1648	1265

1266	17
13843	1266
5374	1266
13936	1266
13903	1266
16007	1266
1651	1266
10159	1266
12055	1266
8438	1266
5373	1266
5375	1266
10160	1266
15949	1266
8437	1266
5376	1266
13937	1266
10161	1266

1267	200
959	1267
135	1267
2166	1267
13869	1267
2200	1267
18092	1267
3954	1267
12172	1267
14056	1267
8554	1267
7083	1267
15967	1267
4021	1267
6971	1267
4022	1267
5444	1267
8383	1267
16184	1267
18093	1267
8555	1267
13871	1267
19553	1267
15968	1267
10094	1267
2919	1267
17943	1267
16185	1267
6974	1267
2955	1267
1634	1267
2201	1267
16186	1267
4023	1267
15969	1267
10098	1267
5445	1267
8385	1267
16187	1267
8556	1267
7084	1267
18094	1267
12173	1267
14057	1267
12174	1267
2956	1267
10251	1267
8557	1267
8387	1267
12003	1267
14058	1267
8558	1267
16188	1267
1671	1267
18041	1267
18095	1267
14059	1267
8559	1267
2957	1267
7085	1267
8389	1267
10252	1267
10253	1267
18096	1267
10254	1267
14060	1267
7086	1267
14061	1267
1672	1267
18097	1267
10255	1267
8560	1267
15975	1267
2958	1267
10256	1267
12175	1267
1673	1267
18098	1267
10257	1267
5339	1267
5340	1267
8390	1267
12009	1267
10258	1267
13883	1267
12176	1267
10259	1267
5341	1267
18099	1267
8395	1267
12177	1267
19498	1267
14062	1267
12178	1267
14063	1267
14064	1267
18100	1267
18101	1267
14065	1267
12011	1267
6982	1267
1292	1267
17955	1267
10260	1267
4024	1267
10142	1267
12179	1267
8399	1267
14066	1267
1269	1267
12014	1267
10261	1267
10262	1267
16189	1267
16190	1267
12015	1267
7087	1267
8401	1267
8561	1267
8403	1267
2170	1267
2202	1267
14067	1267
12016	1267
8404	1267
937	1267
8562	1267
8563	1267
2916	1267
10263	1267
5446	1267
12180	1267
12017	1267
10264	1267
5447	1267
15985	1267
6983	1267
8406	1267
5347	1267
10110	1267
18102	1267
10111	1267
2203	1267
14068	1267
12181	1267
15988	1267
1637	1267
14069	1267
4025	1267
10113	1267
18103	1267
4026	1267
16191	1267
15990	1267
7088	1267
15991	1267
15992	1267
13893	1267
5448	1267
16192	1267
18104	1267
6986	1267
8411	1267
16193	1267
2959	1267
18105	1267
15996	1267
5449	1267
8412	1267
18106	1267
8564	1267
12182	1267
14070	1267
12183	1267
5450	1267
10265	1267
2960	1267
10266	1267
12184	1267
15999	1267
14071	1267
12185	1267
14072	1267
18107	1267
12026	1267
12186	1267
10120	1267
16194	1267
1639	1267
17963	1267
2904	1267
7089	1267
16195	1267
16196	1267
8415	1267
6988	1267
14073	1267
10267	1267
5351	1267
16001	1267
2961	1267

1268	137
1674	1268
2166	1268
13869	1268
5451	1268
3954	1268
5452	1268
6971	1268
16197	1268
14074	1268
8383	1268
12001	1268
13871	1268
15968	1268
14075	1268
1634	1268
10268	1268
10269	1268
5335	1268
4023	1268
8529	1268
10098	1268
12187	1268
8385	1268
7090	1268
8387	1268
5337	1268
10103	1268
16198	1268
16199	1268
10105	1268
1671	1268
4027	1268
2962	1268
2957	1268
1675	1268
6977	1268
14076	1268
10254	1268
12188	1268
10270	1268
12189	1268
1635	1268
8565	1268
10106	1268
1673	1268
10271	1268
10257	1268
5340	1268
8390	1268
18108	1268
13883	1268
2963	1268
8433	1268
2168	1268
10272	1268
8537	1268
12178	1268
14063	1268
12011	1268
10273	1268
8566	1268
19554	1268
10274	1268
14077	1268
8399	1268
1269	1268
12014	1268
5453	1268
12015	1268
8401	1268
7091	1268
2202	1268
7092	1268
2964	1268
937	1268
3961	1268
12017	1268
2965	1268
5346	1268
6983	1268
16200	1268
10111	1268
2203	1268
16201	1268
12190	1268
14068	1268
18109	1268
3963	1268
1637	1268
12191	1268
10113	1268
8408	1268
13892	1268
10275	1268
4026	1268
14078	1268
15990	1268
4028	1268
7088	1268
14079	1268
15991	1268
15992	1268
4029	1268
18110	1268
12022	1268
5454	1268
10276	1268
7093	1268
4030	1268
8564	1268
12192	1268
18111	1268
8413	1268
15997	1268
10277	1268
7094	1268
6987	1268
14080	1268
2966	1268
12026	1268
8567	1268
5455	1268
1639	1268
17963	1268
5350	1268
7095	1268
7096	1268
10278	1268
7097	1268
8568	1268
12088	1268
5351	1268
16001	1268
4031	1268
2961	1268
10279	1268
10123	1268

1269	110
1268	1269
937	1269
1267	1269
13869	1269
18092	1269
3954	1269
5331	1269
14056	1269
7083	1269
6971	1269
14074	1269
8383	1269
16184	1269
12001	1269
16237	1269
15968	1269
2955	1269
14183	1269
5445	1269
14146	1269
16187	1269
8557	1269
18132	1269
8388	1269
12292	1269
4027	1269
7085	1269
10252	1269
6977	1269
7086	1269
12189	1269
12293	1269
5512	1269
10255	1269
3002	1269
10256	1269
8508	1269
10271	1269
10257	1269
8390	1269
12009	1269
18108	1269
13883	1269
6978	1269
8393	1269
2168	1269
10272	1269
12176	1269
16016	1269
14062	1269
12178	1269
12011	1269
6982	1269
12294	1269
3003	1269
10274	1269
12179	1269
8399	1269
12013	1269
10261	1269
15982	1269
8401	1269
7130	1269
8404	1269
14165	1269
12017	1269
5346	1269
14184	1269
8406	1269
10111	1269
18201	1269
16201	1269
12190	1269
13891	1269
10113	1269
13892	1269
12295	1269
2229	1269
12265	1269
14079	1269
8616	1269
5448	1269
14156	1269
18104	1269
6986	1269
8411	1269
10276	1269
8564	1269
18111	1269
8413	1269
2960	1269
7094	1269
12184	1269
15999	1269
14080	1269
14072	1269
12026	1269
8567	1269
1638	1269
17963	1269
5350	1269
7134	1269
12281	1269
3967	1269
10121	1269
5466	1269
4068	1269
12088	1269
5351	1269
2961	1269

1270	13
3016	1270
5549	1270
3968	1270
2249	1270
2891	1270
2980	1270
8508	1270
2250	1270
1640	1270
7195	1270
2905	1270
4069	1270
3017	1270

1271	8
177	1271
4	1271
751	1271
135	1271
492	1271
1642	1271
2262	1271
19500	1271

1272	2
178	1272
177	1272

1273	7
177	1273
268	1273
1327	1273
12359	1273
2267	1273
1720	1273
12360	1273

1274	19
268	1274
133	1274
267	1274
944	1274
1274	1274
3067	1274
2275	1274
2277	1274
1328	1274
1728	1274
5597	1274
8718	1274
1731	1274
3068	1274
1332	1274
1735	1274
7112	1274
2279	1274
2285	1274

1275	12
1334	1275
267	1275
365	1275
10	1275
491	1275
1335	1275
7213	1275
4145	1275
2286	1275
14238	1275
2287	1275
3069	1275

1276	7
369	1276
995	1276
758	1276
8743	1276
14288	1276
2892	1276
1750	1276

1277	2
620	1277
649	1277

1278	4
394	1278
620	1278
7298	1278
1647	1278

1279	1
620	1279

1280	8
18397	1280
3257	1280
5377	1280
8935	1280
16584	1280
17915	1280
4345	1280
12604	1280

1281	16
199	1281
133	1281
799	1281
18458	1281
18459	1281
8367	1281
5831	1281
7431	1281
8441	1281
18130	1281
13856	1281
5832	1281
3978	1281
7013	1281
5830	1281
1816	1281

1282	12
1060	1282
811	1282
2436	1282
9033	1282
10074	1282
19696	1282
3315	1282
4415	1282
1414	1282
18558	1282
10705	1282
7494	1282

1283	21
1059	1283
1018	1283
3351	1283
3352	1283
4462	1283
5972	1283
3350	1283
11989	1283
7571	1283
9108	1283
1421	1283
14803	1283
9111	1283
2184	1283
4463	1283
5403	1283
4464	1283
16901	1283
9109	1283
16913	1283
14801	1283

1284	355
18713	1284
14877	1284
18714	1284
14878	1284
7617	1284
10961	1284
12905	1284
4502	1284
12906	1284
18715	1284
6005	1284
9178	1284
10962	1284
7618	1284
2479	1284
9179	1284
9180	1284
4503	1284
6006	1284
6007	1284
3389	1284
3390	1284
4504	1284
14879	1284
4505	1284
12907	1284
9181	1284
3391	1284
2480	1284
6008	1284
2481	1284
4506	1284
10963	1284
3392	1284
2482	1284
6009	1284
1877	1284
4507	1284
3393	1284
4508	1284
4509	1284
4510	1284
3394	1284
3395	1284
2483	1284
3396	1284
16983	1284
6010	1284
2484	1284
10415	1284
16984	1284
2485	1284
4511	1284
12908	1284
14880	1284
9182	1284
7619	1284
10964	1284
4512	1284
10965	1284
9183	1284
10966	1284
2486	1284
10967	1284
6011	1284
2487	1284
6012	1284
3397	1284
2488	1284
10968	1284
4513	1284
6013	1284
2489	1284
4514	1284
3398	1284
1878	1284
2490	1284
1879	1284
3399	1284
2491	1284
7620	1284
9184	1284
14881	1284
9185	1284
9186	1284
3400	1284
3401	1284
7621	1284
14882	1284
9187	1284
14883	1284
6014	1284
7622	1284
1880	1284
4515	1284
3402	1284
12909	1284
3403	1284
3404	1284
4516	1284
3405	1284
7623	1284
4517	1284
14884	1284
6015	1284
6016	1284
18716	1284
9188	1284
6017	1284
12910	1284
3406	1284
16985	1284
7624	1284
12911	1284
2492	1284
1881	1284
4518	1284
4519	1284
18717	1284
6018	1284
4520	1284
4521	1284
14885	1284
4522	1284
3407	1284
2493	1284
4523	1284
18718	1284
4524	1284
12912	1284
6019	1284
2494	1284
2495	1284
12913	1284
9189	1284
3408	1284
4525	1284
18719	1284
3409	1284
12914	1284
7625	1284
7626	1284
1882	1284
3410	1284
4526	1284
6020	1284
10969	1284
16986	1284
4527	1284
2496	1284
12915	1284
4528	1284
3411	1284
7627	1284
16987	1284
18720	1284
7628	1284
10970	1284
4529	1284
6021	1284
14886	1284
4530	1284
3412	1284
6022	1284
4531	1284
16988	1284
9190	1284
10971	1284
6023	1284
15956	1284
12916	1284
7629	1284
7630	1284
4532	1284
10972	1284
4533	1284
4534	1284
2497	1284
16989	1284
4535	1284
2498	1284
16990	1284
7631	1284
18721	1284
16991	1284
6024	1284
12917	1284
3413	1284
10973	1284
4536	1284
3414	1284
14887	1284
9191	1284
12918	1284
7632	1284
1435	1284
2499	1284
4537	1284
3415	1284
9192	1284
18722	1284
14888	1284
10974	1284
10975	1284
4538	1284
12919	1284
4539	1284
4540	1284
14889	1284
7633	1284
7634	1284
7635	1284
7636	1284
6025	1284
10976	1284
4541	1284
2500	1284
7637	1284
3416	1284
7638	1284
2501	1284
7639	1284
7640	1284
3417	1284
9193	1284
16992	1284
6026	1284
10977	1284
4542	1284
2502	1284
9194	1284
9195	1284
9196	1284
7641	1284
7642	1284
10978	1284
3418	1284
1883	1284
7643	1284
2503	1284
3419	1284
3420	1284
6027	1284
7644	1284
1884	1284
1436	1284
14890	1284
18723	1284
7645	1284
6028	1284
18724	1284
6029	1284
4543	1284
7646	1284
9197	1284
7647	1284
4544	1284
10979	1284
4545	1284
6030	1284
2504	1284
3421	1284
1437	1284
3422	1284
10980	1284
2505	1284
2506	1284
4546	1284
1885	1284
2507	1284
2508	1284
7648	1284
4547	1284
10981	1284
1886	1284
18725	1284
9198	1284
10982	1284
7649	1284
12920	1284
3423	1284
12921	1284
2509	1284
2510	1284
12922	1284
18726	1284
10983	1284
6031	1284
10984	1284
4548	1284
7650	1284
6032	1284
2511	1284
4549	1284
2512	1284
4550	1284
9199	1284
4551	1284
4552	1284
4553	1284
14240	1284
10985	1284
2513	1284
4554	1284
9200	1284
7651	1284
9201	1284
10986	1284
4555	1284
6033	1284
7652	1284
12923	1284
4556	1284
3424	1284
6034	1284
18727	1284
10987	1284
4557	1284
4558	1284
1887	1284
3425	1284
2514	1284
4559	1284
6035	1284
6036	1284
4560	1284
14891	1284
12924	1284
2515	1284
3426	1284
2516	1284
3427	1284
3428	1284
4561	1284
7653	1284
7654	1284
10988	1284
2517	1284
4562	1284
6037	1284
3429	1284
4563	1284
3430	1284
16993	1284
10989	1284
7655	1284
6038	1284
10990	1284
7656	1284
18728	1284
3431	1284
6039	1284
2518	1284
16994	1284
4564	1284

1285	45
540	1285
827	1285
5	1285
276	1285
1440	1285
135	1285
152	1285
18427	1285
2524	1285
6049	1285
8945	1285
8479	1285
7663	1285
4576	1285
12094	1285
12453	1285
18018	1285
2914	1285
6050	1285
14944	1285
3996	1285
2386	1285
6051	1285
13852	1285
6052	1285
6053	1285
10916	1285
8480	1285
2927	1285
3433	1285
3434	1285
12290	1285
15986	1285
10955	1285
14252	1285
7664	1285
7472	1285
12306	1285
2525	1285
9229	1285
5586	1285
3435	1285
19770	1285
6054	1285
2417	1285

1286	34
628	1286
7180	1286
12978	1286
12979	1286
17058	1286
16720	1286
7668	1286
2528	1286
5422	1286
6059	1286
11026	1286
13872	1286
14432	1286
7669	1286
12980	1286
5532	1286
2935	1286
18784	1286
7162	1286
4579	1286
2996	1286
16721	1286
13854	1286
12981	1286
2529	1286
2934	1286
8661	1286
17059	1286
8481	1286
11027	1286
18185	1286
10083	1286
16247	1286
11028	1286

1287	8
666	1287
667	1287
832	1287
1088	1287
17105	1287
17925	1287
14998	1287
9265	1287

1288	3
7054	1288
8513	1288
6970	1288

1289	2
11998	1289
17217	1289

1290	35
632	1290
554	1290
276	1290
11199	1290
2378	1290
17249	1290
8802	1290
3515	1290
10424	1290
9377	1290
16023	1290
13131	1290
12393	1290
10454	1290
14029	1290
1929	1290
15156	1290
13132	1290
15157	1290
15158	1290
1736	1290
4642	1290
2567	1290
2362	1290
11200	1290
2566	1290
3516	1290
6126	1290
12417	1290
16480	1290
11201	1290
19546	1290
1930	1290
8376	1290
7374	1290

1291	29
1110	1291
841	1291
10900	1291
17191	1291
17266	1291
6200	1291
6201	1291
4682	1291
13146	1291
7780	1291
15176	1291
1453	1291
2574	1291
6202	1291
2575	1291
1934	1291
2165	1291
1663	1291
4459	1291
7573	1291
9020	1291
13147	1291
6203	1291
3524	1291
14822	1291
6204	1291
13148	1291
17267	1291
4683	1291

1292	22
959	1292
1267	1292
10696	1292
5506	1292
5362	1292
7518	1292
2606	1292
3446	1292
13944	1292
6293	1292
8630	1292
2375	1292
1707	1292
18102	1292
2607	1292
2368	1292
3335	1292
2917	1292
13252	1292
13253	1292
18294	1292
6294	1292

1293	17
1129	1293
135	1293
746	1293
364	1293
1633	1293
18093	1293
7090	1293
9133	1293
1671	1293
11121	1293
16220	1293
1704	1293
3370	1293
2603	1293
12025	1293
12026	1293
2961	1293

1294	42
317	1294
364	1294
628	1294
18092	1294
19058	1294
13279	1294
1678	1294
19059	1294
7867	1294
19060	1294
4772	1294
15293	1294
4773	1294
4774	1294
7137	1294
9500	1294
2618	1294
19061	1294
4775	1294
1966	1294
4776	1294
18108	1294
19062	1294
11346	1294
4595	1294
19063	1294
17376	1294
17377	1294
15294	1294
12205	1294
1967	1294
13269	1294
5517	1294
16351	1294
4032	1294
7842	1294
15270	1294
17378	1294
19057	1294
6316	1294
17379	1294
15295	1294

1295	2
575	1295
364	1295

1296	24
968	1296
364	1296
980	1296
7320	1296
7420	1296
1812	1296
10582	1296
19068	1296
13282	1296
9508	1296
12238	1296
8843	1296
3582	1296
7189	1296
2443	1296
8652	1296
17385	1296
2188	1296
12497	1296
8626	1296
7756	1296
5789	1296
8906	1296
12282	1296

1297	21
133	1297
135	1297
423	1297
1133	1297
3954	1297
5331	1297
1685	1297
15301	1297
7090	1297
12204	1297
6328	1297
4024	1297
4761	1297
1864	1297
5581	1297
12334	1297
7742	1297
10834	1297
2557	1297
6988	1297
4040	1297

1298	38
976	1298
949	1298
2167	1298
4057	1298
8461	1298
4792	1298
3011	1298
15302	1298
5500	1298
2630	1298
17163	1298
2620	1298
10287	1298
12196	1298
6990	1298
13286	1298
2569	1298
4793	1298
15978	1298
12221	1298
2901	1298
13287	1298
2629	1298
6331	1298
3005	1298
2631	1298
17389	1298
3587	1298
14088	1298
7182	1298
10114	1298
10324	1298
2632	1298
10613	1298
2633	1298
14192	1298
7879	1298
10546	1298

1299	42
496	1299
272	1299
2167	1299
13288	1299
2253	1299
6059	1299
1973	1299
8648	1299
16260	1299
3216	1299
13289	1299
12242	1299
15970	1299
1317	1299
10321	1299
18041	1299
13277	1299
2568	1299
4794	1299
18064	1299
13096	1299
16319	1299
7118	1299
1308	1299
9513	1299
7140	1299
2996	1299
15979	1299
11013	1299
8561	1299
1690	1299
5467	1299
2934	1299
7880	1299
1698	1299
7150	1299
5498	1299
5508	1299
2219	1299
6332	1299
12246	1299
10354	1299

1300	3
2896	1300
2639	1300
6365	1300

1301	22
378	1301
78	1301
1984	1301
8383	1301
2919	1301
17944	1301
15064	1301
8387	1301
12003	1301
5337	1301
2642	1301
5342	1301
18535	1301
8594	1301
1707	1301
10532	1301
7908	1301
8668	1301
15990	1301
14079	1301
4822	1301
5942	1301

1302	3
13872	1302
2650	1302
1690	1302

1303	16
273	1303
183	1303
6065	1303
5362	1303
1634	1303
1702	1303
9247	1303
3616	1303
2569	1303
2531	1303
11419	1303
2244	1303
7120	1303
8864	1303
12309	1303
7004	1303

1304	2
1635	1304
3028	1304

1305	10
4785	1305
6464	1305
1635	1305
5923	1305
13429	1305
7969	1305
4624	1305
2183	1305
8924	1305
2910	1305

1306	20
13436	1306
17530	1306
12173	1306
8763	1306
15134	1306
9630	1306
5340	1306
17531	1306
15219	1306
19518	1306
11068	1306
19196	1306
4903	1306
5348	1306
11445	1306
7977	1306
18409	1306
3219	1306
1920	1306
2687	1306

1307	29
1058	1307
271	1307
959	1307
1156	1307
17541	1307
14611	1307
10632	1307
3672	1307
13444	1307
14612	1307
4441	1307
17455	1307
2962	1307
15385	1307
1895	1307
2218	1307
7308	1307
2168	1307
9645	1307
10142	1307
16078	1307
2202	1307
12577	1307
3008	1307
19179	1307
18051	1307
3453	1307
18211	1307
11493	1307

1308	23
496	1308
379	1308
1299	1308
10290	1308
13288	1308
6059	1308
13280	1308
18041	1308
18064	1308
13096	1308
7162	1308
2996	1308
15979	1308
8572	1308
8561	1308
5467	1308
17178	1308
6984	1308
5498	1308
5508	1308
6332	1308
10267	1308
9512	1308

1309	13
980	1309
948	1309
381	1309
1702	1309
5513	1309
9346	1309
10108	1309
7865	1309
7352	1309
6497	1309
7160	1309
2699	1309
3678	1309

1310	13
763	1310
140	1310
228	1310
268	1310
7588	1310
6501	1310
14849	1310
12870	1310
13458	1310
12012	1310
15516	1310
3081	1310
2015	1310

1311	5
1024	1311
10281	1311
5381	1311
8402	1311
4770	1311

1312	41
16228	1312
13279	1312
5511	1312
1678	1312
5549	1312
7858	1312
1702	1312
13318	1312
11380	1312
7137	1312
9362	1312
2702	1312
2618	1312
15285	1312
9658	1312
11332	1312
9499	1312
1965	1312
7876	1312
18108	1312
7859	1312
11346	1312
19063	1312
14136	1312
7907	1312
8406	1312
11333	1312
3165	1312
14116	1312
7865	1312
9510	1312
17360	1312
6406	1312
7174	1312
5517	1312
14117	1312
16351	1312
11441	1312
7842	1312
15270	1312
6316	1312

1313	15
950	1313
795	1313
14416	1313
6575	1313
2032	1313
1783	1313
13507	1313
11561	1313
2033	1313
12483	1313
8409	1313
7348	1313
5912	1313
7208	1313
19264	1313

1314	13
748	1314
1019	1314
17152	1314
7147	1314
8043	1314
8044	1314
2705	1314
3699	1314
3700	1314
3439	1314
3591	1314
8409	1314
19780	1314

1315	11
5406	1315
4497	1315
12354	1315
9165	1315
12176	1315
18702	1315
2474	1315
15992	1315
9169	1315
18142	1315
14869	1315

1316	45
579	1316
179	1316
788	1316
2976	1316
2032	1316
14398	1316
4977	1316
7319	1316
12082	1316
5758	1316
2619	1316
11207	1316
2048	1316
17661	1316
4295	1316
6998	1316
8904	1316
16478	1316
3974	1316
17662	1316
5745	1316
12244	1316
8073	1316
7178	1316
18303	1316
7362	1316
18304	1316
5743	1316
19600	1316
12525	1316
4026	1316
19310	1316
17663	1316
5348	1316
18209	1316
10530	1316
7681	1316
16480	1316
10138	1316
3215	1316
12044	1316
14093	1316
7045	1316
5482	1316
12478	1316

1317	16
967	1317
1299	1317
378	1317
11621	1317
16260	1317
12242	1317
10321	1317
3156	1317
4085	1317
2609	1317
12184	1317
18173	1317
1638	1317
2904	1317
6129	1317
10354	1317

1318	9
12	1318
8659	1318
2218	1318
9566	1318
12577	1318
7179	1318
10371	1318
1638	1318
6364	1318

1319	31
864	1319
1131	1319
377	1319
78	1319
11654	1319
13270	1319
18691	1319
5000	1319
2620	1319
5001	1319
2653	1319
5002	1319
1968	1319
6000	1319
6526	1319
6628	1319
9795	1319
8093	1319
4438	1319
16466	1319
18016	1319
15668	1319
13578	1319
7146	1319
15669	1319
17686	1319
2055	1319
2719	1319
2904	1319
4921	1319
12326	1319

1320	11
377	1320
380	1320
379	1320
1131	1320
3022	1320
5540	1320
15292	1320
13579	1320
6629	1320
2904	1320
1710	1320

1321	72
237	1321
745	1321
328	1321
770	1321
13581	1321
13582	1321
8801	1321
2732	1321
9586	1321
13583	1321
5768	1321
4086	1321
13584	1321
15671	1321
11622	1321
12641	1321
11656	1321
3734	1321
5724	1321
3338	1321
9800	1321
15672	1321
11657	1321
12330	1321
7371	1321
3735	1321
5361	1321
2056	1321
3446	1321
6630	1321
13585	1321
10573	1321
15354	1321
16441	1321
5004	1321
3736	1321
3737	1321
15673	1321
13580	1321
2733	1321
14425	1321
13586	1321
18891	1321
15357	1321
3241	1321
15674	1321
9801	1321
9802	1321
13587	1321
11658	1321
13588	1321
13589	1321
8593	1321
13590	1321
6426	1321
3738	1321
5888	1321
4327	1321
2281	1321
5005	1321
3978	1321
7317	1321
18354	1321
2416	1321
9799	1321
6631	1321
9547	1321
19868	1321
19323	1321
17673	1321
3246	1321
10121	1321

1322	7
938	1322
4497	1322
8677	1322
1712	1322
2257	1322
14226	1322
3029	1322

1323	29
975	1323
938	1323
7184	1323
18330	1323
5750	1323
14129	1323
2391	1323
12063	1323
6683	1323
14213	1323
3766	1323
14388	1323
18157	1323
3326	1323
4054	1323
12591	1323
5808	1323
16217	1323
4624	1323
3609	1323
9860	1323
3327	1323
7111	1323
12476	1323
7208	1323
10293	1323
2910	1323
10404	1323
3017	1323

1324	33
950	1324
1127	1324
4343	1324
8155	1324
14371	1324
2753	1324
19374	1324
1783	1324
15762	1324
13507	1324
10804	1324
4339	1324
5058	1324
13903	1324
14419	1324
1810	1324
3771	1324
2392	1324
5059	1324
1840	1324
2393	1324
9872	1324
18510	1324
14474	1324
5060	1324
4590	1324
17768	1324
19584	1324
8626	1324
7208	1324
7003	1324
6698	1324
16573	1324

1325	6
491	1325
5088	1325
2077	1325
3039	1325
3041	1325
2175	1325

1326	2
491	1326
16369	1326

1327	34
8178	1327
2552	1327
1561	1327
2553	1327
13405	1327
13673	1327
10436	1327
3794	1327
2078	1327
12359	1327
1958	1327
9903	1327
6739	1327
6625	1327
15509	1327
12403	1327
1273	1327
8179	1327
2623	1327
11014	1327
1540	1327
3081	1327
1917	1327
8180	1327
14282	1327
8181	1327
16336	1327
9612	1327
2282	1327
13667	1327
2765	1327
12360	1327
15304	1327
2208	1327

1328	26
1075	1328
763	1328
268	1328
989	1328
279	1328
140	1328
492	1328
1274	1328
139	1328
3048	1328
6747	1328
13678	1328
8712	1328
3049	1328
2078	1328
2572	1328
4160	1328
13326	1328
14278	1328
12964	1328
14253	1328
14282	1328
17418	1328
2282	1328
12418	1328
14285	1328

1329	77
268	1329
984	1329
1096	1329
135	1329
492	1329
9	1329
1097	1329
4081	1329
3047	1329
4130	1329
10416	1329
8721	1329
10418	1329
4124	1329
8696	1329
11797	1329
2270	1329
5604	1329
10419	1329
14265	1329
5577	1329
3049	1329
14243	1329
13568	1329
16372	1329
8698	1329
5579	1329
13569	1329
4127	1329
4156	1329
13691	1329
13067	1329
14245	1329
5109	1329
5580	1329
11012	1329
12955	1329
2214	1329
8703	1329
12368	1329
18121	1329
5581	1329
2271	1329
15483	1329
12958	1329
1460	1329
12357	1329
6143	1329
9910	1329
5582	1329
14613	1329
14279	1329
14252	1329
11016	1329
9329	1329
12372	1329
7215	1329
2551	1329
8706	1329
3054	1329
17793	1329
2282	1329
5584	1329
5586	1329
4645	1329
14941	1329
5587	1329
16618	1329
13337	1329
13071	1329
8708	1329
3496	1329
8709	1329
12377	1329
11798	1329
5588	1329
16518	1329

1330	18
119	1330
169	1330
268	1330
133	1330
9	1330
276	1330
188	1330
77	1330
69	1330
11619	1330
3812	1330
2096	1330
1727	1330
2215	1330
3813	1330
6766	1330
2780	1330
3724	1330

1331	57
1215	1331
1331	1331
987	1331
268	1331
275	1331
2275	1331
5122	1331
9925	1331
2277	1331
4038	1331
3818	1331
4133	1331
16380	1331
3074	1331
8203	1331
6150	1331
4394	1331
5123	1331
11454	1331
5124	1331
5609	1331
6769	1331
13699	1331
14269	1331
6682	1331
4397	1331
8715	1331
11393	1331
6770	1331
7614	1331
14425	1331
11819	1331
8187	1331
4089	1331
4821	1331
4400	1331
3062	1331
4795	1331
13700	1331
2293	1331
6571	1331
2660	1331
8733	1331
3516	1331
8734	1331
1695	1331
11434	1331
11335	1331
11820	1331
1898	1331
12417	1331
11558	1331
2100	1331
17552	1331
11821	1331
2097	1331
1795	1331

1332	7
268	1332
526	1332
133	1332
602	1332
1274	1332
4133	1332
5624	1332

1333	6
1220	1333
136	1333
632	1333
268	1333
3820	1333
3786	1333

1334	7
1335	1334
2787	1334
5129	1334
4145	1334
2107	1334
2286	1334
1275	1334

1335	5
1334	1335
4145	1335
2286	1335
5130	1335
1275	1335

1336	6
371	1336
636	1336
1342	1336
133	1336
908	1336
2073	1336

1337	25
123	1337
133	1337
971	1337
96	1337
276	1337
15397	1337
3827	1337
11827	1337
7936	1337
12389	1337
16386	1337
5578	1337
14268	1337
17665	1337
1743	1337
2644	1337
14249	1337
14276	1337
4862	1337
15145	1337
1005	1337
1346	1337
14345	1337
4866	1337
11828	1337

1338	6
691	1338
703	1338
133	1338
3270	1338
3831	1338
5610	1338

1339	14
6	1339
1192	1339
371	1339
889	1339
1582	1339
772	1339
636	1339
1222	1339
133	1339
1583	1339
1339	1339
5140	1339
2113	1339
19770	1339

1340	6
133	1340
1701	1340
9956	1340
16380	1340
7917	1340
5127	1340

1341	3
52	1341
299	1341
133	1341

1342	4
772	1342
636	1342
133	1342
1336	1342

1343	3
247	1343
133	1343
10	1343

1344	36
247	1344
10	1344
175	1344
705	1344
392	1344
629	1344
133	1344
750	1344
792	1344
11849	1344
8722	1344
8688	1344
6800	1344
8723	1344
12996	1344
15685	1344
16390	1344
12405	1344
2264	1344
15483	1344
6801	1344
5143	1344
11850	1344
19411	1344
3743	1344
15844	1344
4030	1344
10451	1344
2613	1344
1350	1344
4918	1344
4306	1344
4826	1344
17175	1344
2116	1344
16518	1344

1345	2
1230	1345
133	1345

1346	2
133	1346
1337	1346

1347	2
133	1347
4321	1347

1348	6
133	1348
11008	1348
14264	1348
11256	1348
7469	1348
2297	1348

1349	15
773	1349
371	1349
632	1349
133	1349
369	1349
2276	1349
1666	1349
6400	1349
4157	1349
2292	1349
3066	1349
3844	1349
2281	1349
7985	1349
12421	1349

1350	40
705	1350
1147	1350
1344	1350
133	1350
247	1350
767	1350
2108	1350
12948	1350
11849	1350
5147	1350
3089	1350
11656	1350
13736	1350
10419	1350
12698	1350
8688	1350
4150	1350
9946	1350
4321	1350
3833	1350
5127	1350
13737	1350
4156	1350
12328	1350
18249	1350
15780	1350
5148	1350
16390	1350
12407	1350
15483	1350
2964	1350
12410	1350
6748	1350
4400	1350
11816	1350
2123	1350
13687	1350
2613	1350
4918	1350
16518	1350

1351	3
81	1351
133	1351
1749	1351

1352	8
370	1352
717	1352
637	1352
397	1352
0	1352
718	1352
4170	1352
6816	1352

1353	1
370	1353

1354	382
515	1354
1240	1354
269	1354
477	1354
1354	1354
270	1354
1118	1354
1119	1354
732	1354
8754	1354
4184	1354
1759	1354
2306	1354
5167	1354
4187	1354
13741	1354
3108	1354
5643	1354
5168	1354
4189	1354
4190	1354
12424	1354
3109	1354
5635	1354
3110	1354
1760	1354
6817	1354
5645	1354
5646	1354
4191	1354
3112	1354
17836	1354
3858	1354
5647	1354
12425	1354
3113	1354
2308	1354
3114	1354
3115	1354
5648	1354
13742	1354
1761	1354
3116	1354
5649	1354
5637	1354
2309	1354
10462	1354
7235	1354
4194	1354
1762	1354
4196	1354
4197	1354
3118	1354
5651	1354
16401	1354
8234	1354
5653	1354
7236	1354
4198	1354
2311	1354
10465	1354
7237	1354
7238	1354
6818	1354
4199	1354
7239	1354
5169	1354
5656	1354
4200	1354
5657	1354
15858	1354
19022	1354
10466	1354
2312	1354
12426	1354
3121	1354
16402	1354
3123	1354
1357	1354
11866	1354
10467	1354
3124	1354
3125	1354
4201	1354
2313	1354
4059	1354
4202	1354
2314	1354
7241	1354
4203	1354
5658	1354
4204	1354
5659	1354
3859	1354
3126	1354
3127	1354
3128	1354
2316	1354
5501	1354
5660	1354
4206	1354
19418	1354
4207	1354
7242	1354
8761	1354
3129	1354
5662	1354
11867	1354
4209	1354
3100	1354
2317	1354
4210	1354
3131	1354
4211	1354
10469	1354
13743	1354
7245	1354
8235	1354
11311	1354
3132	1354
3133	1354
3134	1354
14295	1354
8764	1354
8236	1354
1645	1354
1765	1354
14297	1354
3860	1354
4212	1354
3861	1354
19419	1354
2318	1354
3135	1354
7248	1354
3136	1354
7249	1354
3862	1354
1646	1354
11868	1354
2319	1354
6819	1354
2812	1354
7835	1354
7252	1354
4214	1354
11869	1354
4215	1354
5673	1354
4216	1354
15259	1354
12166	1354
2320	1354
4218	1354
3137	1354
8766	1354
12431	1354
3551	1354
2321	1354
2322	1354
16406	1354
5674	1354
8768	1354
5675	1354
3139	1354
7254	1354
3140	1354
14299	1354
5676	1354
16407	1354
6820	1354
2813	1354
3141	1354
6821	1354
5677	1354
3142	1354
4223	1354
2324	1354
3143	1354
2325	1354
8627	1354
5170	1354
6275	1354
4224	1354
5679	1354
5680	1354
3146	1354
13744	1354
4226	1354
13745	1354
7258	1354
5681	1354
14300	1354
4227	1354
4229	1354
1766	1354
11870	1354
11871	1354
2326	1354
14301	1354
4230	1354
6822	1354
3149	1354
2327	1354
3150	1354
10475	1354
2137	1354
3151	1354
5683	1354
15859	1354
3152	1354
7259	1354
4232	1354
4233	1354
3154	1354
8773	1354
4234	1354
2970	1354
1767	1354
14302	1354
5171	1354
4236	1354
17837	1354
5172	1354
4237	1354
3156	1354
8237	1354
4238	1354
4239	1354
2814	1354
8238	1354
11872	1354
10477	1354
4241	1354
14303	1354
3159	1354
17838	1354
10478	1354
3863	1354
6823	1354
2329	1354
7839	1354
3161	1354
3864	1354
2330	1354
7262	1354
5686	1354
15860	1354
6276	1354
2331	1354
4243	1354
8775	1354
5687	1354
2332	1354
13746	1354
3163	1354
5689	1354
17839	1354
7264	1354
7265	1354
7266	1354
7267	1354
2333	1354
5690	1354
5691	1354
9978	1354
3164	1354
5692	1354
9979	1354
7268	1354
7270	1354
8776	1354
9980	1354
4250	1354
4251	1354
19420	1354
2336	1354
5694	1354
4252	1354
3166	1354
11873	1354
6824	1354
12434	1354
15861	1354
19421	1354
4254	1354
12435	1354
4255	1354
18259	1354
2337	1354
6825	1354
5695	1354
8239	1354
3168	1354
4257	1354
5696	1354
8777	1354
12436	1354
8240	1354
5697	1354
1770	1354
8241	1354
16413	1354
6826	1354
5173	1354
13232	1354
17840	1354
15862	1354
2339	1354
3169	1354
3170	1354
5174	1354
3171	1354
5699	1354
8780	1354
18261	1354
2340	1354
3865	1354
2341	1354
11874	1354
6827	1354
3172	1354
3173	1354
4259	1354
2342	1354
7277	1354
8242	1354
5175	1354
7278	1354
13747	1354
8781	1354
4262	1354
8782	1354
5700	1354
6828	1354
4263	1354
5701	1354
4264	1354
5176	1354
3175	1354
7280	1354
14307	1354
10486	1354
7284	1354
3177	1354
5704	1354
7285	1354
3178	1354
7286	1354
6829	1354
3866	1354
2815	1354
15863	1354
5177	1354
6830	1354
1773	1354
2344	1354
14308	1354
8243	1354
7289	1354
5705	1354
3180	1354
2345	1354
8786	1354
4268	1354
3183	1354
7291	1354
3184	1354
5706	1354
8788	1354
12439	1354
8244	1354
4577	1354
3187	1354
4757	1354
6703	1354
4769	1354
2347	1354
1774	1354
4271	1354
4272	1354
3188	1354

1355	7
493	1355
48	1355
724	1355
358	1355
5205	1355
2838	1355
5206	1355

1356	30
513	1356
640	1356
405	1356
624	1356
858	1356
726	1356
779	1356
13779	1356
17860	1356
15894	1356
10003	1356
15895	1356
6852	1356
3892	1356
5221	1356
13780	1356
8280	1356
2813	1356
15547	1356
2849	1356
6853	1356
8281	1356
5215	1356
5216	1356
11888	1356
5218	1356
11900	1356
6850	1356
6854	1356
1614	1356

1357	32
269	1357
1354	1357
11939	1357
3914	1357
8322	1357
5260	1357
4276	1357
4205	1357
4208	1357
5261	1357
11763	1357
5262	1357
10027	1357
2860	1357
8323	1357
8324	1357
2326	1357
10028	1357
4233	1357
2329	1357
6898	1357
13126	1357
2151	1357
12438	1357
8781	1357
5263	1357
11940	1357
5264	1357
8325	1357
6691	1357
6899	1357
10029	1357

1358	4
196	1358
285	1358
270	1358
643	1358

1359	4
516	1359
270	1359
196	1359
1359	1359

1360	23
270	1360
261	1360
2834	1360
4195	1360
3916	1360
1776	1360
11945	1360
2885	1360
3287	1360
3945	1360
7445	1360
8348	1360
15888	1360
16647	1360
6951	1360
4365	1360
2873	1360
2561	1360
3946	1360
2815	1360
11891	1360
11975	1360
2404	1360

1361	5
303	1361
815	1361
780	1361
270	1361
7731	1361

1362	6
406	1362
270	1362
641	1362
1362	1362
18265	1362
6824	1362

1363	6
270	1363
1425	1363
648	1363
618	1363
3150	1363
3161	1363

1364	29
1118	1364
739	1364
2177	1364
3117	1364
1762	1364
2521	1364
11970	1364
4719	1364
11867	1364
7294	1364
4218	1364
3356	1364
8332	1364
3157	1364
2859	1364
16409	1364
9424	1364
17903	1364
3196	1364
3896	1364
1947	1364
5268	1364
2336	1364
6230	1364
6824	1364
2338	1364
6884	1364
11953	1364
1773	1364

1365	7
935	1365
1074	1365
5981	1365
3202	1365
3972	1365
2883	1365
19552	1365

1366	2
2163	1366
3972	1366

1367	2
5720	1367
5359	1367

1368	2
1369	1368
5359	1368

1369	2
1368	1369
5359	1369

1370	5
13758	1370
13907	1370
1781	1370
14323	1370
12443	1370

1371	3
519	1371
651	1371
19501	1371

1372	1
49	1372

1373	10
949	1373
950	1373
1650	1373
10618	1373
17985	1373
4339	1373
2392	1373
19506	1373
13948	1373
14361	1373

1374	10
188	1374
276	1374
136	1374
1727	1374
6996	1374
8718	1374
14352	1374
1928	1374
3301	1374
2010	1374

1375	2
179	1375
16031	1375

1376	32
980	1376
948	1376
7328	1376
12979	1376
7320	1376
11026	1376
3216	1376
7376	1376
10582	1376
5532	1376
1786	1376
16462	1376
14212	1376
7378	1376
2935	1376
7189	1376
2443	1376
9646	1376
10541	1376
2365	1376
7406	1376
7765	1376
12243	1376
4297	1376
2934	1376
8845	1376
8661	1376
5510	1376
12147	1376
3218	1376
6515	1376
2727	1376

1377	16
1086	1377
271	1377
381	1377
820	1377
7482	1377
1687	1377
6064	1377
5362	1377
9247	1377
9660	1377
8630	1377
1703	1377
7686	1377
12715	1377
3451	1377
11841	1377

1378	10
2373	1378
12038	1378
13915	1378
14619	1378
7353	1378
2918	1378
5940	1378
7346	1378
4341	1378
8153	1378

1379	1
5364	1379

1380	9
17532	1380
9117	1380
17092	1380
19246	1380
10134	1380
13011	1380
15181	1380
8431	1380
10238	1380

1381	11
10332	1381
9280	1381
4305	1381
8884	1381
12591	1381
10634	1381
5367	1381
14198	1381
8883	1381
19615	1381
12787	1381

1382	6
2976	1382
4295	1382
11187	1382
2030	1382
11363	1382
12044	1382

1383	9
1102	1383
545	1383
371	1383
135	1383
14427	1383
11132	1383
4168	1383
4900	1383
1796	1383

1384	2
371	1384
1724	1384

1385	75
871	1385
1159	1385
16048	1385
17396	1385
17709	1385
18900	1385
19043	1385
3769	1385
17249	1385
6758	1385
19051	1385
16928	1385
13923	1385
19534	1385
18228	1385
12513	1385
18919	1385
17695	1385
19278	1385
16683	1385
19279	1385
14656	1385
4034	1385
19163	1385
15681	1385
8191	1385
9029	1385
16453	1385
18537	1385
9734	1385
17761	1385
7707	1385
9735	1385
19187	1385
15158	1385
12405	1385
19361	1385
17799	1385
15480	1385
6252	1385
9153	1385
10331	1385
19167	1385
12961	1385
11805	1385
12759	1385
19370	1385
17986	1385
11381	1385
13728	1385
16967	1385
15611	1385
14566	1385
14366	1385
18003	1385
18217	1385
18209	1385
13693	1385
17289	1385
3715	1385
19590	1385
16030	1385
13705	1385
6787	1385
16849	1385
19396	1385
14379	1385
18916	1385
15615	1385
3810	1385
15705	1385
17981	1385
11243	1385
4300	1385
17209	1385

1386	9
1787	1386
5768	1386
3825	1386
4022	1386
2385	1386
8432	1386
5795	1386
3304	1386
5455	1386

1387	7
1084	1387
748	1387
9344	1387
2394	1387
12548	1387
16037	1387
13999	1387

1388	27
963	1388
970	1388
147	1388
949	1388
1787	1388
5444	1388
2385	1388
7391	1388
1979	1388
14489	1388
2955	1388
18205	1388
3600	1388
2999	1388
7129	1388
16442	1388
2386	1388
15511	1388
14340	1388
9537	1388
14118	1388
2960	1388
1925	1388
5128	1388
14192	1388
6508	1388
10303	1388

1389	4
54	1389
1799	1389
949	1389
2625	1389

1390	21
12794	1390
5913	1390
7320	1390
5800	1390
8833	1390
12131	1390
8834	1390
1844	1390
2373	1390
5462	1390
16039	1390
5923	1390
4054	1390
7353	1390
2918	1390
10160	1390
7400	1390
7356	1390
10373	1390
7208	1390
8153	1390

1391	2
950	1391
13106	1391

1392	15
817	1392
11102	1392
7012	1392
1922	1392
2418	1392
14872	1392
12850	1392
18703	1392
4469	1392
4349	1392
9120	1392
2942	1392
12863	1392
16566	1392
12849	1392

1393	4
18416	1393
8440	1393
12619	1393
5926	1393

1394	1
952	1394

1395	18
1395	1395
409	1395
154	1395
12	1395
538	1395
1083	1395
9116	1395
1922	1395
7034	1395
9396	1395
6740	1395
2943	1395
4461	1395
7730	1395
16633	1395
1652	1395
5926	1395
5826	1395

1396	3
7591	1396
8951	1396
1652	1396

1397	1
1653	1397

1398	3
595	1398
5380	1398
3225	1398

1399	21
1061	1399
12746	1399
1889	1399
3313	1399
1875	1399
1813	1399
9295	1399
1785	1399
2367	1399
14562	1399
10921	1399
4582	1399
3293	1399
4346	1399
1836	1399
2522	1399
2424	1399
4428	1399
7015	1399
9241	1399
4363	1399

1400	9
14311	1400
10032	1400
16067	1400
3287	1400
2408	1400
13745	1400
14567	1400
11924	1400
5201	1400

1401	6
16	1401
536	1401
372	1401
9390	1401
12704	1401
18523	1401

1402	14
957	1402
21	1402
372	1402
294	1402
11207	1402
4407	1402
3045	1402
9108	1402
1421	1402
1834	1402
4463	1402
2419	1402
5822	1402
3307	1402

1403	8
478	1403
529	1403
373	1403
479	1403
531	1403
1056	1403
2420	1403
1407	1403

1404	8
807	1404
373	1404
1056	1404
17	1404
531	1404
479	1404
657	1404
478	1404

1405	2
373	1405
5898	1405

1406	5
531	1406
479	1406
17	1406
478	1406
373	1406

1407	10
479	1407
17	1407
478	1407
529	1407
530	1407
1403	1407
807	1407
657	1407
373	1407
18518	1407

1408	2
625	1408
2425	1408

1409	3
595	1409
625	1409
2425	1409

1410	27
652	1410
817	1410
1068	1410
815	1410
801	1410
10882	1410
7567	1410
1856	1410
2922	1410
5751	1410
5763	1410
9107	1410
7561	1410
2399	1410
2434	1410
4354	1410
6043	1410
2477	1410
11003	1410
11065	1410
4470	1410
16082	1410
2374	1410
13352	1410
4569	1410
14801	1410
3228	1410

1411	12
535	1411
18419	1411
9030	1411
2431	1411
11051	1411
12735	1411
15796	1411
1941	1411
3536	1411
16915	1411
16083	1411
16997	1411

1412	4
956	1412
810	1412
4468	1412
9307	1412

1413	12
956	1413
810	1413
809	1413
5914	1413
14644	1413
10758	1413
3324	1413
7492	1413
5916	1413
4426	1413
5966	1413
12743	1413

1414	3
1282	1414
3315	1414
4415	1414

1415	2
5390	1415
2035	1415

1416	10
5409	1416
1867	1416
9350	1416
7324	1416
2438	1416
2183	1416
7513	1416
2186	1416
2570	1416
1419	1416

1417	1
7026	1417

1418	4
19522	1418
11633	1418
9768	1418
9775	1418

1419	19
1043	1419
1416	1419
810	1419
961	1419
5409	1419
2920	1419
4488	1419
9047	1419
2921	1419
1834	1419
8471	1419
7324	1419
4489	1419
5992	1419
2438	1419
8482	1419
2580	1419
2186	1419
11034	1419

1420	6
1018	1420
71	1420
719	1420
537	1420
5403	1420
3349	1420

1421	10
1544	1421
817	1421
891	1421
1283	1421
1402	1421
5763	1421
7486	1421
3260	1421
6043	1421
4470	1421

1422	10
810	1422
556	1422
4468	1422
2922	1422
7486	1422
3532	1422
12858	1422
9020	1422
5974	1422
5904	1422

1423	11
733	1423
664	1423
2142	1423
3360	1423
4719	1423
9130	1423
2465	1423
10909	1423
10458	1423
16105	1423
4483	1423

1424	2
733	1424
1860	1424

1425	10
298	1425
415	1425
1861	1425
5276	1425
11894	1425
2185	1425
8314	1425
1363	1425
8254	1425
19472	1425

1426	1
16105	1426

1427	18
416	1427
1124	1427
135	1427
138	1427
8213	1427
7588	1427
11007	1427
7589	1427
13458	1427
10440	1427
4398	1427
15516	1427
9782	1427
2015	1427
12880	1427
1657	1427
5585	1427
4989	1427

1428	32
14979	1428
5534	1428
7482	1428
19158	1428
12993	1428
6322	1428
17486	1428
8909	1428
3995	1428
13262	1428
4307	1428
15385	1428
12893	1428
10557	1428
9660	1428
15321	1428
18784	1428
19155	1428
3448	1428
19555	1428
19104	1428
1703	1428
7685	1428
7686	1428
7687	1428
12713	1428
4590	1428
19165	1428
7608	1428
13000	1428
3678	1428
13122	1428

1429	12
1025	1429
538	1429
494	1429
155	1429
418	1429
8041	1429
9172	1429
7610	1429
18456	1429
9165	1429
2187	1429
9169	1429

1430	8
271	1430
1025	1430
1078	1430
494	1430
7979	1430
8565	1430
7960	1430
4332	1430

1431	2
12	1431
494	1431

1432	7
9948	1432
2925	1432
7788	1432
5774	1432
12712	1432
15441	1432
19413	1432

1433	2
300	1433
1	1433

1434	27
2541	1434
14642	1434
10713	1434
15175	1434
18965	1434
3351	1434
8941	1434
4010	1434
1937	1434
16109	1434
17156	1434
3529	1434
10888	1434
7786	1434
16166	1434
14818	1434
18963	1434
2942	1434
11214	1434
7066	1434
2576	1434
11215	1434
18082	1434
5428	1434
19829	1434
4687	1434
19950	1434

1435	13
1089	1435
1284	1435
523	1435
1435	1435
2482	1435
3401	1435
1880	1435
4535	1435
3414	1435
10974	1435
1437	1435
4556	1435
2516	1435

1436	8
1284	1436
2480	1436
4511	1436
2486	1436
2503	1436
4547	1436
2516	1436
3431	1436

1437	23
1437	1437
1284	1437
1435	1437
1881	1437
12905	1437
6007	1437
4511	1437
2488	1437
2489	1437
14881	1437
3400	1437
2492	1437
4520	1437
4523	1437
12913	1437
2496	1437
14886	1437
6022	1437
3414	1437
12918	1437
2514	1437
14891	1437
18728	1437

1438	5
289	1438
4373	1438
16116	1438
10480	1438
3895	1438

1439	1
1660	1439

1440	2
1285	1440
2566	1440

1441	3
303	1441
3472	1441
12106	1441

1442	12
271	1442
14979	1442
7482	1442
12993	1442
8909	1442
1895	1442
15321	1442
18784	1442
12998	1442
7686	1442
7687	1442
12713	1442

1443	7
271	1443
959	1443
14519	1443
3248	1443
9651	1443
9157	1443
8636	1443

1444	6
968	1444
959	1444
271	1444
10582	1444
4355	1444
3017	1444

1445	29
606	1445
409	1445
703	1445
172	1445
691	1445
148	1445
463	1445
1217	1445
769	1445
2798	1445
5882	1445
12117	1445
17692	1445
5610	1445
13706	1445
3815	1445
5617	1445
6783	1445
1734	1445
2014	1445
18241	1445
3816	1445
10446	1445
2415	1445
3301	1445
3303	1445
2525	1445
6076	1445
2116	1445

1446	15
6	1446
636	1446
843	1446
56	1446
9927	1446
4904	1446
8498	1446
13251	1446
6765	1446
3503	1446
11058	1446
3826	1446
6778	1446
6076	1446
3520	1446

1447	4
16227	1447
10565	1447
13017	1447
8502	1447

1448	12
15022	1448
15023	1448
15024	1448
15025	1448
18838	1448
2539	1448
17129	1448
13039	1448
15026	1448
8510	1448
19789	1448
18839	1448

1449	4
1061	1449
4003	1449
12672	1449
11101	1449

1450	6
669	1450
52	1450
2941	1450
2705	1450
9311	1450
19714	1450

1451	13
52	1451
871	1451
553	1451
2253	1451
3471	1451
11093	1451
18850	1451
17665	1451
11626	1451
8616	1451
7725	1451
7726	1451
7374	1451

1452	4
52	1452
871	1452
553	1452
7374	1452

1453	4
182	1453
1291	1453
1110	1453
800	1453

1454	3
182	1454
12724	1454
5811	1454

1455	2
5973	1455
1663	1455

1456	5
672	1456
3237	1456
1664	1456
6572	1456
14942	1456

1457	6
112	1457
281	1457
5589	1457
5416	1457
4078	1457
18254	1457

1458	2
99	1458
135	1458

1459	6
746	1459
135	1459
8569	1459
1708	1459
6312	1459
6524	1459

1460	11
98	1460
1461	1460
763	1460
1329	1460
135	1460
837	1460
7738	1460
11394	1460
3490	1460
5585	1460
5568	1460

1461	29
837	1461
106	1461
545	1461
135	1461
422	1461
15654	1461
8686	1461
4124	1461
7379	1461
15068	1461
13065	1461
4127	1461
4156	1461
2555	1461
14932	1461
2214	1461
1460	1461
13596	1461
12959	1461
18772	1461
3490	1461
1726	1461
1918	1461
11335	1461
15833	1461
5585	1461
17038	1461
6750	1461
12968	1461

1462	4
831	1462
632	1462
135	1462
2692	1462

1463	25
13082	1463
15099	1463
7068	1463
5861	1463
11148	1463
6215	1463
10599	1463
2434	1463
14541	1463
10992	1463
3321	1463
7452	1463
9238	1463
7751	1463
13042	1463
18066	1463
3498	1463
1798	1463
9206	1463
5931	1463
5962	1463
17192	1463
9204	1463
2388	1463
10647	1463

1464	7
962	1464
7752	1464
2432	1464
9344	1464
4423	1464
7755	1464
4421	1464

1465	11
1034	1465
962	1465
18792	1465
14965	1465
6061	1465
4688	1465
10921	1465
4417	1465
2424	1465
5912	1465
7495	1465

1466	5
16150	1466
7405	1466
6132	1466
7484	1466
15124	1466

1467	34
157	1467
768	1467
5599	1467
13712	1467
2074	1467
5603	1467
14265	1467
12389	1467
14267	1467
3233	1467
12393	1467
11842	1467
8723	1467
6782	1467
11393	1467
12407	1467
8727	1467
12408	1467
6720	1467
8728	1467
3646	1467
2567	1467
6799	1467
3082	1467
2294	1467
8731	1467
6637	1467
14279	1467
3085	1467
15451	1467
13343	1467
12700	1467
7059	1467
5631	1467

1468	1
628	1468

1469	4
9350	1469
1673	1469
2203	1469
8522	1469

1470	1
10224	1470

1471	3
10224	1471
17213	1471
7763	1471

1472	1
14031	1472

1473	2
14991	1473
12150	1473

1474	4
737	1474
16626	1474
19646	1474
18665	1474

1475	11
275	1475
152	1475
1158	1475
3381	1475
9713	1475
7070	1475
2620	1475
1977	1475
2439	1475
5558	1475
4868	1475

1476	8
263	1476
1121	1476
677	1476
26	1476
965	1476
13787	1476
1944	1476
4743	1476

1477	3
8551	1477
7762	1477
3380	1477

1478	10
13149	1478
2870	1478
2446	1478
3703	1478
9439	1478
2195	1478
2395	1478
9645	1478
1848	1478
6246	1478

1479	2
2	1479
6257	1479

1480	4
699	1480
2	1480
6581	1480
15706	1480

1481	4
1151	1481
1150	1481
857	1481
2	1481

1482	22
871	1482
2990	1482
10838	1482
13150	1482
5554	1482
17687	1482
12342	1482
7587	1482
17622	1482
18230	1482
15684	1482
6681	1482
19193	1482
6172	1482
3448	1482
10588	1482
16175	1482
11626	1482
13488	1482
16395	1482
11611	1482
7192	1482

1483	5
376	1483
784	1483
677	1483
2336	1483
10484	1483

1484	24
207	1484
1119	1484
11290	1484
4018	1484
5647	1484
1762	1484
7077	1484
11308	1484
3121	1484
15756	1484
7833	1484
12939	1484
19849	1484
6266	1484
1944	1484
6273	1484
2952	1484
7801	1484
7831	1484
2198	1484
2953	1484
5257	1484
1773	1484
6896	1484

1485	5
513	1485
573	1485
514	1485
484	1485
2199	1485

1486	6
742	1486
977	1486
1702	1486
12174	1486
18147	1486
10267	1486

1487	4
54	1487
57	1487
94	1487
2957	1487

1488	2
3567	1488
2203	1488

1489	9
742	1489
977	1489
4057	1489
7976	1489
16199	1489
5745	1489
12545	1489
8843	1489
16270	1489

1490	20
79	1490
1511	1490
11654	1490
11620	1490
7945	1490
18970	1490
14522	1490
10378	1490
2439	1490
14149	1490
11320	1490
16708	1490
6491	1490
7944	1490
4029	1490
11387	1490
17278	1490
7095	1490
12420	1490
4868	1490

1491	4
4096	1491
4924	1491
2966	1491
15705	1491

1492	5
9865	1492
3565	1492
11342	1492
11343	1492
4031	1492

1493	5
742	1493
977	1493
136	1493
12265	1493
3569	1493

1494	3
377	1494
1127	1494
3514	1494

1495	1
377	1495

1496	2
1126	1496
2205	1496

1497	1
7106	1497

1498	12
1152	1498
136	1498
14195	1498
3585	1498
4904	1498
10285	1498
6330	1498
4905	1498
3660	1498
10351	1498
5486	1498
2009	1498

1499	1
744	1499

1500	5
745	1500
1215	1500
1981	1500
1898	1500
2100	1500

1501	4
3272	1501
2075	1501
19555	1501
15334	1501

1502	2
3239	1502
2211	1502

1503	4
10533	1503
7121	1503
4080	1503
5756	1503

1504	12
971	1504
13161	1504
8718	1504
3002	1504
2654	1504
6628	1504
15195	1504
6505	1504
7910	1504
3628	1504
3603	1504
6286	1504

1505	2
19866	1505
8610	1505

1506	8
1973	1506
16260	1506
12242	1506
10321	1506
7140	1506
8093	1506
7880	1506
10354	1506

1507	1
2222	1507

1508	1
56	1508

1509	2
56	1509
9006	1509

1510	2
1147	1510
14137	1510

1511	31
79	1511
838	1511
701	1511
1511	1511
1490	1511
6391	1511
13410	1511
15589	1511
12533	1511
8058	1511
2782	1511
16267	1511
19705	1511
12354	1511
13376	1511
9736	1511
9698	1511
9737	1511
16542	1511
6560	1511
3787	1511
6692	1511
9489	1511
11455	1511
2656	1511
18353	1511
16818	1511
2044	1511
3247	1511
13539	1511
9257	1511

1512	3
728	1512
975	1512
652	1512

1513	1
975	1513

1514	2
4059	1514
7967	1514

1515	8
378	1515
458	1515
13397	1515
11354	1515
8905	1515
11444	1515
2729	1515
5560	1515

1516	25
580	1516
2016	1516
2700	1516
3666	1516
8144	1516
6457	1516
13443	1516
4065	1516
4909	1516
3667	1516
4598	1516
2226	1516
1847	1516
6369	1516
6479	1516
2615	1516
10850	1516
2701	1516
7963	1516
11559	1516
4066	1516
13205	1516
2998	1516
2683	1516
2017	1516

1517	2
16294	1517
4802	1517

1518	5
5802	1518
8633	1518
7403	1518
7406	1518
4998	1518

1519	8
8109	1519
12289	1519
9665	1519
11650	1519
14649	1519
11712	1519
10833	1519
11642	1519

1520	5
17551	1520
6534	1520
9922	1520
16309	1520
9923	1520

1521	3
28	1521
978	1521
1522	1521

1522	3
978	1522
28	1522
1521	1522

1523	1
748	1523

1524	4
827	1524
14201	1524
11566	1524
13483	1524

1525	4
689	1525
3006	1525
19714	1525
6118	1525

1526	4
43	1526
498	1526
10587	1526
11747	1526

1527	1
498	1527

1528	6
498	1528
1167	1528
325	1528
28	1528
1150	1528
857	1528

1529	2
498	1529
325	1529

1530	3
499	1530
498	1530
11234	1530

1531	4
275	1531
3707	1531
19881	1531
8062	1531

1532	1
275	1532

1533	2
1535	1533
275	1533

1534	1
275	1534

1535	5
275	1535
299	1535
6123	1535
1533	1535
6299	1535

1536	25
1105	1536
79	1536
275	1536
701	1536
13410	1536
13467	1536
17501	1536
19129	1536
1024	1536
1961	1536
4958	1536
9613	1536
19881	1536
8061	1536
9734	1536
3641	1536
11592	1536
19328	1536
8062	1536
1170	1536
16785	1536
9740	1536
19171	1536
6600	1536
9752	1536

1537	3
765	1537
276	1537
17430	1537

1538	4
581	1538
5529	1538
8077	1538
11631	1538

1539	4
873	1539
3008	1539
2284	1539
5128	1539

1540	14
708	1540
1075	1540
1327	1540
2552	1540
13673	1540
6625	1540
15509	1540
4891	1540
8180	1540
13703	1540
14282	1540
16336	1540
2282	1540
13667	1540

1541	1
379	1541

1542	1
380	1542

1543	1
4088	1543

1544	23
7905	1544
10391	1544
2036	1544
1908	1544
15762	1544
3745	1544
1421	1544
5923	1544
12835	1544
3326	1544
11538	1544
12769	1544
10627	1544
13333	1544
4624	1544
14360	1544
16459	1544
14474	1544
4590	1544
18320	1544
18386	1544
8932	1544
5021	1544

1545	2
499	1545
11725	1545

1546	10
682	1546
848	1546
8104	1546
4099	1546
6659	1546
9833	1546
19861	1546
9768	1546
19184	1546
2369	1546

1547	9
9556	1547
3765	1547
2744	1547
9559	1547
4102	1547
9560	1547
14986	1547
6399	1547
12826	1547

1548	2
277	1548
2748	1548

1549	3
8682	1549
11731	1549
2448	1549

1550	3
5063	1550
4109	1550
9313	1550

1551	1
278	1551

1552	2
11765	1552
5564	1552

1553	2
1186	1553
750	1553

1554	2
4	1554
468	1554

1555	2
413	1555
751	1555

1556	2
8688	1556
8180	1556

1557	1
12355	1557

1558	1
16369	1558

1559	9
10	1559
247	1559
6438	1559
15671	1559
6800	1559
14280	1559
19411	1559
12358	1559
10451	1559

1560	2
416	1560
7213	1560

1561	7
1327	1561
896	1561
1075	1561
2078	1561
6625	1561
2765	1561
12360	1561

1562	1
752	1562

1563	3
752	1563
812	1563
501	1563

1564	2
5573	1564
5777	1564

1565	5
99	1565
1232	1565
1190	1565
1565	1565
1721	1565

1566	3
3795	1566
1721	1566
19882	1566

1567	2
1567	1567
3052	1567

1568	2
35	1568
6	1568

1569	1
6	1569

1570	2
6	1570
2685	1570

1571	1
6	1571

1572	6
6	1572
231	1572
843	1572
69	1572
318	1572
2661	1572

1573	2
6	1573
1208	1573

1574	4
255	1574
234	1574
69	1574
2725	1574

1575	5
574	1575
144	1575
8174	1575
5625	1575
4166	1575

1576	5
2275	1576
11454	1576
11393	1576
8734	1576
2801	1576

1577	4
988	1577
602	1577
9922	1577
1993	1577

1578	3
5122	1578
1728	1578
1982	1578

1579	3
175	1579
502	1579
2797	1579

1580	3
994	1580
431	1580
13140	1580

1581	12
767	1581
764	1581
910	1581
125	1581
10434	1581
11769	1581
3833	1581
5138	1581
5618	1581
13684	1581
16396	1581
6157	1581

1582	1
1339	1582

1583	3
1339	1583
2082	1583
1748	1583

1584	8
542	1584
1157	1584
18955	1584
9724	1584
12395	1584
15803	1584
7381	1584
8091	1584

1585	9
6335	1585
6367	1585
2385	1585
4576	1585
4153	1585
16442	1585
5614	1585
6336	1585
6337	1585

1586	1
189	1586

1587	3
189	1587
409	1587
772	1587

1588	4
770	1588
296	1588
237	1588
1004	1588

1589	1
770	1589

1590	4
237	1590
328	1590
771	1590
770	1590

1591	4
328	1591
771	1591
237	1591
6630	1591

1592	1
282	1592

1593	1
636	1593

1594	4
393	1594
1233	1594
1232	1594
1751	1594

1595	2
2154	1595
4169	1595

1596	2
289	1596
394	1596

1597	1
394	1597

1598	1
283	1598

1599	4
396	1599
2131	1599
5165	1599
3857	1599

1600	2
716	1600
396	1600

1601	4
402	1601
924	1601
512	1601
208	1601

1602	7
208	1602
402	1602
2818	1602
2820	1602
6834	1602
14293	1602
19437	1602

1603	4
5186	1603
402	1603
2819	1603
3104	1603

1604	13
1243	1604
2142	1604
676	1604
1753	1604
4475	1604
19424	1604
11885	1604
7576	1604
4177	1604
4743	1604
3876	1604
19426	1604
3877	1604

1605	4
778	1605
777	1605
2825	1605
2827	1605

1606	14
1012	1606
2463	1606
9461	1606
2588	1606
4175	1606
8257	1606
9422	1606
1944	1606
3875	1606
4696	1606
19843	1606
11973	1606
13833	1606
11302	1606

1607	3
778	1607
1245	1607
1607	1607

1608	6
286	1608
590	1608
3888	1608
5182	1608
9996	1608
9997	1608

1609	3
1240	1609
286	1609
4179	1609

1610	1
511	1610

1611	2
208	1611
512	1611

1612	2
512	1612
924	1612

1613	4
1248	1613
514	1613
513	1613
573	1613

1614	4
858	1614
1615	1614
779	1614
1356	1614

1615	3
858	1615
779	1615
1614	1615

1616	3
360	1616
515	1616
1770	1616

1617	6
1759	1617
15879	1617
8245	1617
11888	1617
5166	1617
8285	1617

1618	22
7232	1618
2307	1618
19453	1618
15904	1618
11978	1618
8293	1618
3138	1618
19460	1618
10674	1618
15262	1618
2330	1618
15905	1618
6867	1618
3943	1618
5229	1618
1770	1618
8294	1618
17872	1618
6870	1618
6869	1618
3899	1618
8789	1618

1619	2
1252	1619
2307	1619

1620	1
3117	1620

1621	9
1120	1621
17836	1621
3117	1621
3131	1621
2879	1621
10031	1621
3142	1621
2156	1621
8157	1621

1622	2
5655	1622
5254	1622

1623	1
7240	1623

1624	9
5665	1624
2588	1624
8257	1624
1944	1624
5223	1624
4696	1624
5306	1624
13833	1624
7798	1624

1625	3
784	1625
11867	1625
4218	1625

1626	2
650	1626
3142	1626

1627	6
197	1627
406	1627
288	1627
720	1627
5981	1627
3150	1627

1628	4
859	1628
351	1628
5314	1628
5688	1628

1629	4
1629	1629
935	1629
2138	1629
2332	1629

1630	1
2335	1630

