1275	1004
2006	1053
1945	1551
2450	2263
3045	2263
2082	2522
191	729
745	2682
2399	619
2399	2242
2399	288
2275	3147
2769	1470
2769	3101
2769	2752
2769	2273
2769	785
2769	1484
718	77
1059	2708
1059	1792
389	2243
408	1377
408	80
408	2902
408	202
408	3099
408	1383
408	3084
1117	2964
1117	3056
294	2263
1511	2182
675	953
1629	1381
1629	362
2816	983
2816	2014
1755	1548
1799	1682
1799	288
1292	252
1875	1377
1875	49
1875	937
1377	483
1328	1141
1328	699
942	3137
2475	1332
2475	542
2475	493
2823	1132
2528	1377
2528	80
2528	2902
2528	202
2528	3099
2528	1383
2528	3084
2839	3162
2839	2844
2839	969
2839	3038
2839	2940
2839	1473
3216	2127
654	729
41	2263
3119	608
1100	1875
1100	2964
1100	1940
1100	493
426	2900
426	1848
426	2933
1883	3106
1883	2092
2935	1947
2935	187
2935	1354
1719	639
1288	1693
607	2964
2654	2263
1082	257
1015	257
2542	257
1333	2520
2561	2780
756	1411
756	310
756	3112
756	2119
756	273
619	2476
619	2242
2245	608
138	1071
1947	2263
1367	1548
3162	1502
2988	976
608	672
2456	1128
292	3147
292	506
1648	3106
960	672
960	3067
885	1682
3236	1141
2497	1705
2497	2821
2497	1052
2497	303
2497	1940
2497	776
2497	2477
2497	863
853	639
2945	2092
568	2092
1540	2561
1540	202
1540	2577
1540	2780
1540	2334
2621	1875
2621	1377
2621	1020
2621	837
2621	2964
2621	49
2621	3137
2621	821
2621	600
2770	49
2770	1164
2964	2617
2964	1377
2964	49
2964	937
1019	1100
1019	2456
2844	3038
969	3038
1832	2263
2288	3236
2288	3002
2913	2092
871	1164
2746	639
2969	952
2969	1648
2969	2395
2969	1357
2556	2263
1083	1947
3112	941
2820	2694
981	2577
777	981
777	483
2298	1548
639	778
2434	1333
2434	3163
2434	1457
3002	1426
3002	401
3002	1805
3002	280
3002	362
66	639
2732	2263
3211	3018
580	2912
326	821
3187	1852
3187	946
3187	1164
2221	1
2146	2397
2317	2334
1940	1712
1940	51
1940	799
113	2522
1457	3126
1457	392
3263	1949
2418	608
2301	51
252	722
722	252
3120	1383
3120	1420
1383	1420
1420	1383
293	1383
293	1420
293	3084
3084	1338
3084	1420
925	608
925	672
925	3067
1684	1511
1684	269
1684	1247
1684	2258
1684	202
1684	981
1684	2675
1684	3120
1684	2182
1684	1468
1684	199
1684	1763
1684	97
1684	600
1684	2646
765	68
2761	1059
2761	723
2761	715
2761	2680
2761	1266
2761	2337
2761	1715
2761	1174
2761	1015
2761	2542
2761	1639
2761	2634
2761	338
2761	1757
2761	2613
2761	796
2761	1204
2761	1473
2761	2813
2761	2438
2761	3235
2761	1313
2139	1174
2139	2999
2139	3111
1141	1049
1358	1712
1358	1177
1358	51
1358	2639
1358	1731
1827	1511
1827	1499
1827	2754
1827	1247
1827	2284
1827	2675
1827	2577
1827	2188
1827	1736
1827	2182
1827	2179
1827	1468
1827	199
1827	1284
1827	600
1827	2646
2188	408
2188	1535
2188	1284
338	1855
338	2147
338	797
338	1821
338	340
338	1015
338	2542
338	442
338	1667
338	3125
338	1173
338	1867
338	2463
338	1050
338	290
338	2485
338	2179
338	950
338	2329
361	2179
253	2761
253	2857
253	2004
253	1324
2119	2630
2119	1453
2119	1385
1453	2119
1453	1385
1173	2842
1173	116
2537	2263
856	294
856	945
856	1901
856	289
856	263
932	2828
1757	2416
1757	1099
1757	1715
1757	1253
2781	3137
2781	1391
2781	2341
2781	3106
2781	2545
2781	2085
2781	2470
2781	2646
1144	500
1331	1715
1331	2299
1331	911
1070	756
2604	2470
2391	2179
1736	1805
1935	2646
1446	483
1446	1468
99	2299
2463	2908
2463	1748
427	1935
427	2572
427	700
2322	1
145	2646
2109	326
2109	1531
712	1468
2586	639
2182	2604
2299	911
2155	1333
2155	3163
2155	2520
2155	2477
2395	1566
2395	2202
2395	3165
2395	802
2395	303
2395	1119
2395	3074
2395	1167
2395	2142
671	2821
671	2497
2534	630
630	1335
277	1335
277	1439
393	1335
866	1052
866	2759
866	2637
2242	619
2066	2940
2315	1736
148	1779
1404	303
1404	1535
1404	2470
2626	2242
1680	1852
2309	51
2907	207
2907	2215
1181	2337
1181	2613
1181	796
1164	3213
1204	1059
1204	1266
1204	2337
1204	1852
1204	2341
1204	2059
1204	1979
1204	2613
1204	796
1204	2019
1204	2813
1204	1793
2019	1266
2019	2059
2019	2813
1726	1426
1726	937
506	1054
1000	3255
1000	1875
1000	724
1000	1377
1000	1601
1000	1100
1000	2456
1000	882
1000	2770
1000	2964
1000	3088
1000	2759
1000	866
1000	1164
1000	821
273	941
273	3112
273	722
2004	2663
2663	3191
290	2559
2559	1050
2569	113
2569	3249
2569	531
2938	2082
2938	408
2938	344
2938	2143
2938	573
2938	2522
2938	1990
2938	3190
2938	2931
2938	789
2938	306
2938	1821
2938	1712
2938	1601
2938	2750
2938	401
2938	2809
2938	1880
2938	462
2938	287
2938	3002
2938	1182
2938	2341
2938	3221
2938	1813
2938	1425
2938	947
2938	909
2938	2578
2938	2431
2938	2034
2938	567
2938	2604
2938	2059
2938	1935
2938	2572
2938	145
2938	393
2938	2903
2938	2235
2938	3040
2938	1404
2938	1204
2938	2019
2938	3181
2938	280
2938	814
2938	199
2938	30
2938	374
2938	2811
3249	503
3249	1639
3249	1182
3249	672
3249	1204
3249	2019
3249	199
3249	30
3249	374
3249	1243
1456	408
1456	1600
531	1015
531	113
1661	2395
1661	1550
2647	941
2647	310
2647	3112
2647	2478
2647	1331
2647	597
2647	273
2647	2479
2479	1411
2479	2897
2479	2453
2479	766
2260	2179
1329	2235
1731	1177
1731	493
2879	2851
2879	1329
2879	1489
2879	255
255	901
255	1459
255	935
2813	1266
2813	1253
263	2263
2263	2039
3097	2014
3097	2664
983	1504
2014	1504
2014	2664
2664	1504
2664	2014
2231	191
2231	1504
2231	1053
296	2092
2142	387
357	387
357	2142
2179	2391
2439	3111
1815	1792
1815	1110
2438	1110
2085	2024
2526	1164
2127	3085
2127	2694
3168	619
3168	2242
3168	288
360	567
360	338
1129	507
1819	3111
510	1832
510	2263
2814	3106
2566	362
1372	1150
1150	2863
1973	1150
170	1712
170	51
170	799
170	1358
170	234
330	1712
330	207
330	1936
2477	2849
2849	2179
156	1747
156	210
156	1274
156	36
2022	401
2022	3002
2022	362
2678	401
2678	2022
2678	362
1220	2022
828	2572
1754	195
195	993
1519	3126
1357	2614
1357	918
1325	945
1325	427
1677	1947
1688	2752
1688	785
814	789
1306	1054
2397	3128
2397	655
2397	1649
3057	1326
1114	36
863	1705
1468	2784
1468	1601
1468	777
1468	2182
1468	1798
1468	2470
1468	199
199	1566
199	3231
2413	2780
1243	608
1243	672
1284	2709
1284	1040
1284	269
1284	2675
1284	2766
1284	1764
1284	3106
1284	2182
1284	1535
1284	2470
1284	1754
1284	3054
1284	199
1284	97
2753	3231
1313	911
1313	3231
97	2470
2811	2299
2811	911
2811	1313
600	207
600	2637
