1586	2681
1586	907
1586	665
1586	1700
1586	2732
1586	746
1586	2545
1586	2781
1586	1317
1586	2375
1586	1325
1188	2917
563	1667
501	715
501	1757
1569	89
2295	1146
2655	2123
2655	1712
2655	2933
2655	1936
2103	3236
2103	699
1028	154
2521	724
2801	501
2854	1787
1452	423
3192	2484
2502	89
1285	2933
1197	3111
549	1926
294	2039
235	757
193	597
193	2299
2104	1013
2104	2092
2599	1200
715	2416
715	1099
715	1715
715	1253
614	2764
1040	712
1713	746
2089	823
2089	2766
2681	2059
2681	738
2681	2773
1718	3193
1718	916
1718	403
1718	1745
1614	1940
532	596
2118	1054
1491	1253
1491	262
1467	1450
2310	1164
1266	2813
2617	937
1875	2617
2123	1936
1566	2585
2852	2409
2852	2637
2257	2732
815	1273
815	2946
2197	2215
3126	392
2905	1600
1712	2639
340	1715
604	176
2573	1736
2573	2646
455	3102
455	1552
455	2805
1291	2059
1291	2363
1174	2545
2738	340
2738	2463
996	1684
1363	2595
999	2852
999	1653
999	2744
2949	322
2949	2539
1318	781
1318	3111
800	901
800	1459
1353	58
2332	901
2332	935
642	2646
1466	503
1466	1926
1466	1021
1466	2433
1466	2732
1475	2972
1475	338
1475	506
2284	584
11	1736
2871	2949
2871	322
2827	999
2827	1653
2524	2920
2524	585
2524	1748
2524	1881
3065	3213
414	234
1639	2852
1639	3067
1639	2413
1943	837
2023	73
2122	2177
1137	837
1137	73
1655	1550
2593	3093
2593	899
2593	438
2593	2762
2593	1171
2593	1642
2593	611
2593	2551
2593	1135
966	2137
201	1689
1878	1842
1842	1878
1842	1463
665	2310
665	2946
665	497
782	2960
782	826
1366	614
1366	2764
2764	782
2764	2960
2764	2987
2987	2960
826	2987
354	2732
218	2732
2271	1712
2271	799
799	1712
799	51
3236	1712
3236	2288
3236	2515
2148	1602
2148	303
2148	47
6	2346
6	429
1660	3085
1660	2529
2715	1660
2715	3085
2715	2529
2258	2529
1552	2715
1552	2258
1552	2529
2529	1169
2809	1821
1540	747
1540	2788
1540	1247
2621	584
2621	157
1039	1169
888	1273
1042	901
2412	2210
2453	2599
2860	2744
92	2946
2100	1726
1969	1637
1969	2449
1969	2911
3088	157
3088	724
3070	3190
3070	1683
3049	990
3049	1174
3049	390
2926	1810
2926	1197
2926	990
2926	1174
2926	636
2926	2466
2926	3049
2926	1395
2926	1253
2926	2749
2926	936
2926	2663
2926	390
2926	2194
2926	3191
2926	3111
1773	2847
2675	2429
2675	1091
2675	2251
2675	1499
2675	1976
2675	712
2675	2470
2675	1468
2012	157
1069	724
2319	1715
2434	3126
2434	392
1182	2788
1182	716
2732	1466
2732	354
669	2277
3221	2852
1244	1449
1785	1492
834	3017
909	1896
909	724
909	1680
823	2766
2317	1694
2317	2706
2317	2235
2870	2123
773	1983
1596	2121
2578	2123
2478	901
2478	1459
2478	935
2209	3026
3239	796
2726	3013
2726	1668
1995	3193
1995	916
1995	403
1995	1745
567	2431
567	2034
3178	1566
3178	2012
102	1253
102	262
627	2663
2067	1450
351	2740
2094	3047
313	3192
2946	1273
497	446
2999	390
1591	854
1591	1174
1591	1253
1591	2578
1591	2194
1591	3191
1591	2121
2401	2999
2401	2194
2418	2409
1365	1592
2799	1273
2799	446
2634	589
2634	604
2634	1436
2139	990
3198	2024
3198	2085
413	1721
2857	413
2857	2470
1274	1297
253	501
253	1810
253	2801
1211	1976
327	232
2915	1109
47	1143
2537	856
2781	403
2781	154
211	3072
348	1660
348	2715
348	1552
348	2529
633	1428
1343	845
1436	176
1935	2572
2572	642
1446	2251
1446	1721
2287	1419
2287	2834
2287	3019
2834	1419
1143	1419
1143	2834
1143	3019
99	597
700	642
427	642
3017	144
3017	3121
2336	3121
3069	1824
3069	901
3069	766
2845	2396
2845	2056
2845	1963
2845	2976
2845	1178
3226	1983
762	2924
585	1054
2410	1552
781	2059
1886	1689
2239	1592
2053	1273
2053	2133
232	1565
1404	2089
1404	1353
1404	823
2274	2843
2274	2057
2274	214
1971	3182
1971	46
1971	81
1971	769
1927	2464
2500	496
496	1123
496	1910
850	447
1553	1936
206	2277
1512	556
1512	3072
1512	211
1512	385
1696	858
2569	2852
2569	999
2647	2599
1329	1662
1504	2664
1504	2789
3097	1504
296	1013
2365	1689
3175	1689
1131	570
1131	1543
1131	2798
2798	1543
3203	845
1643	1452
884	1486
3218	2715
3218	1552
3168	1234
360	1660
1819	781
1043	1237
2207	1178
2678	1787
1688	1492
324	1273
2869	328
1306	2118
3041	1503
3041	391
3041	1785
1958	2413
298	570
298	1543
298	1131
298	2798
2386	2946
