367	1192
458	1679
3095	240
180	2808
2535	108
2535	2799
708	944
708	2224
2934	706
2934	1495
2934	230
2017	2224
1452	423
1350	2425
1350	706
1350	1495
1350	230
2275	1881
2376	1330
689	1217
689	478
689	2695
689	323
689	770
689	2785
689	189
689	2896
2843	2856
2843	2057
2843	517
2843	214
2491	2695
2491	1029
2491	1719
2491	1703
2491	2302
2491	1589
2491	196
2491	1774
2491	2058
2491	1192
2491	1036
2491	3035
2491	1407
2491	3004
2769	1470
2769	3101
2769	2752
2769	2273
2769	785
2769	1484
423	2977
235	757
2240	2020
1403	2519
1498	1221
1498	254
2600	1055
2007	1851
829	757
2765	144
1162	1192
95	2211
1713	2762
1713	957
1713	2066
1613	1497
82	648
82	1480
528	79
432	661
432	69
2102	751
1470	1248
1637	2449
1637	2911
18	1492
2748	1498
2748	120
2748	2196
1320	1389
1320	2695
1320	751
1320	1719
1320	1937
1320	323
1320	2880
1320	2058
1320	3035
1320	1245
1320	2785
815	2535
815	1273
815	92
815	2946
815	2355
1723	648
1723	1703
1723	1480
1723	2514
1723	1560
1723	1192
1723	3232
1723	425
861	804
2762	10
2762	1458
2762	114
2839	2066
2735	3098
934	1719
934	1490
934	1192
934	2095
934	208
934	1142
2786	2498
2786	1045
957	3214
957	2762
957	865
957	2887
957	93
957	1337
957	2465
2738	1855
2738	2147
2738	2680
2738	340
2738	2463
1868	2887
1868	1642
1868	2514
1868	2233
2713	1265
1029	1589
1029	2183
2358	548
2358	1152
2653	1192
865	3093
865	778
865	2975
865	373
865	611
865	1005
865	2800
1674	1278
1674	179
810	1192
3044	778
332	1192
1719	816
1719	1264
1719	1980
1719	639
1719	10
1719	1135
1719	114
1719	1851
1772	676
767	2212
767	2549
767	1656
1136	1306
913	1337
913	359
913	1859
913	2909
2524	2920
2524	1748
2524	1881
197	2007
197	2354
197	1163
197	2124
2667	2899
2667	1758
2593	2762
1795	1498
1795	1587
665	2944
853	1851
1884	1248
1349	904
2462	1065
569	1834
1998	2653
1998	552
1998	767
1998	2352
1998	3090
1998	627
1998	915
1998	1628
1998	1192
3090	767
3090	2352
3090	1221
2509	1192
2135	804
2135	1640
3022	120
3022	2742
3022	2379
3022	2196
3022	431
317	397
92	2946
688	2095
2449	2911
1969	1637
1969	2449
1969	2911
2746	689
2746	2491
2746	1320
2746	2762
2746	957
2746	1029
2746	865
2746	913
2746	1192
2746	1851
421	1610
3151	1917
3151	2923
2926	1810
2926	936
1664	874
2826	2430
244	662
639	778
2038	689
2038	1498
2038	825
2038	1162
2038	2748
2038	1031
2038	1507
2038	1192
1720	1152
1434	734
1434	1769
2950	2350
1785	1492
2113	1758
161	1031
161	1192
1031	1192
2222	778
3107	1610
1986	835
1986	824
1986	1443
1986	1956
1986	20
1986	2977
1956	1443
1956	1986
1206	1734
2812	1232
2812	2278
2812	1458
2812	1245
2812	2893
2812	1087
2973	2020
275	239
2498	2648
2498	436
3207	1690
2672	1851
3098	323
2898	1585
335	3243
335	2904
682	739
1809	1733
1756	2352
2920	3180
627	1810
627	2663
409	1734
131	1258
2224	944
2418	2331
915	1010
915	767
915	2352
915	3090
915	2699
1944	217
3224	256
1076	808
411	3108
411	144
411	2765
411	1365
1365	411
1365	1592
1380	748
1380	3
1380	1148
548	2225
548	2169
548	2393
548	2326
1277	1365
2958	2376
2958	2859
2958	1870
2958	3037
2958	554
2958	321
2958	509
2958	3157
2958	229
2958	1709
2958	2026
2958	2705
2958	3087
2958	881
2958	1079
1280	229
1280	2958
1280	1079
1364	1330
2705	3037
2705	554
2705	3087
2705	881
3087	3037
3087	554
3087	509
3087	2705
881	3037
881	554
881	3087
2761	2680
2058	1192
749	215
1330	1023
1330	2530
1330	1351
2068	1393
253	1810
253	2004
2895	2587
553	2587
553	2895
1045	1851
1458	1851
2144	2880
348	1660
348	2715
348	1552
348	2529
3143	1480
2297	2942
2297	2168
2297	2608
1978	2742
1978	1262
1978	2051
1978	3086
1978	2093
2093	1671
1424	1671
2620	2253
2620	921
17	548
1911	453
1734	435
1271	2348
1271	3050
3050	2348
3230	548
785	2752
2367	2928
2463	2908
2463	1748
3017	144
3017	3121
2336	3121
2686	2739
1672	2610
1920	3243
762	2533
585	1306
2410	1306
1902	1851
1055	2600
2066	2568
2066	63
2066	2779
2066	3075
2066	1209
2066	1490
2066	2677
2066	2488
2066	2940
2066	2270
2304	2808
2304	583
3177	2762
3177	957
3177	1192
249	1902
2274	2843
2274	2057
2274	214
2057	2856
2057	517
2057	214
972	2929
972	1295
972	1233
1112	2944
456	1902
456	1851
1891	708
1891	944
1891	2028
1891	2386
1204	1793
1305	418
35	1628
35	606
35	1396
1396	3061
1396	1194
1396	1538
850	1306
2004	2663
2004	2439
1281	1810
1484	692
1604	2352
2533	1562
2533	516
1539	421
2162	1610
2162	240
2162	421
2162	1031
2162	1192
2162	1222
2162	407
2162	1539
2162	1427
3029	1539
3029	754
20	2400
20	2977
1079	2376
1079	1242
1079	3157
1079	1916
1651	1903
358	2984
1520	1192
2439	3111
2465	233
2465	2762
2465	1232
2465	2677
2465	2488
2465	1005
2465	3035
2465	2893
2465	2669
2465	481
485	2957
485	1232
485	1359
613	1232
1643	1452
1643	423
3202	1218
208	688
208	1232
208	1192
208	1035
208	142
208	1851
208	1142
868	965
707	3052
360	2908
360	2738
360	3125
360	1748
895	7
895	1547
1359	1840
2342	3101
1142	2685
1142	3138
1142	555
1142	1087
1043	1986
1043	3004
2511	3232
628	2331
637	2276
1688	1492
1688	2752
1688	785
203	1479
203	965
1306	2118
1306	1054
1196	1870
1196	2026
1196	2741
2069	2890
3041	1785
3041	2694
254	599
1397	621
2386	2946
2386	1628
2386	1891
754	1539
698	2636
3241	1851
1939	1327
