975	2832
1612	1469
1612	2330
1612	3060
1023	2530
1023	1630
1023	1351
167	2819
167	2716
167	1999
2641	3022
1728	482
1728	189
2717	1919
3199	1529
1399	1447
1399	2668
1399	396
1469	2822
1469	488
2792	3188
1817	2848
1817	3035
1817	2233
1817	744
551	2208
551	2508
512	120
512	2742
2292	1784
2049	2742
2530	1023
2530	1630
2530	1351
1582	1412
2017	1923
2640	825
2640	3032
2640	2648
2640	565
2640	359
2254	1657
2491	1817
343	1249
343	3138
343	2677
343	2488
343	1005
343	2716
22	1996
2859	1309
2859	1845
2859	509
2027	635
2027	840
2402	477
1681	2088
1681	2252
1681	2050
1681	241
1681	774
1681	177
1681	2981
914	143
914	2817
2480	1035
1421	407
1421	1427
121	1760
675	953
2908	1748
829	3200
1162	1031
2894	1460
2894	186
2997	1728
2997	1868
2553	2112
2553	1640
2553	831
2580	3195
1799	1682
1799	288
635	840
120	1039
120	173
120	1895
120	2927
120	1514
3105	1868
3105	1574
3105	1666
3105	1485
3105	2633
772	328
763	1562
2080	1967
129	2612
705	2083
3260	2887
3260	2222
3260	1045
3260	436
3123	713
1619	692
1115	1227
1115	109
1115	3063
1115	1471
2170	3125
2612	638
2612	1401
302	71
1474	780
2742	1628
2742	1902
2742	1152
692	902
1730	1152
440	987
2567	1189
1723	2525
1723	339
730	593
730	912
2354	1728
2354	2356
3037	509
2223	2170
2223	3125
934	2525
934	1097
934	34
2343	1728
2343	3110
1868	2293
1868	638
1868	333
554	509
2756	271
2756	2383
2756	2677
2756	1035
98	1447
98	1006
2653	2699
1011	2249
2423	2513
1663	1085
2090	1023
2090	2530
2090	1351
2090	2199
1311	2504
1451	840
1282	2640
2683	1095
1386	750
24	155
2979	2859
2979	3037
2979	2775
2979	554
2979	321
2979	1373
2979	992
2979	2090
2979	3157
2979	1709
2979	78
2979	2958
2979	1280
2979	1364
2979	3087
2979	881
2979	2046
2979	331
2979	1340
2979	1260
2979	1196
1213	1312
552	78
2352	2045
1797	1951
2552	752
442	3125
222	2112
222	1640
913	825
913	1022
913	2482
913	1046
913	1298
913	3142
913	2648
612	2195
1367	1548
2988	976
3076	1222
2540	2353
197	2792
1627	927
1778	775
750	590
2461	2447
1505	1790
859	730
859	912
1878	1842
1842	1878
1842	1463
2356	3121
1401	2612
940	2347
2809	1821
1998	1010
2135	2112
2560	2504
9	1304
1536	192
1740	192
2631	2404
2631	1955
2008	838
2008	1605
1575	862
364	688
688	899
688	2677
779	2377
1287	2640
473	3182
1315	2234
2163	2028
905	1477
905	2807
905	2084
2319	1715
2434	3126
2434	392
2434	1333
2434	3163
2434	1786
2434	1457
2434	1519
3009	1462
509	1309
3157	3037
775	831
88	278
88	2648
873	2394
3182	473
158	435
371	1663
3107	1421
2672	1898
994	53
229	2859
229	1309
229	3037
229	554
229	509
229	3157
229	2705
229	3087
229	881
2026	1023
2026	1870
2026	1351
1756	1213
557	1283
557	1966
2776	886
1295	3201
1295	1233
2131	1133
2131	2129
2131	3118
2000	3215
2719	761
2074	2998
3150	844
559	1959
559	1277
1277	949
1364	2530
1364	2335
3110	1556
2693	1728
2693	302
2693	1460
2045	2594
664	1066
1447	2704
1447	33
1447	1006
1447	1854
338	1821
338	3125
3020	1246
906	692
906	902
906	1964
1761	705
1250	2008
3086	1262
147	2632
1144	500
1978	504
3251	673
2311	1597
3011	466
3011	740
1522	336
1522	658
1522	1259
282	226
2009	958
1208	1858
780	1474
1133	2129
2046	164
184	750
1307	101
629	2447
2737	673
3000	2255
3000	1412
514	2840
295	606
606	1194
811	128
555	2677
555	2488
891	555
1035	1898
142	591
142	1898
1898	709
2053	466
2053	740
249	2149
249	1304
249	9
1971	3182
1839	2323
1839	1574
417	314
2205	518
2205	1542
2804	1227
248	2804
695	2447
2306	1336
2508	2208
2508	2487
850	447
3172	1872
3172	24
2627	1728
1340	869
1340	276
1523	512
2938	1821
1006	1447
1604	2558
2264	1724
2264	2656
2264	883
2264	3229
2264	29
2162	1421
3146	617
3146	2592
3146	2138
3146	3051
3051	617
3051	2138
3029	2184
3029	834
3029	2581
3029	1760
3114	87
3114	1957
2628	311
441	2628
1501	728
2338	2650
3152	1312
2650	1312
2650	3152
318	1469
579	902
2668	1399
2668	1447
2668	396
396	2668
137	726
1950	617
1950	2138
2570	635
2570	840
2256	1946
2256	590
1235	2330
1235	3060
2503	3145
2503	3079
3079	3145
3079	1564
3168	1234
2345	1234
1129	109
1129	1471
109	1487
1198	616
3066	1238
1043	3195
65	1011
2114	2635
1012	2079
1012	3135
1519	3126
1519	1786
2296	841
667	656
625	3059
1708	128
2869	328
658	336
2013	1429
2013	2167
545	1429
2167	2980
2167	1429
1196	690
3041	1503
3041	902
3041	391
1478	2588
2874	2965
1336	1238
2087	1433
2087	2563
1777	3258
1669	1595
2981	1376
2633	1666
2633	1485
