975	2832
2368	213
2368	3129
375	1394
1728	482
1728	189
2717	1919
2717	920
1817	2848
1817	3035
1817	2233
1817	744
2881	1394
304	2918
304	111
304	1635
1028	154
1716	1394
2079	3135
2079	697
2688	1974
2688	1431
2989	1341
2989	547
1645	1264
1645	2679
1645	3262
1645	1490
1645	2862
1645	2773
238	1584
2640	825
2640	3032
2640	2648
2640	565
2640	359
807	2721
807	2691
807	2041
807	1249
807	379
689	189
689	2896
2802	1389
2491	3035
2491	1407
1389	1230
343	1249
343	3138
343	2677
343	2488
343	1005
674	1005
674	2233
674	1409
1362	2233
1117	3056
1652	1405
3261	1496
3261	1977
3261	2906
1092	430
1403	2519
1403	2151
1403	3220
1403	3232
3024	1005
550	1034
2480	2677
825	3062
825	373
825	93
1573	3261
2997	1728
2997	1362
2997	3214
2997	2848
2997	1868
2997	2819
2997	2523
2997	2514
2997	2233
2997	744
136	1005
1205	2701
1713	2523
1713	114
1713	2152
1097	3035
1097	2669
1097	481
1097	1960
120	1039
120	1895
2681	2773
1641	1431
974	2033
1583	1051
1583	1560
532	596
2554	3197
2554	1138
2721	329
1578	181
1856	1389
1856	1230
1856	2266
1856	62
453	491
453	1148
453	2817
2575	2691
2575	1876
2575	1249
2575	2357
2939	1394
1991	2773
1701	406
2779	1405
2779	1744
2779	2510
2779	146
2158	3035
2158	2183
1320	1389
1320	2695
1320	751
1320	1937
1320	323
1320	2880
1320	2058
1320	3035
1320	1245
1320	2785
533	1034
533	1084
533	1576
533	1005
533	86
533	2276
533	2241
533	1272
2197	2215
1723	2514
1723	1560
1723	3232
1723	425
2762	114
2839	1490
2839	891
2735	825
2735	1022
2735	1934
2735	1577
2735	1246
2735	3098
2735	2648
2735	359
934	1097
934	34
934	1490
934	2095
934	208
2250	3129
2250	404
1908	576
957	3214
957	2887
957	93
957	1337
45	1005
45	2731
45	803
45	1272
2378	825
2378	1022
2378	2482
2378	1046
2378	1298
2378	3142
2378	2648
2378	1337
2378	359
2378	1859
2378	2909
1868	2293
1868	638
1868	333
1868	2887
1868	1642
1868	2514
1868	2233
1029	2183
2756	2677
865	373
865	611
865	1005
2423	238
2423	1835
2423	842
2423	652
2423	2513
2423	441
2423	300
2423	2896
1311	2504
1311	1701
1311	2582
3044	34
3044	494
3044	848
3044	778
3044	3078
3044	1310
3044	1170
3044	2725
3044	373
3044	611
3044	540
3044	2460
3044	2557
3044	1577
3044	93
3044	813
3044	146
3044	2005
3044	1458
3044	565
3044	1576
3044	2501
3044	3003
3044	2951
3044	3134
3044	467
370	968
370	3234
370	2982
370	323
370	1954
1451	840
332	1407
1282	2640
1282	825
1282	2648
1282	2351
62	2802
62	1230
1719	1264
1719	10
1719	1135
1719	114
1386	750
430	2272
893	347
893	299
1086	1937
1086	3003
1086	2674
1086	1768
175	2030
2670	1199
1465	1251
1866	420
1866	2568
1866	63
1866	586
1866	2441
1866	2270
29	931
1735	1245
1107	1985
2145	1251
2145	998
913	825
913	1022
913	2482
913	1046
913	1298
913	3142
913	2648
913	1337
913	359
913	1859
913	2909
2043	1394
1744	2779
3253	1430
3076	1222
2540	238
2540	1807
2540	2353
2540	96
2540	2423
2540	369
2540	1084
2540	2333
2540	441
369	1887
369	1084
1906	842
1906	341
1906	2186
1906	1236
1137	3261
3062	373
2383	2677
930	3214
930	3078
930	1922
930	415
930	438
930	2063
930	875
930	1086
930	3062
930	2437
930	603
930	540
930	2460
930	2044
930	2557
930	2172
930	93
930	566
930	1749
930	1729
930	1145
930	1458
930	1005
930	1355
930	55
930	1044
930	3003
930	1635
930	2674
930	2937
930	1768
930	2702
2437	1199
2321	1245
2321	2428
1231	825
1231	1022
1231	1934
1231	1577
1231	1246
1231	2648
1231	359
1231	2351
291	596
2593	438
2593	1171
2593	1642
2593	611
2593	2551
2593	1135
1171	3093
1171	1642
1171	611
1116	420
1096	2094
665	3082
853	1962
853	3171
853	1860
853	3036
853	1791
853	3154
853	2532
853	3024
853	1413
853	136
853	3093
853	368
853	3214
853	2991
853	2615
853	764
853	494
853	848
853	44
853	1554
853	3078
853	1472
853	3130
853	638
853	2140
853	2980
853	1371
853	666
853	980
853	465
853	1922
853	415
853	2359
853	2063
853	2576
853	875
853	1847
853	1170
853	352
853	2725
853	3062
853	373
853	1017
853	603
853	2160
853	571
853	1642
853	611
853	1988
853	806
853	1861
853	540
853	2460
853	2044
853	2557
853	2172
853	639
853	183
853	93
853	566
853	1749
853	1729
853	1145
853	1946
853	2880
853	2366
853	998
853	786
853	1236
853	1942
853	1045
853	436
853	1458
853	1431
853	1576
853	1005
853	1644
853	1302
853	1355
853	1139
853	55
853	2501
853	2985
853	609
853	150
853	3003
853	471
853	460
853	513
853	1851
853	2674
853	2347
853	1907
853	2800
853	2443
853	1334
853	2937
853	3204
853	1272
2160	2757
2160	603
2679	1249
2679	1368
3262	2021
940	2347
2327	1394
2643	93
571	3024
3186	465
2505	1791
2505	1676
2505	2532
2505	2703
2505	2991
2505	494
2505	1934
2505	1899
2505	1034
2505	383
2505	86
2505	221
2505	803
2910	2773
1039	1169
2957	1458
2041	329
2560	2504
2560	1701
2560	2187
2560	174
2560	2582
2415	1937
2415	93
2415	2985
1937	438
1588	3154
1588	3024
1588	3093
1588	3078
1588	2980
1588	415
1588	2063
1588	875
1588	1086
1588	2145
1588	3062
1588	930
1588	2437
1588	603
1588	571
1588	1937
1588	1642
1588	611
1588	2044
1588	2557
1588	2172
1588	93
1588	566
1588	1729
1588	998
1588	1045
1588	436
1588	1431
1588	1005
1588	1139
1588	2586
1588	57
1588	2674
1588	1229
1588	2702
1379	3171
2008	838
2506	1084
1780	2991
2220	1034
2860	3253
2860	1368
1642	3093
611	3093
611	1934
611	1642
2913	1737
2913	1013
2913	2602
2913	1282
2913	3141
2913	150
2913	2092
2913	1738
2913	711
2913	1134
1988	2454
1988	582
3005	2817
2373	576
364	688
364	2919
688	899
688	2677
688	2095
951	2968
951	2848
951	1276
951	2233
1861	2615
3245	2880
3245	1005
2523	129
2523	848
2523	2839
2523	1490
2523	1999
2523	979
2523	2152
1287	825
1287	359
540	3078
540	2233
1899	1034
1899	383
1899	1005
2746	2989
2746	689
2746	2491
2746	1389
2746	1230
2746	2266
2746	816
2746	1264
2746	1980
2746	1320
2746	2762
2746	957
2746	2378
2746	1029
2746	865
2746	370
2746	913
2746	639
2746	66
2746	10
2746	2360
2746	2672
2746	196
2746	1005
2746	1192
2746	1135
2746	3177
2746	114
2746	1851
3075	2106
3075	146
3075	2677
3075	2488
1083	1405
1083	2510
2044	3154
2557	3154
2557	2044
2557	1005
2172	3154
2172	848
2172	2757
2172	415
2172	2063
2172	875
2172	3062
2172	2044
2172	93
2172	1729
2172	998
2172	1139
2172	55
2172	2501
2172	2702
3070	1683
1664	874
1773	2847
231	2575
231	2691
231	1249
1577	2351
1246	1022
1246	1577
1246	2918
1246	57
1246	2351
2038	825
183	2071
66	639
66	2672
566	438
566	2887
566	1729
566	1458
566	1229
141	2773
2658	1355
1183	1791
1183	2532
1183	2703
1183	2991
1183	586
1183	494
1183	2423
1183	2540
1183	369
1183	1899
1183	487
1183	1236
1183	1005
1183	2731
1183	803
1183	2241
1183	1272
1228	1873
139	1135
1749	638
1749	1075
598	2906
1729	813
88	2648
1209	1458
2221	816
2221	2516
2221	2302
2221	1
2221	547
8	1713
8	2523
10	183
2374	2071
2222	778
2222	415
2222	2063
2222	875
2222	1294
2222	2880
2222	813
2222	1005
1342	2003
1342	1431
3015	2773
2812	1458
2812	1245
2812	2893
2812	1087
2853	3024
2853	2991
2853	2505
2853	1899
2853	1319
2853	1816
2853	1272
1319	2441
2360	2772
2360	90
2360	540
2360	1409
159	1130
2498	2648
2498	436
2672	34
2672	1898
2672	709
2672	1851
2982	3234
2982	323
3098	323
3056	2872
2467	1922
2467	1005
1294	3130
1294	410
1294	2880
1294	1005
1294	2660
2880	90
2880	1409
341	2942
341	2887
341	410
341	1294
341	1005
2186	410
1838	2777
1589	2968
21	1276
1609	3035
1609	1245
1609	2785
1704	598
3117	2848
3117	1276
3117	1036
3117	2233
3117	1806
3142	1298
468	2140
1074	2514
1974	271
1974	233
1974	2383
1974	2677
1974	481
1974	1960
2077	2773
1249	2691
3240	764
3240	2725
3240	2164
2094	3047
2094	623
1770	2670
196	1551
786	3078
786	1789
786	2193
786	2601
786	1321
786	998
786	2111
786	55
786	460
786	2800
482	540
482	2233
482	744
2224	1039
1796	2906
2418	1249
2418	1430
487	1962
487	3154
487	2237
487	2044
487	410
487	2467
487	1294
487	341
487	2186
487	146
487	1045
487	1576
487	86
487	1269
487	1127
487	400
487	1803
487	2241
487	1272
1236	1256
1236	1918
1380	1148
2514	2293
1590	1394
2111	2005
2005	2111
1774	2695
1774	111
1774	2468
955	333
2058	2695
2058	410
2058	323
2058	1192
2058	1207
2058	189
2058	2896
2058	2734
1965	213
1965	646
1965	615
615	213
615	1814
56	2374
56	2763
1581	2374
1581	3027
1581	2763
2648	2918
2648	2351
2068	1393
1942	1413
3020	1246
2468	2695
3138	609
3138	1993
1045	438
1045	1851
436	438
3228	1568
327	2772
1458	908
1458	2692
1458	2985
1458	179
1458	1851
1458	50
2003	1431
2037	1371
2037	980
2037	2359
1931	2198
3082	1310
1250	2008
1490	2136
1490	1249
1490	3138
1490	2677
1490	2488
1490	1005
1490	2716
2546	3130
2546	2660
2144	2880
2333	2381
986	476
2297	2942
2093	1671
209	1360
1424	1671
1005	1914
1644	136
1644	2942
1644	3130
1644	1847
1644	1861
1644	2044
1644	410
1644	2467
1644	1294
1644	341
1644	2186
1644	1236
1644	1045
1644	1576
1644	1005
1644	1302
1644	1355
1644	874
1644	2961
105	3036
105	674
105	2532
105	136
105	368
105	2703
105	2991
105	494
105	44
105	1554
105	438
105	2887
105	178
105	93
105	2186
105	1236
105	1045
105	436
105	1005
105	1302
105	1355
105	86
105	3003
105	1269
105	57
105	2247
105	1334
105	803
105	2241
105	1272
1302	178
1302	1236
1302	1005
1355	1045
1161	1276
272	2501
2501	399
1212	272
1212	2501
2132	491
2132	1148
2132	2817
2372	1394
1911	453
1699	943
1699	72
86	1791
86	2532
86	2237
86	2703
86	2991
86	494
86	2731
86	803
86	2241
86	1272
2990	28
3096	3130
1560	1051
685	425
609	1993
2888	2055
2055	3161
2714	2302
2714	2021
2322	2691
2322	1249
2322	2714
1222	240
1222	233
1222	407
1222	2893
1222	2669
1222	481
1897	2025
1044	438
1044	373
1044	1937
1044	93
1044	3003
1044	2674
1044	874
1044	2937
1044	1768
2586	3154
2586	3062
2586	373
2586	2044
2586	639
2586	93
2586	3003
2586	2674
2586	874
2586	2937
2586	1768
1269	1791
1269	1676
1269	2532
1269	2237
1269	2703
1269	2991
1269	494
1269	1084
1269	1005
1269	86
1269	2731
1269	803
1269	1803
1269	2241
1269	1272
347	2025
3116	181
2551	1135
1850	2510
1036	2848
1036	3035
1036	2233
1036	744
687	1737
687	1171
687	412
687	1738
687	874
687	1494
562	1017
2723	1045
555	2677
555	2488
891	3138
891	609
891	1993
891	555
2066	2568
2066	63
2066	2779
2066	3075
2066	1209
2066	1490
2066	2677
2066	2488
2066	2270
1898	709
471	3062
471	93
471	55
471	3003
471	2674
471	2800
471	1768
460	373
460	2454
460	55
922	2939
922	790
1207	3035
1207	2785
3177	1097
3177	1217
3177	478
3177	2695
3177	751
3177	323
3177	1609
3177	770
3177	1207
3177	1245
3177	2785
3177	189
3177	2896
3177	2152
2974	221
2419	382
513	3078
513	2145
513	2437
513	853
513	2160
513	2111
513	2005
513	1355
513	272
513	2501
513	1635
513	1159
1738	1737
2674	3003
2674	1768
874	93
874	3003
874	2674
2907	2215
3252	2906
1494	1750
2233	2848
2233	1276
1816	1472
407	240
2627	1728
2247	3130
2247	2800
2763	2374
2763	1975
1954	438
2259	117
117	1934
2162	240
2162	1222
2162	407
2162	1427
2183	481
441	2169
441	2628
441	2896
1279	2169
1279	2896
296	1013
1895	2366
2785	1245
1806	2848
1520	1051
1520	648
1520	1703
1520	1480
1520	2514
1520	1560
1520	1192
1520	3232
1520	1820
1520	425
2669	233
481	233
744	2848
903	1583
1407	3035
1753	2551
1753	1135
1127	2797
137	3100
137	726
2465	233
2465	2677
2465	2488
2465	1005
2465	3035
2465	2893
2465	2669
2465	481
359	3032
485	2957
2256	1946
3202	1218
3129	2339
3129	1814
1859	1046
1859	2909
2909	1046
2687	1490
94	1893
208	2480
208	1097
208	2568
208	63
208	688
208	2919
208	3075
208	1232
208	1458
208	1490
208	2677
208	2488
208	1005
208	1192
208	891
208	1035
208	142
208	1851
208	1427
208	2095
208	1142
208	1087
3169	3176
2171	2779
189	1245
189	2428
1073	770
1445	2800
3134	415
3134	2063
3134	875
3134	2172
3134	2702
467	2615
467	1861
1142	2685
1142	3138
1142	1087
2511	3232
2061	189
1953	1431
1012	2079
1012	3135
400	2996
2555	420
1814	2339
1814	55
2862	2033
889	1394
637	2276
70	3082
2731	2532
2731	383
2731	1938
39	2985
1440	2215
2167	2980
2445	2665
1254	609
2422	3082
697	3062
697	93
1104	3062
1104	93
2117	1968
1608	1217
1608	2734
2896	1245
803	1472
803	3130
1820	2525
1820	1560
2270	2568
1087	1245
1803	2532
1803	2237
1803	2703
1803	2991
1803	1472
1803	1272
2241	1791
2241	2532
2241	2237
2241	2703
2241	2991
2241	86
2241	2731
2241	803
2241	1803
2241	1272
1272	2237
1272	2731
1272	1803
1865	1962
3241	1962
3241	320
3241	816
3241	1153
3241	3062
3241	2437
3241	2044
3241	1577
3241	1246
3241	93
3241	1228
3241	1236
3241	1851
3241	1859
3241	1918
2760	3154
2760	1187
2760	1153
2760	2044
2760	819
2760	1961
2760	1431
2760	1918
2152	3035
425	2810
830	806
