367	494
367	1192
367	407
167	2819
2711	933
3209	169
1623	2062
1864	1098
2289	1621
869	276
677	809
3095	240
2881	524
2881	922
3036	508
3036	1847
3036	247
3036	806
3036	1899
3036	2164
3036	1045
3036	2443
2017	1923
2953	1442
2953	1186
745	2682
1791	1676
1791	2532
1791	2703
1791	2991
1791	494
1791	383
1791	803
689	1217
689	478
689	2695
689	323
689	770
689	2785
2491	2695
2491	1589
2491	196
2491	1774
2491	2058
2491	1036
2700	2302
674	3130
674	178
674	659
674	2880
3194	1008
1362	2293
1362	638
1362	333
1362	2887
1362	1642
1362	2514
419	2344
1767	2279
2104	1013
1676	2991
3154	3062
3154	373
3154	1937
3154	2460
3154	2044
3154	93
3154	998
914	2817
694	589
3024	3130
3024	1086
2007	1851
1555	922
1739	2876
1421	407
1421	1427
1226	2244
2525	34
2237	2532
2237	2703
2237	1472
2261	1691
1168	3173
693	889
136	178
136	1236
801	1180
320	334
2015	998
1097	34
1097	848
1097	233
1755	2248
82	648
82	1480
3139	770
3139	1073
1105	1806
678	864
2102	751
2703	1472
2703	3130
1187	659
610	603
1217	2829
1217	1760
1217	653
129	2612
129	701
129	546
989	933
1692	2939
3260	2887
3260	2222
3260	1045
3260	436
2612	638
1346	2225
1346	2169
1346	2393
1346	2326
2265	2169
2411	889
1402	215
339	575
34	2880
169	2441
3078	2111
2796	2212
2796	2549
2796	1656
533	2532
533	2991
533	586
533	2505
533	8
1723	2525
1723	339
1723	648
1723	1480
2762	10
2762	1458
2839	816
2839	2672
934	2525
2250	651
115	2866
2786	1045
45	1791
45	2532
45	2703
45	2991
45	586
45	494
45	1899
45	1236
1029	1589
449	1631
865	3093
865	2975
1725	2426
426	589
3044	2237
3044	2991
2571	465
1883	1013
332	2212
332	2549
332	1656
332	444
332	3141
332	3058
332	933
332	1192
332	709
2229	1480
2229	1410
2229	620
1719	816
646	1270
1086	438
1847	3130
1847	2660
2232	933
767	2212
767	2549
767	1656
352	3154
352	2044
352	998
2978	2294
2978	793
225	2374
3183	2290
701	546
259	2953
259	1186
259	1782
1559	961
1830	709
1616	1502
3162	1502
910	2876
2134	2901
930	3154
197	2007
197	2124
2593	3093
2593	899
2497	776
2945	1013
568	1013
2601	1513
2601	372
1019	1100
1019	2456
1210	1216
524	546
2150	2192
2644	3005
3064	1190
1190	3064
2698	444
2969	952
2969	1648
2969	2395
2969	1357
1382	3103
2618	1390
64	933
2658	487
819	1153
819	659
2876	812
734	1769
1434	734
1434	1769
388	1056
2606	843
1831	2344
2192	3140
897	2417
2867	1080
909	1680
2812	2278
275	239
499	444
160	1226
160	2597
2467	2942
1704	2001
1186	3053
3117	1105
557	1966
1966	2265
1001	922
2018	1769
3034	2236
457	1857
475	284
2224	1923
765	68
548	2225
548	2326
2634	589
749	215
372	1513
1617	2724
2436	7
2436	1547
366	2889
536	480
451	3185
2782	2978
3143	1480
770	478
2054	284
2054	475
1057	2975
3089	140
251	346
2818	2010
2733	864
685	2810
190	1153
2287	1419
2287	2834
2287	3019
855	444
126	2248
126	2797
126	185
2305	933
3226	1983
2	3030
2	787
2395	3165
1782	2953
1782	1186
523	1675
1481	1153
1481	1703
687	1437
866	2759
2955	3194
2955	1008
1530	1056
1400	2248
2597	2244
1500	2244
2493	2690
1680	1852
283	933
1000	2759
1340	276
1975	349
1279	2265
1520	2525
1520	339
847	1201
613	1232
645	1833
645	1224
760	2344
541	2278
68	3238
836	68
1359	1840
1372	1150
889	1108
70	1700
1345	1191
2864	519
3205	276
166	1571
2408	1665
1939	1327
