167	2716
167	1999
2176	1064
2176	2774
424	2077
2547	1255
2547	43
319	445
107	686
2065	3012
2065	898
2369	1300
2369	1546
2369	923
2369	3256
2369	1392
2369	2645
551	2208
551	2508
2048	1885
304	2918
304	111
304	1635
3045	2263
3091	472
2417	2846
2417	1677
1645	2862
2790	1567
171	2312
343	2716
1829	119
1829	305
479	219
479	788
479	790
479	2891
479	2181
479	649
479	299
2666	1724
2666	2656
2666	883
1767	2279
1652	1534
1652	1405
1599	1064
1599	2774
2267	1339
1441	445
38	1120
38	1765
38	2246
38	3160
38	40
1255	43
1255	15
694	1300
694	2300
694	589
694	463
694	515
694	3256
694	3028
694	894
694	1111
1226	2244
1048	1901
119	3080
1064	2774
2070	2110
2070	124
2070	691
2070	395
1147	1185
2884	2619
2884	1048
801	1180
2936	2824
120	173
120	1514
1016	25
1016	890
719	219
1415	643
2086	1120
2086	1765
2086	2246
2086	3160
2086	40
129	701
1765	40
926	1849
1991	2773
626	445
626	3042
1654	416
1997	3083
1908	576
1908	311
1908	2373
1732	1339
865	2800
3007	479
3007	1147
1663	1085
1077	3250
2747	2077
2229	1410
2031	1026
788	2070
788	2629
788	1647
978	515
1288	1693
893	299
1464	2666
1464	1303
52	1369
2654	2263
2654	2611
443	1392
32	703
1466	1021
1466	2433
3183	2290
2414	2312
1107	1985
790	2891
701	546
959	790
959	2891
2128	388
2390	703
414	2054
2638	1992
2956	416
2956	1461
2956	1137
1461	1991
1461	1625
1137	3261
1137	1416
1137	1943
1137	2023
1137	837
1137	1461
1137	1710
1137	1263
1137	73
1137	3077
2421	1263
2421	2230
1710	2421
1263	2421
1263	1710
2134	2901
3016	15
971	2455
971	495
2667	2899
2667	1778
2667	1758
2667	1387
2736	1392
2736	445
960	672
960	3067
3219	2862
1322	790
1322	2891
1711	2166
853	2800
1811	386
1625	1558
2910	2773
243	1558
243	2191
243	2941
243	2245
243	1912
243	2130
2661	1322
2661	538
2661	2302
2661	1775
2661	1510
2661	2262
2661	2372
2661	1108
2661	1907
2661	2803
3022	431
2150	1844
2150	1322
2150	2192
2150	1775
2150	1510
2150	2609
2150	2878
1970	538
1970	1493
1493	2850
1493	42
2795	691
2795	395
1988	395
1988	2800
3131	3080
2373	576
2523	1999
2523	979
2173	1121
2173	2473
2173	2833
2833	2473
755	1165
755	684
1083	40
1541	3083
1541	3008
1541	535
308	2589
141	2773
2930	923
2930	997
2930	305
2930	227
1286	1225
1002	15
2113	1758
388	1056
3160	194
3160	2246
1831	2091
1831	2344
1831	760
1528	2455
1528	495
897	2417
923	1570
2457	353
1989	443
1989	2457
2221	2302
1741	3045
1741	1901
371	3045
371	1085
1342	2003
574	2372
574	2803
19	2262
19	2372
19	1108
1670	2846
1670	1929
1670	2011
1670	224
1670	502
1670	2866
1670	2623
1670	2538
3256	2300
3256	2072
3256	3028
1638	1557
2959	977
3015	2773
160	1226
160	1558
160	2268
160	2589
160	1625
160	2597
160	2244
805	2130
805	3077
2077	2773
691	2939
691	1625
691	956
1295	3201
1001	1322
1001	2150
1001	2609
1001	922
1622	1929
1622	1001
1622	502
2097	1794
786	1789
786	2193
786	1321
786	2800
1580	2191
1580	2941
1580	2245
1580	1912
1580	3132
1296	679
3206	378
3206	1862
3206	2101
3206	2185
3206	3148
3206	25
2418	243
925	672
925	3067
1093	1901
3149	1752
3149	2174
2178	2191
2178	2941
2178	2245
2178	1912
2178	3015
900	151
2651	1514
1853	1900
1853	743
1423	2936
1423	2824
878	2936
878	2824
878	1518
878	76
878	2954
1157	4
894	165
894	1615
595	43
1444	2645
2645	165
2645	1615
2645	1103
2537	1901
2537	856
2537	289
2537	263
2537	2263
856	1901
856	289
856	263
2003	1431
1398	14
1490	2716
3025	1900
2372	538
2372	1394
539	2710
539	1078
2054	284
2054	475
2604	2470
40	1120
40	1765
2714	2302
2322	2077
2042	2837
1897	19
1897	2372
1897	963
1897	2025
1897	2803
963	1775
1007	264
2182	2604
1850	1534
1850	2939
1850	2411
1850	2510
434	119
434	2877
434	2892
3008	434
511	2180
1530	1056
471	2800
2591	188
2597	2244
1500	2244
2493	2690
2451	2300
922	2939
922	790
1518	900
1518	76
2866	1938
1938	2866
258	1710
258	1324
3248	768
3248	973
3248	1727
3248	558
3248	3006
558	768
558	1727
558	2029
2793	2850
2793	42
972	1295
972	1233
1151	4
4	3080
2181	479
2181	693
605	2302
605	820
307	2837
1863	1103
1863	4
721	1900
721	743
721	2837
3048	1900
3048	743
3048	2837
3048	721
3048	622
2247	2800
2938	2604
2264	1724
2264	2656
2264	883
2264	3229
2264	29
641	805
641	3077
2349	2016
2628	311
2659	1544
289	1901
263	1901
263	2263
2611	1901
2815	301
535	250
1999	979
3148	1862
1907	2262
1907	1108
2365	3175
2365	1689
3175	1689
634	1339
622	1239
622	1900
622	2837
622	721
696	2712
2073	2072
2073	2645
2073	1111
760	2091
760	2344
2727	1611
2727	741
2171	2779
2970	2941
2970	2245
2970	1912
995	2011
2624	2878
1378	2392
450	2048
1445	2800
982	3042
188	2107
1697	2459
2555	1929
2555	420
2555	2384
2555	2967
2555	1510
2555	1417
1514	2651
2862	2033
889	1108
703	463
2731	1938
1677	1947
1440	2215
384	1901
2623	1844
2623	1401
2623	502
2954	939
2745	1255
2745	43
2745	15
3010	2970
1243	925
1243	2970
1865	1962
1865	2692
1865	179
2803	2372
1669	1595
647	1611
647	31
647	461
647	1202
