1586	1317
1586	2375
375	237
375	2364
375	1124
375	1394
106	2939
106	790
106	2891
106	299
266	917
2711	933
860	678
337	798
2450	2611
245	1929
245	1594
245	3080
877	1024
677	809
2952	2548
2952	422
2952	1392
152	165
152	1615
152	1103
152	463
152	3256
152	3028
152	894
2886	1766
2886	61
2886	422
2886	1392
2548	2952
2548	1392
1746	224
1746	502
1746	2866
1746	2623
1746	2538
2881	2850
2881	42
2881	524
2881	1493
2881	922
2881	2793
2881	1394
2535	108
474	2300
708	2224
1030	1024
1917	103
1917	822
1917	2189
2521	724
1716	2939
1716	1394
1454	1530
1582	1412
2281	2157
2989	1341
2989	2302
2989	547
439	727
439	1331
238	1584
2017	2224
1063	2474
200	2939
200	2652
807	2721
807	2691
807	2041
807	1249
807	379
807	725
216	2175
2116	2939
2491	2302
1766	61
61	1570
61	3167
2700	2302
3113	1825
2307	2939
48	165
48	1615
48	1103
48	515
419	2344
549	1926
1929	2967
1929	1510
1681	2088
1681	2252
1681	834
1681	2050
1681	3000
1681	241
1681	774
1681	177
1681	2981
1982	805
1982	3077
1483	2076
2011	521
2159	495
2159	2286
165	3244
165	1103
165	204
1620	1788
1620	1987
1620	867
1403	2151
1403	3220
2771	2866
2771	2623
544	2269
550	2220
550	1034
2480	271
2480	2383
2480	2677
2480	1035
1555	1290
1555	2850
1555	42
1555	922
172	2707
224	2372
224	2803
1573	1658
1573	3261
851	1025
693	2939
693	1558
693	624
693	1625
693	2574
693	956
693	2836
693	889
1040	712
1713	1882
1713	2762
1713	957
1713	2523
1713	1287
1713	746
1713	2269
1713	2066
1713	114
1713	2152
1755	2248
1755	1548
2440	704
3227	3092
1615	3244
1615	1103
1615	204
2432	2755
678	864
974	1156
974	2033
60	454
60	3223
663	2707
663	354
663	1219
2554	3197
2554	1138
989	933
1692	2939
1455	2692
2612	1401
2939	1108
2939	1394
2411	2939
2411	889
2728	2245
520	2728
520	2245
1701	406
2257	663
2257	218
758	1455
2858	1406
2156	2707
2156	354
2156	1219
710	375
710	2697
710	1590
1702	2697
2839	1882
2839	2384
115	2866
654	729
833	2398
3119	2191
3119	2970
1009	2384
2507	61
2507	2403
1363	954
1674	1278
1674	179
1725	2426
1714	2970
1311	1701
1311	2582
426	2375
1941	669
978	48
2052	2939
1072	1594
1089	1707
175	2030
1771	2043
1797	1951
443	3046
2384	924
2384	640
640	924
1866	420
1866	2568
1866	63
1866	586
1866	2441
1866	2414
1866	2270
29	931
29	2767
1113	29
2203	1414
2081	316
2941	2728
2941	2245
2245	2191
2245	608
2245	2141
2245	1580
2245	2970
2783	454
2783	2722
2043	1394
2435	2474
572	123
910	297
1943	1416
1943	837
2023	1943
2023	73
2122	2177
526	2787
704	2440
704	1525
1525	2440
1525	704
1627	927
1778	775
291	596
966	2137
3219	974
3219	1156
3219	19
2544	380
201	3113
201	1825
201	2777
201	1689
1116	420
1116	2623
1096	1175
1096	2948
1096	2094
0	2388
2707	1219
354	663
354	218
354	2732
218	2732
853	1988
853	1139
853	1907
3223	454
67	2758
1401	2612
1874	1448
2327	2116
2327	2307
2327	2697
2327	1913
2327	2939
2327	1702
2327	237
2327	12
2327	1394
2574	624
1892	693
243	2728
243	520
2560	1701
2560	2582
380	2544
1588	1139
2661	2939
2661	733
286	2777
2220	1034
1344	1422
1214	1175
2947	461
2947	1202
827	2850
827	733
827	42
827	1970
1970	733
1970	827
1988	1118
1988	2454
1988	582
2282	1432
1124	2398
1124	2364
2371	355
2371	1223
1287	2640
1287	825
1287	359
473	3010
2746	2989
2746	2360
2746	3177
2618	1390
3151	1917
2172	1139
2794	382
3184	2948
2675	712
315	2098
244	662
2298	1548
2732	354
3211	2707
2064	1172
2930	1766
2930	61
2930	3167
598	2906
2922	2030
580	2912
433	3254
2867	16
2867	1080
1989	2952
1989	2548
2607	917
731	85
1607	1126
8	1713
3247	2375
1670	1882
2853	1816
2360	2772
2360	90
2360	540
2360	1409
1838	2777
2777	549
2777	3071
1704	598
83	1267
2141	3010
1001	16
351	110
351	2740
131	1258
1580	2728
1580	520
2495	1561
2224	944
2224	1923
2224	1039
132	544
132	2269
925	608
1590	237
1590	2364
1590	1124
1590	1394
2200	2720
2720	2200
2178	2728
2178	520
948	1658
327	2360
1458	908
1458	2692
1458	179
2537	1432
1931	2198
1994	2340
130	1972
1212	272
1212	2501
1057	2975
1062	2873
1879	1155
2154	3092
2161	1252
2161	3092
2161	3227
2161	2861
2161	54
2161	2154
2161	2291
2161	402
2161	1987
2161	839
2161	1347
2990	3092
2990	1987
2990	28
2328	1987
2328	867
3021	469
1841	1933
2075	3136
2888	2055
2055	3124
2055	3161
712	1468
126	2797
521	461
521	1202
3000	2255
3000	1412
3000	1928
2483	1636
671	2821
671	2497
562	1017
798	498
798	2047
564	1267
142	591
1400	2248
1417	3257
3177	1097
3177	1217
3177	478
3177	2695
3177	2762
3177	751
3177	957
3177	323
3177	1609
3177	770
3177	1192
3177	1207
3177	1245
3177	2785
3177	189
3177	2896
3177	2152
1317	426
1102	678
1102	2830
1102	631
1102	2469
2419	382
2318	2308
972	2929
1678	1808
1863	85
1406	2791
1816	1472
1154	663
1154	354
1154	218
717	375
717	1590
525	1455
2047	59
2536	594
2536	179
680	833
1127	2797
1579	2582
1347	1252
2570	635
2570	840
1176	261
3218	2715
3218	1552
3218	602
208	2480
2970	274
2970	2728
2970	520
982	454
982	3223
104	2107
2032	2285
1033	2340
1706	2562
1706	1905
2562	1905
39	591
39	2985
324	1273
324	1240
2060	1240
384	1432
2422	2224
1478	2588
3010	473
1871	3189
3254	433
350	3223
1014	228
1202	31
3014	461
3014	2947
3014	1202
