1612	2330
1612	3060
1945	1551
424	2077
563	1855
563	2147
563	797
563	1667
563	2531
2450	2263
2450	2611
2547	1255
2547	43
180	2808
1516	753
2147	2531
1314	2314
2894	1460
2894	186
797	563
797	1855
797	2147
797	2531
2681	2059
1415	643
459	112
2257	663
2257	218
2257	2732
2406	2718
2823	1132
455	3102
2839	1882
2839	816
2839	2384
2839	3162
2839	2844
2839	969
2839	3038
2839	2672
2839	1490
2839	891
2839	2066
2839	2940
2839	1473
1291	2059
41	2263
2738	1855
2738	2147
3073	2733
1009	2839
1009	2384
74	1650
74	1088
74	872
74	3109
2590	1800
1363	954
1363	2595
1077	3237
1077	534
1077	1811
1077	3250
426	589
426	2900
426	1848
426	2933
426	2375
2747	2077
1318	781
1318	3111
1088	2471
1088	1650
1088	74
1088	872
1088	3109
1802	1800
1475	1855
1475	2147
1475	797
1475	2972
1475	338
1475	506
1475	2329
2524	585
929	2718
292	506
1505	1790
885	1682
2945	2059
3262	2021
1811	386
1832	2263
2523	2839
2826	2430
3211	3018
3211	2707
3247	2375
2018	1769
196	1551
3224	256
559	1277
1277	949
1277	1365
2139	990
2139	1174
2139	2999
2139	3111
2693	1460
338	1855
338	2147
338	797
338	442
338	2329
2603	3109
3251	673
282	226
2733	759
2733	864
2714	2021
2322	2077
2322	1249
2322	2714
2845	2396
2845	2976
762	2924
762	763
762	1596
762	585
762	2410
762	2533
585	1054
585	1306
2410	1552
2410	1306
523	1675
781	2059
2452	1363
1032	1551
2304	2808
2304	583
1317	426
417	314
518	1542
2205	518
2205	1542
1204	2059
2019	2059
3172	1872
3172	24
1154	663
1154	2257
1154	2156
1154	354
1154	218
2938	2059
2938	3181
2938	814
3249	1243
186	2657
2260	2179
3146	2138
3051	2138
1950	2138
1235	2330
1235	3060
1241	3181
707	3052
360	563
360	1855
360	2147
360	2908
360	2738
360	1475
360	1660
360	567
360	3125
360	338
360	1748
510	1832
2329	442
2013	1429
545	1429
2167	1429
814	789
162	561
1243	608
1243	672
1243	925
1243	2970
254	599
