3209	169
3209	473
3209	2141
3104	3210
869	276
2543	683
2792	3188
2535	2799
2275	3147
2275	1881
2491	1703
38	1120
38	1765
38	2246
38	3160
38	40
694	1111
95	1743
95	2211
2884	2619
2884	1048
1205	2701
2015	998
1613	1497
2580	3195
2580	1043
1718	403
1718	1745
772	328
763	1562
763	516
610	603
705	2083
1593	2313
1856	1389
1856	1230
1856	2266
1856	62
3123	713
2170	3125
1346	2169
2265	2169
1402	215
815	2355
2156	2707
2156	354
2156	1219
710	375
710	2697
710	1590
2995	3212
1723	1703
2223	2170
1106	2325
1106	46
833	2398
2325	46
2492	310
2492	5
2343	3110
3119	2191
3119	608
3119	2970
2713	1265
1714	2970
810	1192
2935	896
2935	1751
2935	1947
2935	187
2935	1438
2935	1354
1772	676
24	155
1866	2414
1136	1306
2245	2141
442	3125
2414	2312
2284	584
236	1634
236	2217
220	1524
2238	3144
971	2455
292	1781
292	3147
2993	1804
285	568
6	429
1160	938
888	1273
888	2355
2860	3253
2860	2744
2860	1981
2860	1368
1083	1405
1083	1947
1083	2510
1083	40
3151	2923
905	1477
905	2807
905	2084
1179	964
1286	1225
405	2897
1528	2455
371	3045
371	1663
371	1085
1986	835
1986	1956
1986	20
1956	835
1956	2713
1956	1443
1956	1986
1956	2320
1638	1557
994	53
1596	2671
1596	2121
335	3243
1995	403
1995	1745
2115	650
2141	2995
2141	3212
2141	3010
2776	886
2131	2129
2131	3118
2719	761
846	2596
846	2153
846	3233
2962	2596
351	110
313	3192
409	1734
2418	2995
2418	1714
2418	2409
2418	608
2418	243
2418	1249
2418	2331
2418	1430
132	544
132	2269
548	2169
2799	1273
2799	446
3110	1556
2676	568
2436	7
2436	1547
664	1066
1827	2284
327	2772
327	2360
327	232
2781	403
1978	2051
633	1428
1932	2083
3011	466
3011	618
3011	740
1133	2129
2322	2691
2322	1
2686	2739
629	2447
1672	2610
1920	3243
2	3030
2	787
1481	1703
2053	466
2053	1273
2053	888
2053	2133
2053	740
2053	134
2053	2355
1971	46
3208	1598
3208	1370
2481	1624
695	2447
2306	2444
1340	869
20	2400
20	1155
20	2977
441	2169
1501	728
1279	2169
358	2984
1520	1703
680	833
903	1583
984	2361
2073	1111
3218	602
1129	507
1129	109
1129	1471
895	7
895	1547
1043	1237
1043	2713
1043	3195
1043	1986
1043	3004
628	2331
1685	1843
2678	1787
2678	401
2678	2022
2678	362
2472	964
324	1240
2060	1240
2527	1624
2527	2448
2313	1593
1871	3189
2087	2563
