1586	665
1586	1700
2289	1621
474	2300
474	2190
439	727
439	1331
1603	2393
2843	517
2027	635
2027	840
1092	430
1488	727
2709	195
715	2416
715	1099
1314	2314
118	3155
118	2227
118	394
2882	1826
943	486
26	1961
1217	2829
1217	1760
1217	653
2310	1164
2875	27
2875	1348
2875	2550
2875	1760
2875	537
1346	2393
1184	967
2855	1695
2855	2362
2858	1406
3073	1099
3073	2564
3073	2733
3073	644
3073	1323
1719	1980
607	2964
3068	205
2427	489
727	832
756	1411
756	310
2332	901
2332	3259
2332	935
100	2943
100	732
100	1293
100	3200
3001	464
3001	644
168	2971
168	3174
138	1071
3065	3213
3065	1018
572	123
910	1980
910	812
910	2876
543	1980
543	1166
2227	2806
2227	486
2227	1119
2227	1408
1869	2564
3043	3200
3043	1801
665	2310
665	2946
665	497
665	3082
665	2944
1067	2216
1041	2943
2601	1513
2601	372
2770	1164
1042	901
1042	3039
310	5
310	2382
5	2382
871	1164
1517	1783
1517	491
732	325
732	2314
732	3200
1166	812
1316	794
2746	1980
2876	812
2605	1532
3187	1164
3023	795
1549	2868
670	1038
1003	2584
486	2806
1888	2314
1596	2671
1186	3053
2883	2442
468	2140
588	2971
588	2914
588	168
588	2218
588	122
1915	2971
1915	3174
1915	168
2726	3013
2726	1668
1068	857
457	1857
2458	1038
786	2601
2165	1537
376	2730
376	1215
3158	2943
1352	3158
2002	2806
2002	1388
2002	2649
2002	2303
2206	3155
2206	398
2206	517
1119	2806
1119	2227
212	736
212	2831
548	2393
962	812
2696	1545
2696	2420
2696	1125
2857	413
2857	2470
2446	1695
2446	2362
253	2857
253	1324
91	2393
2778	3164
991	681
991	2778
2037	1371
2037	3013
2037	980
2037	2359
1757	2416
1757	1099
2489	522
2489	2040
2333	2381
1331	2096
1331	1715
1331	2885
1331	2299
1331	911
1070	756
1070	310
2132	491
1699	943
1699	72
1879	1155
2407	2303
577	363
577	58
577	365
2490	2380
2818	2010
2733	759
2055	3124
133	3179
133	2204
3166	1125
1545	2420
1268	3166
1268	2420
1268	1125
1323	644
1836	985
2395	2202
2395	802
2395	1119
2395	3074
2218	2971
2218	2914
2723	1045
2642	1122
1032	1551
2040	1894
2451	2300
258	1324
1762	2393
2865	279
2057	517
2370	3217
2370	1742
2370	3246
1506	2416
1506	892
1506	1776
1506	2393
1164	3213
714	2314
714	668
714	1352
714	1661
2306	2393
2306	2201
2306	2622
2306	2684
2306	2444
2306	1261
2306	2994
2306	1608
2306	653
2306	1336
2306	1238
1000	1164
270	1894
1406	2791
2105	2306
1975	349
2841	1837
2841	1257
2841	1626
182	1837
182	1257
1742	2108
1742	3217
1661	1822
1661	2395
1661	1550
2647	310
2647	1331
2479	1411
2479	2897
205	601
879	205
1058	2204
3029	1760
20	1155
3200	2943
3200	81
3200	769
3200	516
2496	3155
2496	1435
2280	1293
1801	795
1801	1686
1801	1572
849	2791
849	1801
1308	3155
1308	2227
1308	394
1408	1948
492	3155
492	1388
492	2314
492	394
492	1408
492	268
492	2768
492	516
3222	812
769	81
2526	1164
1509	363
1509	365
3246	2324
3246	720
880	1822
880	1846
880	1889
880	1293
880	720
880	1760
880	632
880	81
880	769
880	3246
880	1904
880	2565
880	1238
1904	2943
1904	1948
1904	100
1904	732
1904	486
1904	1661
1904	3200
1904	492
1904	81
1904	769
1904	516
2983	3222
2983	1698
3153	1698
2226	3153
2226	2925
2925	2126
2671	660
1149	242
3066	1238
448	1818
484	3158
484	1352
484	270
484	1686
268	2768
2768	1408
2768	516
223	516
516	1948
1754	195
195	993
2190	2541
2190	1760
70	1700
3170	1301
1375	212
2422	3082
3156	72
3156	3153
1284	2709
1608	1217
1608	2734
653	2829
653	742
1336	1238
2760	1961
1238	587
