3209	473
3055	2791
3055	267
3055	437
3055	1877
2655	2123
2655	1712
2655	2933
2655	802
2655	490
2655	1936
791	2078
791	3158
791	1352
791	13
791	1686
791	1572
791	3200
791	1801
2254	1657
389	2243
1673	2316
1673	1921
470	581
1681	834
1618	2316
1618	1921
1195	2673
1488	832
914	143
2986	527
2986	1418
2480	271
2480	2383
1739	2876
2599	1200
121	1760
829	3200
2261	1691
2486	1037
2486	2616
345	3242
260	2420
260	1125
1718	3193
784	3115
763	516
529	260
529	1659
1578	181
1140	2283
453	491
2387	1823
2806	792
2494	1257
1890	1894
942	3137
23	1948
2250	404
2492	310
2492	5
3073	759
2756	271
2756	2383
3044	2951
3044	3134
3044	467
1515	1894
1515	2040
1883	2729
1883	1013
1883	2945
1883	568
1883	3106
1883	2092
1941	669
2662	2963
125	377
1353	58
149	3127
149	1081
3127	2120
870	2385
870	1527
870	1632
870	2128
2128	388
414	2054
414	234
578	1823
163	1698
910	297
2540	1807
2540	96
1717	1812
1356	2630
2383	2677
3043	2078
3043	3158
3043	1352
3043	13
3043	1686
3043	1572
1655	1550
3225	58
3225	2921
1521	818
267	1877
2993	1804
2148	1602
285	568
2945	1013
2945	1883
2945	568
2945	2059
2945	2092
568	1013
568	2092
2689	490
1874	1448
127	265
1200	1042
3081	784
3081	1081
2644	3005
3005	2817
491	2389
1158	1476
473	3182
473	3010
1952	892
1952	783
3064	1190
1190	3064
2820	2694
3009	1462
1828	3081
1720	452
1720	1152
669	2277
1061	530
356	1739
356	1508
356	1812
1812	1739
405	2897
834	3017
2649	1759
1909	2099
1909	2407
1193	2213
873	2394
281	1563
3182	473
2825	887
2825	2499
2825	2243
398	1984
398	181
2959	977
159	1130
437	3055
437	267
2898	1585
2898	2424
527	2125
1974	271
1974	2383
83	1533
83	1094
83	1267
1995	3193
1606	3031
2966	2228
1203	977
737	592
3094	452
1384	1889
1352	1047
2303	58
2002	887
2214	581
2214	1698
1090	928
771	198
771	2518
1361	1924
2512	2694
2512	3133
2676	568
381	2743
1853	1900
1853	743
338	2485
338	950
361	2179
246	381
2915	1109
1109	246
2119	2630
2119	1385
1453	1385
2499	919
2499	2243
2499	2036
3025	1900
3074	1037
3074	2616
209	1360
2583	1776
2751	2324
1776	2791
1776	2751
1924	1361
2407	58
1435	3246
2579	817
2579	3196
2579	1047
2579	852
3122	1698
2367	2928
592	737
190	1153
190	1190
988	2099
2835	1094
2109	1531
1659	260
126	185
2201	669
3116	181
702	2389
3000	1928
1289	345
1289	2921
1289	13
1289	3115
811	128
2916	265
2916	1299
564	470
564	2598
564	1356
564	1646
564	1267
564	1698
1526	657
1526	13
2517	1374
2405	2992
1762	1101
1027	1930
1971	81
1971	769
312	1482
1687	2219
2219	312
2219	1482
2306	2394
2306	1633
2306	2630
2306	1846
2306	153
135	1027
2500	496
2500	1123
2500	1910
496	1123
496	1910
309	2565
560	3159
1925	3159
721	1900
721	743
3048	1900
3048	743
342	735
206	2108
206	2277
3033	1060
13	345
13	3115
2485	970
1329	1662
1329	2235
3133	2951
2533	516
2879	1329
3029	834
1081	2126
2243	887
622	1900
2035	876
876	735
884	1486
2127	2694
950	2485
880	2486
2983	1717
2983	581
2983	1812
1378	2392
450	2048
3134	415
3134	2063
3134	875
3134	2172
3134	2702
3134	467
467	2615
467	1861
484	1930
484	1722
2932	505
505	37
75	1633
75	2625
1708	128
2838	84
2838	428
1375	267
2864	519
1254	609
1254	2422
2422	2224
3041	2694
3010	473
