39147	30148
27574	24014
27574	693
27574	32613
32401	18568
9591	27574
9591	24014
9591	693
9591	3553
9591	32613
678	31435
37571	30951
32083	27163
972	33952
38187	37608
38187	39813
20812	25002
25616	27128
3864	1187
20813	6121
32721	23245
35696	5814
35696	6044
7374	31435
7374	27915
11755	6789
8032	3246
9268	15850
9268	40098
9268	37608
3873	4399
3544	22768
25289	12344
18647	10844
26596	13682
30774	39813
6442	22132
31096	20526
24957	34680
24957	24963
24957	7076
24957	16808
24957	4399
24957	8583
16798	38188
30780	26930
30780	1971
30780	30951
21489	5069
24324	7076
24324	4399
24324	8583
24013	31435
24013	25002
18343	22747
18343	25002
21179	31435
27586	27107
19288	31435
19288	30951
24014	10771
8671	27574
8671	24014
8671	693
8671	3553
10839	8675
10839	12089
10839	229
10839	5055
980	1206
8343	31435
11765	13682
38199	16478
38199	14926
34680	24963
34680	7076
34680	4399
34680	8583
24633	3246
26916	24013
26916	25002
26916	25523
26916	12331
8039	28381
31102	9620
17399	15238
29464	24214
6449	4399
24963	8583
16478	14926
4845	34700
30784	31435
4523	8675
4523	12089
4523	5055
693	27574
693	24014
693	32613
28211	15238
21184	37283
21184	14021
8041	30635
3546	8583
21493	3864
21493	1187
21494	1306
21494	1006
21494	4399
23381	31435
10243	19463
360	38199
360	14926
14927	21183
10246	9157
36651	31435
36651	30951
11455	24962
12077	19463
12077	35937
23064	31435
6763	24953
1611	38199
1611	16478
1611	14926
22108	6360
22747	18343
22747	25002
27597	1971
27597	9496
37283	14021
7076	8583
3220	6971
16808	24963
16808	8583
13350	30774
13350	39813
22414	39040
16809	5524
20227	37283
20227	14021
17409	27163
22113	5405
22113	7002
3553	27574
3553	24014
3553	32613
39171	19652
25305	6789
25305	20754
20846	19210
12089	8675
26930	19288
26930	1971
26930	30951
26930	12331
9620	28381
26933	33445
26933	35037
13696	21412
42	33445
18675	24666
18675	27633
36045	25523
37608	39813
4546	18049
14021	37283
29494	30774
12461	12344
7424	40441
11801	42
11801	17134
11801	33445
3247	16030
24040	34680
24040	24963
24040	7076
24040	16808
24040	8583
25332	16837
13385	6442
13385	22132
33088	10708
38238	9633
14658	23245
25002	36651
25002	31435
25002	30951
13717	18049
33759	14021
33759	31435
33759	23245
33759	19463
12114	19463
19316	33088
15258	4885
27633	18675
27633	32982
13721	12344
7431	3221
7431	19463
11493	34389
19652	19463
2614	13064
20077	11628
11626	28838
6625	24666
7583	28381
37434	5814
10708	1971
27099	31123
27099	32982
30951	31435
18514	27586
37149	15158
36502	4403
30625	31435
30625	25002
36832	31428
15721	12089
27107	39020
39020	17938
26135	20754
35880	39040
3079	11628
35886	9265
5701	16981
36855	33952
9489	29033
16030	13682
16030	21982
5703	40136
16975	33945
35891	28838
35891	39169
1187	26596
22289	39040
5055	19463
5405	22113
5405	7002
16981	31435
16981	25523
16981	12331
17619	3871
7264	16319
37169	19463
33608	29165
40633	13682
22613	32347
21680	29044
16042	13682
35906	10140
15746	13682
5069	2457
26159	30635
16358	32347
17624	6134
17624	6789
17624	26135
17624	20754
22302	34895
22009	38539
18547	31435
18547	17659
30022	17274
20721	31435
27128	25616
27128	16975
27128	33945
32612	5814
33613	22629
33952	6016
25523	20812
25523	24013
25523	31435
25523	25002
25523	12331
25523	10140
32613	27574
32613	24014
32613	8671
32613	3553
6971	39158
6971	4845
6971	3221
6971	40441
6971	15258
6971	19652
13257	36896
26512	15895
11056	27163
15761	11971
36229	31435
6044	5814
6044	23245
3119	31435
37795	36855
28129	37214
17938	32347
18568	7904
11971	32347
26181	22768
12331	24013
12331	18343
12331	11628
12331	25523
28762	35937
35937	19463
35937	3079
3459	30064
16713	34083
1835	8581
1835	19210
8591	28838
8591	35891
37214	16358
21404	16358
36252	5089
30064	3459
7002	22113
7002	5405
32982	31123
35666	39020
