37866	16981
19900	2610
32081	16150
6118	6758
12415	37573
20511	40318
21482	13682
15211	37573
32086	857
32086	16699
29126	33088
29126	33759
29126	26470
29126	39366
30439	2603
30439	4552
30439	9813
3868	30112
33403	34878
16155	32410
27229	31428
20515	29167
24954	33751
18959	37806
10563	6758
11760	25002
27581	42
27581	33445
27581	10283
15538	38725
30444	25316
30444	3779
38196	7391
29460	10877
3209	31435
3209	1971
10840	27574
10840	9591
10840	3553
10840	32613
7068	7587
22106	3863
17715	30954
30449	31428
30449	4702
31395	39812
31395	10283
14300	9620
18019	20870
30120	6758
10244	25316
10244	17744
10244	9300
10244	3779
18963	25002
17	4702
13685	12344
9279	31435
9279	33088
25297	25316
25297	27274
25297	9300
25297	4552
7736	33400
7736	17624
7736	20754
12434	33088
12434	30951
34351	7951
5822	698
5822	33088
5822	30951
5822	20721
5822	40318
698	9279
698	19316
698	25523
2867	6758
40416	5555
14935	13696
14935	21412
38214	21699
26933	10283
372	19633
42	10283
32119	4546
19633	4882
19633	21095
18362	24997
21203	25316
21203	4552
11177	31631
11177	28771
11177	27163
12101	27107
27271	16180
34379	22132
34379	13385
5555	1936
17746	26512
23407	4546
12459	32968
33751	24954
33440	38048
33440	25517
1962	36546
1962	32347
4231	26636
4231	37185
39812	42
39812	10283
63	38048
20241	4399
16834	3871
2610	19900
2610	25154
13385	8715
31444	26933
22769	869
20870	16182
20870	2603
20870	18681
20870	13715
20870	9300
20870	29823
20870	27836
17436	30112
35035	6758
35035	18651
10283	42
10283	11801
15896	26636
15896	4231
15896	37185
20563	25649
20563	25831
9008	1603
17136	31631
37002	2763
37002	38111
8715	6442
8715	22132
8715	13385
1639	6758
1639	22423
1639	33080
1639	390
9408	32347
9772	31001
7587	7068
30623	24234
30623	2173
35868	2149
12896	39993
25152	2582
26470	33088
26470	33759
9472	1603
38037	4231
7246	30118
31958	33060
22271	1936
22271	35389
22271	5555
20699	26135
9787	30951
9787	20721
28087	38066
10426	3436
19169	36896
20709	4402
20709	29682
9491	30641
21365	6758
31636	5069
38066	33587
38066	11105
20414	39812
20414	10283
29680	6360
5069	31636
29682	4402
24842	27610
2145	26135
2145	17624
23917	9261
7276	32968
889	39993
889	27130
9813	19911
9813	25316
9813	2884
9813	9300
9813	39195
9813	4882
13263	24666
13263	27099
13263	32982
2763	39485
2763	37002
30046	18883
21715	29320
20131	12459
20131	15895
20131	40143
20131	32968
17021	6758
17021	18988
17021	29159
40318	33088
40318	19316
40318	30951
38111	33333
18883	30046
29069	387
32968	12459
11385	21698
6381	42
6381	10283
15788	6758
15788	35035
34922	38067
27509	35035
10486	4403
10488	36834
10488	20408
13018	9279
13018	698
13018	33088
