35345	20841
20841	4198
20841	13357
20841	4079
20841	12941
20841	38734
27640	3847
27646	30875
19673	28382
8103	3847
3620	26251
39856	2570
39856	13088
39856	19336
39856	2000
39856	17180
22490	40521
22490	39666
22490	27144
19051	38545
19051	29187
19051	35070
19051	29530
19051	16406
25398	3847
7145	13093
7145	40481
7145	22493
7145	34473
7145	24801
7145	40321
11851	24688
11851	2319
11851	86
11851	19960
11851	18207
11851	35280
11851	599
11851	14860
28607	21241
28607	32177
28607	9379
28607	14227
31505	4568
31867	3855
17507	28382
30546	13197
31509	22490
5912	86
5912	2935
5912	31513
31513	5912
8465	4663
34781	19263
30875	1310
30875	23108
30875	13580
34150	28833
28316	32479
29584	15220
29584	36
29584	14330
29584	4891
29584	5588
29584	34745
29584	7892
29584	6646
29584	35917
29584	38741
22509	28607
795	32479
8806	22490
30243	31462
20028	11851
37694	2319
37694	1664
37694	3397
37694	6964
37694	5721
37694	29688
16272	36948
16272	9019
16272	30322
16272	34569
15348	3847
34474	18897
14724	24315
14724	15537
14724	8467
14724	10650
14724	21291
35822	36962
35822	21239
35822	34221
7530	11851
21295	28607
32858	35361
18149	3604
18149	7149
18149	16413
29603	958
39303	3855
1438	34358
1438	35119
1438	28085
1438	18573
1438	23597
1438	38463
32249	14981
32249	24426
32249	24123
32249	28154
33881	16981
20988	2296
20988	5213
20988	19653
20988	15916
20988	23263
20988	28424
27395	5912
36450	12737
36450	34368
36450	22426
18785	32249
11896	420
11896	24097
11896	21669
11896	14199
11896	24553
11896	40315
11896	39718
11896	1842
11896	33985
508	34703
508	34781
508	38028
508	35913
24477	5178
24477	4272
24477	27109
24477	33018
20997	29450
4663	32432
4663	36060
4663	18442
4663	8465
4663	40015
7553	8507
39918	25618
39918	12111
39918	36122
39918	4700
39918	17908
39918	22304
39918	4732
39918	25844
39918	14232
36157	24391
36157	21249
36157	23197
36157	29278
30589	20988
28990	26146
21008	16511
13197	12055
13197	15855
13197	10849
13197	23711
13197	28919
13197	30633
13197	31633
13197	27144
13197	6372
20353	5912
28359	11851
8507	15923
8507	39572
8507	7487
8507	2963
8507	10645
8507	40221
8507	7553
8507	3051
8507	39073
8507	31339
8507	16096
8507	12994
14772	21223
14772	9495
14772	24841
7559	31505
1147	4397
37734	37694
9123	37694
33226	9138
21317	16272
9450	31865
9450	12847
9450	4087
9450	24587
9450	31058
5354	14724
4674	32048
214	8507
7566	9379
7566	14748
6911	14700
6911	13134
6911	8780
6911	40520
6911	6863
6911	177
6911	24763
6911	31230
6911	12239
6911	36829
6911	7940
1159	5912
35546	14724
15078	26713
15078	9178
27095	24688
27095	86
27095	37350
27095	35454
27095	15313
27095	34165
27095	15096
27095	39666
27095	28106
27095	24874
27095	19864
24801	7145
34204	37258
26112	17183
26112	38328
26112	6583
26112	1127
26112	4023
26112	38033
26112	39695
26112	5102
26112	20767
26112	10493
26112	25872
26112	29737
26112	10170
26112	11408
22580	26024
22580	24733
22580	13219
22580	40315
2098	14772
32571	3847
32907	35334
32907	29106
10410	13197
7234	13714
7234	9826
12888	7145
29983	25255
6939	27095
22600	26146
31281	4664
31281	21740
19166	27095
37771	22490
876	3847
30970	9042
30970	19045
30970	7480
30970	26823
37178	32069
14217	27095
22020	14724
40004	15840
32628	3847
12967	22490
3131	3847
19533	5912
4449	28489
1236	26146
1238	25017
1238	8752
20150	18897
22344	31821
22344	22800
22344	38272
18897	6460
18897	5213
18897	15916
18897	24419
18897	5293
18897	5310
18897	10964
33660	25075
33660	6271
33660	38337
33660	15051
33660	33214
33660	10725
6073	37694
21731	35070
21731	24399
21731	18089
21731	25703
21731	37063
21731	1414
21731	34487
21731	22012
21731	34930
31709	16254
31709	20947
31709	27029
31709	35140
31709	3997
31709	35509
31709	8822
31709	18161
31709	5963
31709	11310
31709	9752
12355	11851
28455	34394
28455	16852
28455	2347
28455	39259
28455	29905
28455	16899
28455	487
28455	35820
28455	35507
28455	38010
28455	19091
28455	21299
28455	28022
28455	8821
28455	30261
28455	35160
28455	39306
28455	12572
28455	12864
28455	20063
28455	27414
28455	9461
28455	16966
28455	11644
28455	2743
28455	4761
28455	21414
28455	38463
28455	40025
28455	38143
28455	35973
28455	6711
28455	13307
28455	323
32357	28634
32357	12584
10169	39872
34281	26146
5765	10040
23323	4907
23323	37343
23323	36249
12009	14960
12009	26377
12009	24736
12009	18453
12009	19834
12009	28446
12009	9863
25881	5912
26546	18897
32028	14772
32029	7031
11719	28016
11719	36460
29397	25450
29397	12599
4137	37694
36920	18897
12994	8507
24268	1405
24268	20071
1256	13974
34286	28455
26866	14330
26866	29533
26866	25055
26866	33832
26866	23181
26866	26420
26866	10680
26866	10988
26866	21978
26866	7892
26866	4101
26866	21120
40357	34150
1862	26146
13297	11851
25891	3847
28171	31505
24904	13197
8623	26146
19549	23188
19549	8496
19549	7597
19549	38057
19549	24252
30407	3847
22058	37694
9229	30176
9229	11540
9229	12866
9229	11332
30720	28913
30720	24433
30720	27144
7669	36
7669	774
7669	35476
7669	3046
34290	11851
24273	24268
12685	26146
15482	30185
15482	17174
15482	11553
15482	39761
15482	8648
35973	28455
20780	34969
29095	15169
6407	26251
10803	29397
3814	7637
32370	6166
31731	39872
5470	32385
14258	34766
14258	31519
14258	35510
12019	10441
13632	37694
24279	3847
19865	26259
34636	32698
14572	29547
14572	18438
14572	12846
312	37336
12379	11851
6099	8739
6099	20958
6099	8166
4482	9314
4482	18431
4482	5625
10809	37694
3823	9702
6411	35361
6411	35070
6411	37042
6411	14700
6411	33820
6411	2052
6411	34488
6411	38671
6411	22603
6411	14227
6411	28775
6411	13304
25581	15255
25581	5213
25581	22146
25581	15916
25581	27660
25581	5246
25581	8871
25581	24840
21752	39763
8940	3836
8940	38170
15494	3846
6714	17876
15182	25596
2202	11896
26877	13369
26877	1346
26877	20282
26877	21574
8941	698
8941	1369
8941	26049
8941	35885
8941	17968
644	32249
12384	8941
33682	5803
33682	37599
33682	16214
33682	25375
33682	35450
33682	17202
33682	6344
33682	5457
28477	35822
32042	13197
21755	29736
6417	5912
16765	6438
16765	36060
16765	29185
16765	23129
16765	4934
16765	34430
16765	22491
16765	40514
16765	26041
16765	15323
16765	534
16765	25512
16765	16052
16765	30995
16765	16059
16765	274
16765	4761
16765	21414
16765	40675
16765	20173
13637	27095
16766	36131
35323	24969
35323	2337
35323	23781
35323	27375
35323	22599
35323	11025
35323	40333
13639	20988
21140	28849
21140	23433
21140	9701
21140	39614
21140	7852
21140	33220
21140	34185
21140	3716
21140	18872
21140	33645
21140	22670
24608	2560
34302	10215
13641	10653
13641	3373
27196	37555
18917	20220
18917	12143
18917	30185
18917	13780
18917	15482
18917	39761
17369	37694
18918	21249
18918	4631
18918	21934
21145	21776
30735	5213
30735	15916
23343	37694
37255	22750
37255	2281
37255	2876
37255	36060
37255	18087
37255	4934
37255	36729
37255	15323
37255	534
37255	30628
37255	25512
37255	16059
37255	4761
37255	5105
37255	1229
37255	36899
37255	21414
37255	16765
16772	11270
16772	39915
16772	6064
948	22490
9881	28490
7688	19549
37548	19549
5482	22817
5482	27015
5482	11270
5482	11335
5482	2485
5482	33969
5482	6064
22702	38561
22702	11270
22702	10676
31071	32705
18316	9450
25255	19986
25255	24096
25255	12617
949	20841
36614	2587
36614	10256
17377	31709
1885	13671
1885	11259
1885	25557
36616	327
31745	11851
3836	12093
3836	5854
3836	2300
18319	4907
14582	25775
14582	35877
14582	6950
14582	11654
14582	40018
14582	21770
32380	23240
32380	32595
32380	29057
32380	2508
32380	1858
32380	17067
32380	13314
7691	19904
7691	4862
7691	14695
7691	5932
7691	10045
7691	37753
7691	23971
7691	31362
25588	8594
4807	21908
4807	21930
12037	22268
7693	34394
7693	12312
7693	40025
33369	35831
33369	24807
33369	16656
33369	15427
33369	10730
33369	900
33369	11077
33369	31368
9886	35416
35672	1690
35672	30314
35672	22011
35672	37190
5484	37719
1886	13702
1886	25696
1886	9961
1886	18101
1886	3625
1886	32911
1886	30330
1886	2490
1886	38439
1886	5093
1886	7954
34969	9595
34969	2140
34969	17955
34969	20780
34969	38170
22377	37100
22377	32374
18921	11629
15191	11833
15191	39259
15191	3780
15829	23308
18922	5251
18922	36146
14583	15279
14583	36182
14583	22347
1278	14744
39120	11837
39120	25734
39120	11552
39120	11254
39120	17206
39120	807
38494	34438
38494	26054
38494	12286
38494	22616
38494	29054
38494	17335
10207	14715
10207	22555
10207	19758
10208	5213
10208	19653
10208	40458
10208	13149
10208	7852
10208	33220
10208	3716
10208	33227
10208	28424
10208	18872
10208	30048
10208	33645
5485	29609
30414	6165
30414	31865
30414	35839
22378	8685
22378	39184
22378	12487
22378	18740
22378	9712
22378	21054
22378	34594
14895	40211
14895	23308
21766	118
21766	25086
21766	36441
21766	38027
21766	24812
21766	27109
8946	2594
8946	11813
8946	7464
8946	30637
8946	27472
8946	17294
8946	13280
8946	4459
8946	22052
4492	685
15192	38215
15192	21265
15192	13151
15192	26739
15192	7617
25589	35488
2823	3936
2823	35424
2823	16622
2823	7877
2823	33294
2823	38440
2823	12334
2823	35616
2823	6987
2823	21401
2823	11698
38495	4582
34024	34057
34024	18971
34024	27294
34024	30530
34024	31504
34024	20936
34024	31204
34024	26425
34024	7197
34024	3423
34024	37222
34024	26222
38169	25734
38169	23512
38169	27421
38169	39089
659	34752
659	2997
659	17949
16126	36342
16126	38364
21767	36753
21767	7162
21767	16897
21767	12204
21767	39622
21767	19102
21767	33217
21767	7570
21767	39681
21767	2160
21767	2161
21767	18566
21767	10145
21767	23316
21767	6074
34647	34358
34647	26426
34647	25501
33021	21549
33021	26688
33021	18747
33021	20321
33021	29302
33021	13282
33021	287
37258	35361
37258	29474
37258	33820
37258	19707
37258	16894
37258	4335
37258	12256
37258	25818
37258	22958
37258	37485
37258	14540
37258	17328
10209	7082
10209	23475
10209	7883
16441	16298
16441	24849
10818	21000
38170	34661
38170	9595
38170	5854
38170	2300
38170	30177
38170	13758
38170	443
38170	25052
38170	29566
38170	20952
38170	38353
38170	30915
38170	23215
38170	16033
38170	12922
38170	2140
38170	15135
38170	23914
38170	17955
38170	29380
38170	20780
38170	3836
38170	34969
40061	37635
40061	26978
40061	17471
40061	8455
40061	35797
40061	29976
40061	37164
40061	13587
40061	26542
25258	27805
18320	30443
18320	21231
18320	9365
18320	6639
18320	29728
5487	40025
12394	38331
12394	19429
12394	11343
12394	4733
4494	38011
4494	22351
4494	626
29433	38604
29433	14715
29433	3997
29433	23859
29433	24807
29433	14244
22705	24972
19575	28029
19575	21608
19575	5485
20184	5213
20184	15916
20184	24419
39460	3767
4495	24008
4495	5213
4495	15916
4495	19059
4495	20040
4495	36186
4495	10087
4495	24840
4495	2551
36295	22398
36295	9678
36295	9444
36295	17664
36295	21776
13969	21524
13969	20907
13969	27723
13969	28706
13969	40273
13969	18843
13969	7286
19254	18340
19254	24651
12395	23460
12395	35488
12395	30054
38799	11194
38799	5253
38799	28012
38799	14443
38799	7966
28182	7445
28182	4674
15507	27267
15507	32446
15507	24422
15507	29739
40714	14459
40714	29307
40714	17913
40714	26555
40714	3168
19255	5297
19255	4407
6422	31204
39761	20220
39761	3249
39761	12143
39761	30185
39761	17174
39761	13780
39761	15482
35675	22216
35675	35246
35675	25512
35675	7605
35675	33327
35675	24286
39121	19904
39121	30506
39121	31842
39121	10332
39121	5029
39121	28085
17992	40280
32047	35070
32047	26743
32047	38671
32047	35537
32047	38365
32047	18225
32047	22603
32047	12936
38497	12828
38497	40025
11426	16702
23031	6277
23031	33305
26886	40090
26886	17422
26886	8401
26886	37366
26886	28951
26886	31233
26886	37749
26886	551
26886	24813
26886	32594
26886	36859
26886	24541
26886	17927
26886	12639
26886	34899
26886	17649
26886	33339
4808	10307
4808	30202
4808	15647
1569	7060
1569	38223
1569	23118
1569	13285
1569	17676
32695	27014
32695	38663
32695	29725
32695	39421
14896	20427
14896	40682
22379	21502
22379	6993
13016	16198
13016	32779
13016	38926
13016	27018
13016	19407
13016	35830
7696	19614
7696	36
7696	28849
7696	18396
7696	1070
7696	774
7696	31874
7696	33556
7696	22923
7696	28706
7696	4086
7696	4732
7696	25845
7696	10500
22706	21233
22706	1763
22706	19858
36938	38207
36938	24980
36938	50
36938	25331
36938	37222
25908	5808
25908	25075
25908	27714
25908	33208
25908	9141
25908	13553
26241	37890
26241	34353
26241	9024
26241	33771
26241	34120
26241	40181
26241	29555
26241	17826
26241	32233
26241	37089
26241	37120
7697	7338
14898	0
14898	39565
14898	20311
14898	20062
14898	21978
14898	28074
14898	7286
36296	26901
36296	4881
36296	1652
36296	759
36296	39318
36296	15090
36296	32298
36296	11021
36296	8214
36296	14201
36296	35583
36296	36214
36296	18865
36296	3477
28483	4945
35330	19753
35330	21018
35330	31280
35330	40303
38800	25571
34310	9614
34310	35741
34310	10300
34310	9961
34310	39879
34310	24109
34310	10968
34310	6330
34310	7253
34310	33930
34310	9497
34310	11731
26242	4521
26242	27987
26242	33901
26242	11635
26242	36538
26242	30986
26242	16070
26242	24244
26569	36
26569	38301
30415	10848
30415	15303
30415	40521
30415	8806
30415	38647
30415	28638
30415	21927
30415	21371
30415	12967
327	754
327	8792
327	18164
327	226
327	14200
327	12312
327	31686
15830	11194
15830	14086
15830	11254
15830	14715
15830	36231
15830	13285
14584	22104
14584	23690
14584	31878
14584	32911
38498	28372
38498	7617
4809	14025
4809	10426
4809	25183
4809	7612
4809	21698
4809	10757
4809	11385
4809	15457
33695	8752
13970	1654
13970	39843
13970	36402
13970	26808
13970	9532
13970	5752
13970	25560
31074	40270
33024	39264
22079	8058
22079	21694
5488	2296
5488	19653
23990	20585
23990	35172
23990	31609
23990	35556
23990	26142
23990	21687
23990	3452
23990	23932
23990	25208
23990	27503
11427	1064
11427	28380
29763	16839
2222	23213
3512	20204
3512	16271
17068	6592
17068	13553
38499	24645
38499	34443
38499	2963
38499	1129
38499	28046
38499	19440
38499	34857
38499	2116
38499	265
38499	3143
38499	11395
4159	18638
8646	19614
8646	33736
8646	11717
29764	36231
33025	32831
33025	14116
33025	15736
2825	9833
2825	33694
13971	13134
13971	5721
34025	6758
39461	7714
39461	16236
39461	31882
39461	9115
39461	4748
3841	36
3841	20236
3841	25353
3841	1070
3841	774
3841	24206
11739	32567
32048	6895
32048	4674
32048	2754
32048	5105
36939	19904
36939	31458
36939	30506
36939	423
36939	10332
36939	9994
36939	2982
36939	16264
36939	21636
36939	23261
36939	15131
36939	1227
36939	36912
36939	39118
39762	38286
39762	18584
9887	29853
9888	11453
23654	1792
23654	14530
23654	29366
3513	29309
3513	9147
3513	31654
3513	19517
3513	20454
30740	28069
30740	39734
4160	24427
4160	6274
20185	5546
20185	32141
20185	5731
20185	2509
19883	19059
19883	28112
19883	40025
15831	4644
15831	10694
15831	29023
15831	28415
15831	1509
16442	37652
16442	31519
16442	35510
36940	31795
36940	18025
36940	6693
13972	35361
13972	5906
13972	21272
13972	36506
11109	9513
39122	30108
39122	35016
39122	24185
27860	16885
18322	14981
18322	6232
18322	34156
18322	2052
18322	38671
18322	29007
18322	13304
15194	35071
15194	35992
35676	25965
35676	12509
35676	6250
25909	35473
25909	14127
25909	21304
30742	9374
16443	33853
16443	16033
16443	28451
21465	29227
21465	8219
21465	20409
21465	241
21465	12922
21465	12341
40715	19653
40715	77
40715	18101
29434	6553
29434	36558
39763	3552
39763	15000
39763	16616
39763	39649
39763	6678
39763	9219
39763	37838
39763	21752
328	30767
328	36644
328	30446
328	8905
9242	19709
9242	17826
7347	37271
7347	19381
21768	33088
40063	16950
40063	2455
6724	35086
6724	33820
6724	25224
5489	3623
24291	24657
24291	5213
24291	36688
24291	15916
24291	7150
24291	29900
24291	20625
24291	37059
24291	20040
24291	35209
24291	10087
24291	30973
24291	24840
24291	7279
24291	20125
24291	27502
24291	18897
15832	2986
15832	18134
15832	39981
15832	22305
15832	9522
14272	106
26244	33867
37259	13793
37259	38663
37259	23542
33026	14918
40064	17605
40064	11040
40064	11382
8647	37105
8647	28681
8647	11607
8647	18194
8647	4356
8647	7888
8647	10506
12038	24080
12038	28380
9579	6259
15195	13671
15195	6119
15195	33432
15195	36093
15195	19049
15195	36753
15195	7162
15195	16897
15195	20953
15195	12204
15195	18144
15195	3673
15195	20978
15195	32871
15195	19102
15195	33217
15195	7570
15195	11329
15195	29662
15195	14805
15195	39681
15195	6028
15195	23568
15195	29693
15195	2160
15195	2161
15195	18566
15195	10145
15195	25557
15195	23316
15195	6074
15195	33350
14585	19002
14585	9368
14585	39658
14585	25528
27203	35361
27203	18411
27203	6274
29435	33630
11740	19593
11740	31795
11740	12095
11740	27641
11740	40454
11740	857
11740	22289
11740	29044
11740	37806
11740	6693
11110	2628
11110	39561
30416	11194
30416	23115
30416	32832
30416	28012
30416	35831
30416	35177
30416	24807
30416	11077
30416	3498
19576	10730
6423	6758
6423	20943
6423	34647
40372	3397
16127	24688
1888	2028
39123	1339
39123	19091
39123	39981
39123	22305
39123	9522
39123	35975
33370	36159
33370	4046
20492	39872
20492	27144
21770	25775
21770	7316
31075	25052
31075	35135
31075	34225
31075	22281
3514	19653
38500	2963
38500	8134
38500	20329
38500	36479
38500	2116
38500	39704
10210	24433
10210	18819
40373	9961
40373	5251
40373	13439
40373	20134
40373	5458
13017	17103
13017	9446
13017	25804
23350	2293
23350	32225
23350	32849
26571	8078
26571	36104
26571	26160
26571	17943
26571	8584
2826	34725
2826	9369
2826	15354
38801	13667
38801	25962
38801	19352
38801	35606
38801	7653
21152	32619
21152	23966
6725	2319
6725	13134
6725	8780
12705	25294
12705	38064
32049	38604
32049	4645
32049	14244
2827	5213
2827	15916
2827	3765
26572	35071
26572	18461
36622	40482
36622	5315
36622	25137
36622	1161
32382	26754
23991	21514
23991	12784
23991	14551
2224	18870
2224	38447
22080	9415
12039	23122
12039	40004
953	28279
18625	11833
18625	19091
18625	3780
12706	1107
12706	15972
12706	19420
9889	8758
9889	10016
9889	39608
9889	32240
9889	31929
17689	16203
17689	19986
17689	16378
37847	16023
5490	30921
5490	3374
5490	14227
15196	27321
15196	21279
15196	28012
15196	35862
15196	38380
15196	15110
15196	19230
15196	4154
8947	33053
8947	35408
8947	37648
8947	24449
8947	31266
8947	13878
16128	12459
16128	466
16128	35870
16128	3800
16128	18905
7698	35663
2828	432
32050	2473
32050	28109
32050	38078
14899	4761
7348	2671
7348	29280
7348	37160
34311	14167
34311	18225
34311	26156
40065	15457
40065	23973
32384	13967
32384	35328
32384	23348
1889	3613
1889	33137
1889	7808
1889	9061
1889	34563
1889	31663
40066	35095
7699	33630
3842	37380
36297	1664
36297	14700
36297	13134
36297	31863
36297	40520
36297	10934
36297	16608
36297	38961
36297	9417
36297	25106
36297	2064
36297	21622
36297	16635
36297	22572
36297	3397
36297	6964
36297	5721
36297	7940
36297	3812
661	38532
661	37883
661	38564
661	31226
661	14197
661	13589
661	15159
40716	13423
12040	3624
12040	28418
12040	31012
13316	32104
13316	34353
13316	19013
13316	40181
13316	15620
13316	29555
13316	16245
13316	9701
13316	33850
13316	33220
13316	34185
13316	3716
13316	33227
13316	29668
13316	18872
13316	33645
13316	36911
13316	21140
35997	12197
35997	11983
35997	30712
32051	29172
32051	15285
32051	21710
13973	37053
13973	23213
13973	29292
7030	36721
7030	23226
11111	26046
11111	11034
11111	4733
26573	8702
26573	34733
26573	14371
26573	39853
26573	12808
26573	28923
26573	26711
26573	30238
26573	40217
26573	17560
26573	25466
26573	21334
26573	32585
26573	15728
26573	22281
26573	37772
26573	20095
26573	20710
26573	6352
26573	27797
26573	25843
26573	9536
26573	21418
26573	28445
26573	14247
26573	17043
8648	30185
8648	17174
8648	13780
8648	15482
8648	18306
8648	18917
22707	34792
22707	238
22707	20422
14273	13992
14273	34353
14273	6150
14273	5224
14273	9024
14273	38895
14273	34120
14273	40181
14273	29555
14273	19234
37260	4211
37260	22779
37260	32824
37260	20305
37260	2178
37260	37834
24934	31622
24934	38723
5141	34412
5141	4269
5141	32497
5141	22552
5141	35215
7349	40306
31746	38360
31746	37218
4496	15383
4496	3735
4496	7269
4496	20427
38501	23115
38501	13837
38501	36231
26887	87
26887	7453
24293	36729
24293	17233
24293	12352
24293	15797
24293	28455
24293	20781
24294	4217
24294	5213
24294	15951
24294	17315
4497	7051
4497	30835
4497	31554
4497	2429
4497	17892
28183	15457
37848	34394
37848	30355
17069	38714
20494	35927
35331	27054
31747	9363
31747	3969
31747	1120
31747	27047
31747	18207
31747	17956
31747	6098
25911	934
20495	19034
20495	28913
20495	21914
25590	14638
25590	38553
25590	26934
25590	23707
25590	9961
25590	5251
25590	14704
25590	12297
25590	39706
25590	24229
25590	29719
25590	9537
25590	12005
13974	22830
13974	11297
13974	22272
13974	27144
26888	4918
26888	29547
26888	39572
2225	30955
1571	25056
1571	5360
1571	20733
8948	33088
8948	33759
8948	3623
8948	5269
8948	469
8948	24807
8948	19230
8309	33424
8309	5213
8309	21288
8309	7569
8309	33255
8309	11021
26247	34752
26247	26041
26247	29618
26247	13508
26247	39056
26247	17949
31076	17742
31076	18449
31076	32519
26248	35282
25592	24983
25592	3571
25592	28869
25592	31630
25592	18871
38802	25846
38802	2825
23655	9412
23655	13217
33027	20060
30417	2621
30417	10915
30417	14405
30417	24126
30417	3762
30417	24851
19256	20759
13651	39330
13651	30983
8310	31681
40374	23115
40374	15633
40374	5665
37261	28869
37261	3983
24935	36961
24935	8091
24935	26072
24935	17645
24935	15162
24935	39069
33028	16891
6103	33121
6103	7131
6103	11230
6103	28598
6103	21566
6103	12516
6103	29578
6103	1422
6103	25436
6103	31897
6103	28016
6103	16300
6103	22916
6103	36494
6103	29725
6103	14562
6103	5760
26889	2319
26889	1664
26889	37694
26889	9123
26889	12239
26889	3397
26889	6964
26889	5721
26889	29688
26889	33319
6726	1471
6726	35988
6726	5479
20186	34108
20186	17804
20186	18285
17378	14756
17378	21740
17378	13956
36623	36342
36623	33245
36623	8914
36623	8311
5491	9933
5491	18718
5491	28308
5491	23177
5491	24810
5491	12295
5491	30371
5491	33344
24614	6802
24614	1061
24614	17581
24614	40025
24614	15475
36298	5213
36298	15916
36298	24419
36298	17814
36298	20625
36298	157
36298	30973
36298	18897
10523	685
10523	15287
10523	35070
10523	20267
10523	9972
10523	20664
10523	16301
10523	32911
4498	30126
4498	36
4498	25353
4498	18396
4498	774
4498	38301
4498	11034
1572	18083
1572	6370
1572	13003
31748	36387
31748	8752
31748	1379
31748	29340
21772	33507
21772	14429
21772	21621
21772	8839
21772	29730
31373	1848
4499	9933
4499	40212
4499	38463
37849	6758
21773	2296
21773	3937
21773	7598
21773	5093
21773	7954
23992	17310
5492	6802
5492	22551
5492	14463
5492	226
5492	14200
5492	12312
25593	4222
25593	19666
25593	37943
25593	13481
25593	2079
25593	13593
18923	22840
18923	39904
18923	15678
18923	33245
18923	35583
5786	10575
5142	5027
11428	30476
11428	2925
11428	36412
11428	39414
29436	1086
29436	15026
29436	22242
29436	28990
29436	9837
2829	18020
2829	18095
2829	1373
2829	7822
2829	40558
2829	39348
2829	9484
7350	14132
7350	5654
4811	26104
36299	1591
36299	3889
36299	14023
36299	31144
36299	3256
36299	28563
36299	16209
36299	15597
36299	26010
36299	9978
36299	27337
36299	30210
36299	767
36299	10928
36299	13449
36299	16903
36299	8137
36299	36432
36299	11285
36299	29305
36299	30620
36299	551
36299	6336
36299	5038
36299	31623
36299	36847
36299	28090
36299	24533
36299	18528
36299	11941
36299	27790
36299	33943
36299	29679
36299	2142
36299	31297
36299	39991
36299	40639
36299	12639
36299	39049
36299	24856
36299	25529
36299	30353
36299	36238
36299	22027
36299	1833
36299	33320
36299	28776
36299	3788
36299	4438
36299	20136
36299	33985
36299	33986
36299	10777
36299	23954
36299	24881
36299	20146
36299	27848
36299	15815
36299	9555
1573	35948
1573	20143
22380	37714
22380	9108
329	38654
32697	6117
32697	6588
32697	12295
32697	30371
32697	15172
8649	19058
8649	17592
8649	5736
8649	13018
13019	22826
13019	21621
10524	0
10524	3896
10524	18142
10524	7286
10524	940
17994	40482
17994	7830
17994	25137
17994	1161
17994	35959
17994	4800
9243	31865
9243	13288
37850	24080
37850	15989
37850	36837
7351	5387
7351	1536
7351	12030
21153	35016
21153	7742
21153	2881
21153	15567
21153	35409
21153	20702
21153	11936
21153	33631
38172	26277
38172	10266
38172	16248
38172	1739
38172	39012
38172	32007
38172	35987
16444	20212
16444	29792
16444	11147
16444	9091
16444	13912
23032	39279
23032	26085
23032	26101
23032	39116
6104	36772
6104	37698
6104	12897
6104	10762
6104	13619
8949	31923
8949	6623
8949	26477
15508	22488
29765	14757
29765	16309
1890	33745
1890	17473
1890	28363
5788	24980
5788	40471
7353	18489
7353	39694
7353	39713
27554	20078
27554	7009
22709	6277
22709	26420
22709	4998
22709	38431
16445	23797
16445	9454
16445	15134
16445	35948
16446	34401
33372	21231
33372	8125
33372	27379
33372	9846
33372	9558
17690	20719
17690	22628
10211	16597
10211	11343
10211	18559
32698	11807
32698	30196
32698	19687
32698	1506
32698	28784
30744	39526
30744	35449
30744	9788
5789	1221
5789	29090
5789	36618
32699	13353
32699	23430
32699	20941
32699	27384
32699	32268
32699	34590
32699	26213
32699	23017
5493	21207
5493	3765
5493	38424
14900	14703
14900	32220
14900	24453
14901	34628
11113	38553
11113	12269
34649	5213
34649	15916
34649	40171
34649	29533
34649	35531
34649	11630
34649	37222
12041	33168
12041	3012
12041	21001
12041	39662
12041	27144
22081	35087
22081	27360
22081	7872
22081	24577
29104	37609
29104	9668
29104	29204
29104	8795
29104	40534
29104	23475
29104	27375
29104	36129
29104	22853
29104	15975
29104	24152
29104	37475
29104	30067
13317	36
13317	6816
29767	3027
29767	7979
8011	12062
8011	18109
8011	39862
8011	17183
8011	8786
8011	29237
8011	5350
8011	3045
8011	28361
8011	3427
8011	20147
8011	7692
24295	3804
29105	2300
29105	32781
29105	25409
29105	8874
29105	1243
12397	6937
26251	4219
26251	24666
8012	16608
8012	28096
8012	2825
8012	38802
30418	34449
30418	38639
30418	25086
30418	15350
30418	27109
30745	32844
30745	38337
30745	35858
30745	17881
30745	34208
30745	23249
30745	34931
30745	22686
30745	2544
30745	12023
30745	16430
30745	9874
15833	33115
15833	14371
15833	29570
15833	20434
15833	2164
26252	11546
26252	31511
26252	2972
26252	21656
26252	7901
26252	11028
26252	19167
26252	40271
26252	39679
26252	4715
26252	2515
17995	29917
17995	27723
17995	3697
17995	33883
17995	11588
17995	28706
17995	15160
17995	7665
17995	6096
20794	25618
20794	36
20794	20349
20794	17908
20794	22304
20794	4732
8311	36342
8311	14464
8311	8914
8311	36623
38803	4942
38803	25734
38803	11552
38803	12862
38803	24807
38803	28118
954	14330
954	8739
954	13165
35332	51
35332	25351
35332	31845
35332	6834
35332	6639
35332	17647
23033	23240
23033	32595
23033	29057
23033	2508
23033	17067
23033	32380
23033	13314
36300	14096
36300	36434
25912	33424
25912	23885
26890	11334
26890	594
16129	8497
33697	23129
33697	27372
33697	5346
33697	25512
14902	13449
14902	20132
14902	20146
24615	91
24615	8759
24615	3632
24615	1086
24615	9074
24615	15026
24615	29596
24615	11301
24615	18480
24615	28990
24615	23519
24615	32563
24615	32574
24615	35207
24615	9837
24615	22354
24615	29436
17996	5213
17996	15916
17996	19059
17996	20625
17996	21285
17996	40025
19884	20417
19884	1232
38173	23377
36942	2643
36942	17915
36942	19501
17070	11491
17070	38282
17070	6596
17070	24490
17070	4078
17070	30703
17070	22045
17070	27844
17070	11097
17070	23985
12042	1112
12042	23821
12042	16273
12042	22600
12042	26146
12042	1862
18323	13174
18323	3050
18323	34933
19885	18683
19885	17752
19885	29550
19885	13164
19885	30907
19885	39931
19885	30324
19885	21676
19885	16990
23656	28945
23656	36129
12707	28161
12707	4455
662	19653
662	3753
662	36866
662	24913
7031	469
7031	30877
7031	34801
7031	16927
7031	22240
5494	30540
5494	3645
5494	9721
5494	35936
5494	39428
5494	24892
3844	22729
3844	12275
3844	18860
39764	15745
24936	10849
24936	22830
5790	21850
5790	35070
5790	25703
5790	14703
5790	26045
5790	9380
5790	6591
5790	29001
5790	38122
5790	9865
7700	24962
7700	27934
7700	13793
7700	40295
28184	1087
28184	32224
28184	30914
28184	18599
28184	23334
13318	14330
13318	8739
13318	29533
13318	2963
13318	1387
13318	3322
13318	39597
13318	8507
13318	21978
13318	7892
13318	40273
13318	7286
13318	4456
8312	16579
8312	13463
8312	188
8312	24144
8312	33922
38503	32520
38503	19427
38503	16649
38503	35280
38503	30699
32385	38144
32385	5470
31374	10849
31374	15544
31374	34
31374	31846
31374	545
31374	30655
31374	16374
31374	27144
31374	3798
31374	25228
5791	8822
5791	5020
5791	8514
5791	34852
5791	32672
5791	18312
13020	27223
13020	15916
13020	24109
13020	24867
8013	20619
8013	32290
8013	8529
8013	32325
33373	10258
33373	4907
33373	3424
33373	34250
33373	4493
33698	2300
33698	35195
33698	5996
33698	15760
33698	18870
22710	36666
22710	17913
22710	5062
22710	6042
22710	37793
22710	1824
22710	28760
22710	12665
30746	8739
30746	29533
30746	9059
30746	30610
30746	939
23993	22526
23993	8524
23993	13219
23993	26156
23993	12936
23993	31663
34026	24733
34026	29277
17071	1876
13653	13125
13653	4942
13653	11552
13653	14715
13653	807
13653	1722
13653	38667
13653	33892
13653	34629
31077	12600
26574	15003
26574	40687
26574	34954
26574	2550
26574	5780
36624	18716
36624	11251
34313	33836
34313	8833
34313	37233
35677	10848
35677	1757
35677	6964
35677	5721
35677	26536
5792	11839
5792	7146
5792	21776
38805	37637
38805	16865
38805	27014
38805	7499
38805	1412
38805	6274
38805	7533
38805	3027
38805	3697
38805	28349
38805	24774
38805	16293
38805	9118
38805	16943
38805	5020
38805	33569
38805	28070
38805	24807
38805	25545
38805	16729
38805	5759
38805	19541
38805	33663
38805	15807
38805	38787
38805	13957
38805	27197
38805	31368
39125	19930
39125	4545
39125	15891
39125	1372
39125	14527
1574	2123
30419	3255
30419	4245
30419	32162
2830	13072
2830	4614
2830	9788
15198	20309
29437	27571
29437	12458
29437	10413
29437	3747
29437	23545
29437	17614
29437	16687
29437	29362
29437	8579
19577	5808
19577	11077
36301	17424
36301	34715
36301	9961
36301	21583
36301	16910
36301	10968
36301	18912
5495	20259
5495	40015
40067	37606
40067	40528
40067	40598
40067	22651
6424	40426
6424	34378
6424	4908
6424	15333
6424	17822
6424	17826
6424	27715
6424	37089
6424	18179
6424	9744
6424	39375
5793	34661
5793	5854
5793	2300
5793	30177
5793	443
5793	25052
5793	35797
5793	29566
5793	20952
5793	33879
5793	38353
5793	30915
5793	23215
5793	5024
5793	30325
5793	12922
5793	10736
5793	2140
5793	15135
5793	28113
5793	17955
5793	22040
5793	3836
5793	34969
5793	38170
18626	35820
18626	6277
18626	34015
24297	16087
27861	7532
14903	35476
14903	33556
14903	11034
14903	35651
14903	27190
14903	1271
26891	24657
26891	5563
26891	15928
26891	5287
26891	27020
26891	1184
26891	27118
26891	24830
26891	11358
26891	13592
26891	14841
26891	25216
8014	29245
8014	3025
8014	29962
8014	15070
8014	37244
40717	3971
40717	18164
40717	12312
40717	33009
15834	12743
7032	37632
16447	25147
16447	34226
19579	21231
19579	8125
19579	13793
19579	27379
19579	28016
19579	32242
19579	5322
19579	31224
19579	33886
19579	13313
13975	16927
13975	6596
13975	24490
13975	14232
13975	38812
36302	37089
36302	37432
36302	1539
36302	19234
25260	19653
25260	2466
25260	18894
25260	24913
39126	35070
12043	22749
12043	11892
2226	25804
2831	33820
2831	38329
2831	5998
2831	34287
2831	24603
6105	15537
6105	8467
6105	25452
6105	22020
6105	7959
6105	10165
6105	24595
12044	24733
12044	33507
12044	18225
22082	27128
31749	5213
31749	15916
31749	2352
31749	24079
31749	34775
31749	1084
31749	3760
31749	8605
31749	31062
31749	3167
31749	12027
10525	11507
10525	39264
10525	34156
26892	9024
26892	11892
26892	7545
26892	24812
2227	27726
17072	38247
17072	29223
17072	2681
17072	10369
17072	25441
17072	3433
17072	1217
17072	18585
6425	18871
24616	31859
24616	31236
15835	26025
15835	16709
10212	4761
13021	19615
13021	32153
13021	8537
13021	24826
13021	2486
13021	22023
13021	39713
13021	4439
13021	14554
13021	29385
13021	35303
5496	12060
5496	3554
5496	11335
5496	35260
5496	35925
5496	31028
5496	17328
30420	19301
30420	118
30420	25068
30420	17822
30420	23183
30420	18151
21154	19930
21154	4545
21154	14527
10819	15001
18925	39217
18925	3375
18925	30624
18925	6391
39127	18681
16130	38545
16130	17817
16130	23981
16131	8668
16131	1107
16131	16927
2228	19378
2228	5296
2228	3022
2228	25766
2228	9453
2228	32911
2228	24194
2228	30999
11741	35361
11741	25703
11741	3437
33374	15287
33374	14676
33374	25389
33374	31511
33374	2972
33374	33533
33374	16008
33374	8534
33374	7901
33374	8542
33374	36850
33374	19167
33374	39679
33374	4715
33374	19810
33374	3777
33374	14550
33374	22038
33374	37545
33374	7342
40069	6586
32052	34060
32052	35095
32052	11848
32052	1087
32052	37984
32052	4633
32052	34160
32052	12846
32052	15457
32052	35954
16448	30146
16448	8741
16448	22505
13319	3591
13319	30848
32700	21502
32700	9024
32700	19013
32700	40181
32700	39577
32700	29555
32700	17822
32700	32233
32700	6885
32700	15975
32700	15691
32700	29668
32700	30002
32700	30328
32700	39384
32700	7967
14274	32115
14274	12462
14274	15914
14274	8093
14274	33503
14274	9467
14274	11335
14274	17051
14274	23646
31750	29930
7033	23377
7033	28932
32386	20907
32386	38321
32386	24761
32386	22868
32386	33241
22711	29902
22711	12857
22711	15399
22711	281
22711	23992
20496	20040
20496	38995
24937	13688
24937	39279
24937	26101
39462	18927
6727	32400
6727	31118
6727	32843
6727	8534
6727	17599
6727	39355
6727	40618
6727	13882
6727	22033
16449	9056
16449	32204
16449	36136
16449	4383
13976	7761
13976	29228
13976	11883
13976	39630
13976	33922
13976	3764
13976	31288
13976	5416
22381	38424
31375	38839
31375	36
31375	11034
31375	8273
34027	40482
34027	31541
34027	5348
34027	25137
34027	1161
34027	40025
34027	36622
34027	17994
27556	21198
27556	12450
27556	36379
27556	13146
27556	11307
27556	5440
23352	35138
23352	24761
23352	38985
23352	4380
23352	28706
22712	40471
13320	33245
13320	5060
13320	36249
1575	20060
22083	19402
32387	7185
35333	28525
35333	37934
35333	25028
35333	9983
35333	7505
35333	35209
35333	27776
35333	1184
35333	27118
35333	7279
35333	20125
23657	33874
23657	25167
23657	29085
23657	14863
39129	28112
19257	22500
19257	22521
19257	29928
19257	5021
19257	2099
28484	11232
12398	40181
12398	8871
12398	9537
27557	39862
27557	17183
27557	3045
27557	17664
38504	23843
38504	39010
38504	15103
38504	6342
38504	5079
38504	7961
17997	11634
17997	38411
27862	16852
21774	8455
21774	11295
21774	37164
21774	16053
21774	26542
14586	14981
14586	3969
14586	38324
8015	19034
8015	24733
8015	8491
8015	7857
8015	6615
8015	24859
36000	9725
36001	25243
36001	7696
11429	31208
11429	21980
25594	37862
31078	38553
31078	10346
25261	34691
25261	2603
25261	4882
25261	22195
25261	7852
25261	18865
10213	5213
10213	15916
10213	5246
10213	23468
10213	39338
8016	1067
8016	12202
8016	33523
8016	23613
26575	16981
3180	26606
3180	11507
3180	34489
3180	21316
3180	39337
3180	20733
3180	27144
23994	14330
23994	8739
23994	29533
23994	26386
23994	21978
23994	7286
6728	8737
6728	11217
6728	22864
10820	1651
10820	35142
10820	8875
10820	10170
10820	3806
14587	20236
14587	36181
14587	27435
19258	4942
19258	25734
19258	11552
19258	12862
19258	24807
19258	28118
16450	21908
11115	11226
11115	28913
11115	12815
11115	19998
11115	33849
11115	20065
8017	469
8017	33230
8017	24807
8017	7889
8017	33275
8017	39993
8017	18855
8017	18906
38806	9127
38806	18225
32053	1003
32053	36056
32053	10109
32053	11034
32053	33979
32053	7654
17693	16789
17693	21574
17693	39263
17693	12225
17693	26810
17693	27144
331	29452
331	38839
331	36
331	28849
331	18047
331	29174
331	19986
331	38301
331	35476
331	31874
331	33556
331	22923
331	11034
331	16056
331	39703
331	2806
331	27190
331	3504
331	1271
32388	34065
32388	4311
32388	11366
1893	24087
1893	16646
1893	23244
1893	35256
1893	23291
11116	6127
11116	26420
11116	31578
11116	32373
20795	37043
20795	4652
20795	7556
20795	25124
20795	25467
20795	5045
20795	14505
20795	26536
21466	34394
21466	37656
21466	23455
21466	27370
21466	35158
21466	29273
21466	8184
21466	40025
21466	1866
21466	4153
21466	33689
21466	33368
8650	14860
33699	21619
33699	17240
33699	26870
34650	39398
38807	34780
38807	5922
38807	37787
38807	28176
32701	13441
32701	12965
32701	12334
32701	11698
32701	36259
32701	25902
6106	2737
32389	25723
12045	13459
12045	20311
13022	22121
35334	20634
35334	25085
35334	24767
35334	3695
35334	32907
35334	12284
35334	34239
35334	26507
35334	13618
38808	32824
38808	4327
38808	20051
38808	22240
38808	21094
38808	37834
38808	31072
10821	25283
10821	9653
10821	22486
10821	7862
10821	34504
10821	21949
10821	10991
10821	39003
10821	26790
10821	1786
10821	30654
10821	4731
10821	38733
10821	20735
10821	20761
10821	29383
32054	14330
32054	40171
32054	39584
32054	35848
32054	33255
32054	11630
32054	40273
32054	35583
32054	3783
332	14700
332	29213
332	19076
332	14430
332	21610
332	22603
332	14227
332	13006
23995	33191
23995	22654
1894	26971
1894	22471
8313	25734
8313	1722
8313	5665
27204	4053
27204	22008
27204	30986
9580	27223
9580	19059
19259	23119
19259	17530
19259	20975
8951	29303
8951	28084
8951	35236
8951	30020
37554	36056
37554	6543
37554	34560
37554	33353
2229	11507
2229	19998
2229	27144
37851	28277
37851	32180
37851	15630
37851	27029
37851	22845
37851	38944
37851	39890
37851	22864
37851	27726
37851	35180
37851	33233
37851	36837
37851	28706
37851	32332
37262	1586
37262	24002
37262	2841
37262	3890
37262	38840
37262	11165
37262	14956
37262	16210
37262	40483
37262	39257
37262	24192
37262	24221
37262	37493
37262	17331
37262	19526
37262	22671
25913	37890
25913	34353
25913	9024
25913	33771
25913	40181
25913	19146
25595	30925
32702	7453
32702	40714
29106	2959
29106	32907
29106	34239
17694	37751
17694	40025
28810	3581
15837	10848
15837	6863
15837	17227
15837	21622
15837	9123
15837	14227
15837	16424
7355	17505
6729	8688
14588	12840
28811	36
28811	28849
28811	24729
28811	38301
28811	35476
28811	35154
28811	21997
6426	18441
6426	11876
6426	8811
6426	19112
9244	4545
9244	22214
9244	4653
9244	25501
9244	21684
20497	5729
2832	19222
8314	24424
8314	15643
8314	11571
8314	10051
8314	12232
8314	24502
8314	7233
8314	23308
8314	29388
22084	20965
22084	36586
22084	36928
14275	35193
14275	594
15199	2918
15199	30864
5497	12784
5497	34443
5497	22254
14276	32717
14276	20521
14276	1979
14276	32797
14276	8438
14276	11248
14276	17195
14276	39879
14276	39904
14276	9788
14276	33935
14276	20759
333	11837
333	28668
13654	8335
40375	265
37852	30998
34971	7979
34971	29767
30747	4294
30747	9215
1279	29426
17696	7838
17696	14187
17696	13909
2833	39936
25596	28304
25596	8467
25596	21927
25596	20039
25596	11895
25596	27759
25596	14467
25596	26536
38809	38081
24938	36
24938	7767
24938	20907
24938	25709
24938	5925
24938	38321
24938	24761
24938	24483
24938	7286
4812	23189
13023	16248
35678	4536
35678	32780
12708	5819
12708	9183
6107	469
6107	30603
6107	29300
6107	24807
6107	40280
6107	40333
17380	39679
31751	21580
31751	12828
31751	7915
3181	29207
3181	15000
3181	14091
3181	4999
3181	10745
3181	3135
2559	34627
20189	32478
20189	4330
20189	17912
30421	19808
3182	10515
3182	32704
14589	8876
1895	29567
1895	27020
1895	30558
1895	4966
1895	30606
1895	11618
1895	25248
13321	10889
13321	3298
13321	3353
13321	226
13321	28455
36625	18666
36625	8085
36625	7138
36625	12818
36625	7207
36625	37175
36625	36566
36625	40034
34315	11915
34315	26234
37853	6721
33375	34082
33375	36696
33375	2014
33375	35797
33375	6296
33375	18189
33375	5026
33375	5996
33375	35235
33375	28387
33375	24529
33375	19487
33375	4720
33375	10736
33375	3420
33375	39034
33375	29683
33375	16053
33375	35925
33375	15769
33375	9201
33375	31028
33375	21449
28185	14715
28185	20038
8953	10930
8953	9415
8953	23891
4161	35361
4161	14981
4161	38948
4161	29295
29438	1339
29438	23441
29438	3027
29438	20058
29438	19124
29438	21332
29438	8571
29438	4142
3845	10834
3845	10853
3845	27109
9581	32834
9581	9108
9581	11334
9581	32296
9581	39087
663	5269
663	16601
663	19769
663	19814
27558	15560
27558	25965
27558	35753
27558	31842
27558	2982
27558	37175
27558	39702
27558	6979
22382	11799
22382	3258
22382	32290
22382	3075
22382	7271
22382	5071
22382	33298
22382	10135
18926	39873
18926	5297
18926	32287
18926	32570
18926	4407
34651	37422
34651	27095
34651	15096
34651	19166
34651	34278
34651	13943
34651	9858
40376	11174
40376	32436
40376	32780
40376	31536
40376	31071
15200	37129
23034	20802
23034	32432
23034	18689
23034	415
23034	17503
23034	31540
23034	5742
39463	40346
39463	39744
28813	4087
28813	38463
39464	28502
13024	9379
33376	39038
33376	37817
25262	20802
25262	18689
25262	415
25262	34574
25262	3116
25262	15786
25262	23034
33029	21734
7035	15633
7035	22555
32703	29867
32703	17804
32703	9061
32703	22526
32703	17541
32703	38967
32703	20662
32703	14202
32703	12936
21156	19949
21156	10938
21156	3393
21156	18609
19580	25284
19580	2364
19580	11329
19580	6946
19580	1502
19580	23568
19580	2160
19580	18566
16132	32215
16132	13211
40718	11334
40718	594
40718	26890
24298	6165
24298	10353
24298	38973
19581	8792
19581	40025
19581	35656
10214	40523
10214	20990
10214	35175
10214	34911
23658	23269
33700	35792
33700	7153
33700	18121
33700	32495
33700	39265
33700	21610
33700	3715
33700	17874
33700	40021
33700	23004
33700	4477
33700	19559
17998	36436
17998	12672
25263	13421
25263	9053
25263	5047
13025	5759
955	2628
24939	28855
24939	18376
24939	5256
24939	3479
39465	12055
39465	28604
39465	39263
39465	33211
32704	10515
32704	3182
25264	35130
25264	36559
12399	16033
12399	12922
12399	21676
33030	40538
33030	37137
32055	23366
32055	3756
32055	13870
32055	22284
32055	17328
7036	2409
9245	21231
32056	39273
32056	5347
36003	8273
35335	11180
35335	29011
35335	23253
35335	36847
35335	24533
35335	1833
35335	36299
11117	2391
26576	11254
26576	195
26576	40243
26576	4469
26576	12997
26576	4154
21467	17469
21467	20278
21467	5332
21467	10383
21467	17027
30748	23842
30748	29355
26253	17556
26253	39003
26253	4751
26253	9857
37854	13056
37854	5329
37854	33255
19886	30818
19886	25696
19886	9961
19886	30330
19886	20102
19886	38439
19886	5093
19886	7954
26577	4509
26577	28503
26577	24646
26577	23393
26577	33775
26577	17856
26577	2776
26577	2517
10215	3253
10215	21839
10215	3921
10215	10951
10215	37093
10215	2111
10215	22647
10215	27162
10215	34302
664	17555
664	840
664	40025
37555	35233
23353	32502
23353	26469
6108	22824
6108	26731
6108	22234
6108	12295
6108	30371
6108	33344
6108	7329
30749	39928
30749	19122
30749	18574
30749	19232
30749	26211
23659	18020
23659	29294
36303	40025
23997	38877
2230	26663
2230	7138
2230	33179
33701	14416
33701	10762
665	1593
12046	19904
12046	25440
12046	16314
13026	13191
13026	12295
12709	15466
28186	5766
16776	11507
16776	16894
16776	23173
16776	31589
6730	12459
6730	27058
6730	39024
22383	32385
8315	38464
18628	1909
18628	29550
18628	7162
18628	33510
18628	36156
18628	13258
18628	18566
18628	33312
18628	25853
18628	38752
18628	4111
18628	29068
18628	18583
18628	23316
3516	11194
3516	23115
3516	4938
3516	14086
3516	25734
3516	28012
3516	807
3516	9425
3516	14443
3516	24807
3516	40280
3516	900
3516	37482
3516	18910
32390	39560
39466	35156
29439	36066
29439	1722
29439	35193
29439	21392
29439	17964
29439	6403
29439	33686
16451	33057
16451	34353
16451	23105
16451	12801
16451	40626
13655	24807
13655	11077
27863	11442
27863	4010
27863	7862
27863	39003
27863	1786
27863	22284
27863	17289
27863	4731
27863	20735
27863	29383
27863	27530
11430	5213
11430	15916
11430	19059
31752	8347
31752	12093
31752	19315
31752	26958
31752	9954
31752	32784
31752	6500
31752	18736
31752	7520
31752	14449
31752	4695
31752	13542
31752	28388
31752	30323
31752	10736
31752	34907
31752	15780
31752	16073
31752	17022
31752	17955
31752	17330
31752	32990
34972	5213
34972	15916
34972	13488
34972	20988
34972	30589
34972	13639
3517	16264
3517	35548
3517	15724
3517	16400
3517	3828
34316	11859
25597	27294
25597	4585
25597	37425
27559	29867
27559	38909
27559	33137
27559	25056
27559	34563
27559	31663
36004	14095
36004	29238
36004	21938
36004	31579
36004	35233
36004	8233
36004	7636
21775	23115
21775	24080
21775	32832
21775	5640
21775	3026
21775	224
21775	10730
21775	36231
21775	19230
18324	35831
2560	33311
2560	24608
3846	38268
3846	29893
3846	39862
3846	17183
3846	22860
3846	3045
3846	28361
3846	3427
3846	24552
3846	17664
3846	7692
29107	5213
29107	22146
29107	5246
29107	24812
29107	12296
29107	22974
29107	21432
4813	18548
4813	13927
4813	17682
1896	25965
1896	29219
1896	5922
1896	21299
1896	21060
5143	28578
22713	19614
22713	28849
22713	1070
22713	38301
22713	7499
22713	21299
22713	3697
22713	1736
22713	28706
22713	15160
22713	19871
33032	2594
33032	16201
33032	25363
33032	23771
33032	37964
33032	23165
33032	26412
33032	13861
33032	30637
33032	16033
33032	12922
33032	23347
4162	34729
4162	23458
4162	27036
4162	16008
4162	8534
4162	30308
4162	11930
4162	3409
4162	17620
4162	35918
4162	19817
4162	37188
4162	39393
4162	37494
4162	35301
10216	4934
334	34729
334	34782
334	18532
334	30023
334	20436
334	8259
334	12335
30422	37906
26578	40025
9246	8052
9246	40483
9246	5252
9246	7524
9246	2474
9246	37179
9246	24221
1897	24410
1897	28748
26254	40280
37556	6225
37556	1394
37556	16595
17697	28387
17697	3420
17697	35260
17697	12312
17697	35925
40377	393
40377	27497
40377	31681
9582	34743
9582	35791
9582	21038
9582	28109
9582	34260
9582	32050
33378	27690
33378	6924
33378	31633
33378	6372
33378	929
33378	16750
30101	33137
30101	9061
30101	20028
30101	24759
30101	20343
30101	34563
30101	14227
33702	4211
33702	11385
27864	36993
27864	6217
27864	19429
27864	26792
27864	26130
27864	18828
27864	35580
27864	40672
29108	26553
31753	24478
31753	31022
28187	6593
28187	18855
4163	6140
4163	35542
4163	18225
34973	33260
34973	19529
34973	31350
19260	11847
19260	22843
19260	26156
23354	807
23354	9425
23354	31057
23354	36592
31376	29459
31376	25353
31376	18396
31376	19986
31376	31905
31376	34809
31376	9112
31376	13853
31376	31263
31376	11946
31376	11034
31376	24866
36304	23121
36304	28578
36304	1079
36304	20735
14904	15944
14904	7503
14904	33618
13322	28345
13322	36153
13656	836
13656	30053
29440	29120
29440	10849
29440	15912
29440	9376
29440	15015
29440	8136
29440	8527
29440	545
29440	27144
2561	34108
2561	25437
2561	22543
2561	31671
2561	27144
5144	35522
39131	9412
39131	40025
1898	3196
1898	28863
1898	3767
1898	2160
24940	25323
24940	35755
24940	3963
24940	36156
24940	33917
24940	32615
24940	33312
18629	39559
18629	9739
9583	37342
28188	4942
28188	38501
28188	23351
13657	36941
13657	36942
15839	18240
15839	1810
15839	29384
21776	17011
11118	2912
11118	36103
11118	12820
11118	5305
11118	39622
11118	33217
11118	11329
11118	17275
11118	38418
11118	14204
11118	1502
11118	18566
11118	23316
11118	33350
11118	14877
11118	40689
11118	25903
11118	19580
11118	19887
28486	32174
28486	31855
28486	20286
28486	3962
28486	14717
28486	15045
28486	40560
28486	14170
28486	36523
28486	9169
28486	6048
28486	7639
28486	40684
28486	29400
28486	40357
11742	5213
11742	15916
11742	2352
11742	10054
11742	35551
11742	11335
11742	2190
13977	35476
27560	23022
1576	24920
9584	32911
33703	20907
33703	38321
33703	22868
33703	31912
33703	16293
33703	15797
9891	11270
9891	30261
9891	10676
9891	11335
9891	21734
28487	19161
28487	19177
28487	5071
28487	28120
18630	4565
18630	35070
18630	28913
18630	37991
18630	1414
18630	22526
18630	38018
18630	3362
18630	31581
18630	18807
18630	33628
18630	27144
18630	13305
18630	38148
18630	10523
18928	6180
18928	28152
36626	1046
36626	28732
36626	16381
38506	29828
38506	20036
38506	36782
38506	38053
38506	17275
38506	1502
38506	40357
38506	19887
32057	9037
32057	22817
32057	31529
32057	11575
32057	11335
32057	25512
8018	37341
8018	21255
8018	40227
8018	22265
8018	39976
8018	16360
8018	17334
16452	36060
16452	17503
16452	3988
5145	15085
34317	9091
34317	16444
13658	8776
13658	37717
7356	731
37557	22931
37557	2137
39132	35816
39132	11316
39132	13558
39132	34886
39132	37459
39132	36557
39132	28786
39132	10811
8954	432
8954	139
8954	22067
8954	39456
10218	33432
10218	26971
10218	32202
10218	25090
10218	27388
10218	17556
10218	4751
10218	1894
27561	14700
27561	37055
27561	4629
27561	30921
27561	37736
27561	35188
27561	35630
27561	28161
27561	26860
27561	33004
27561	40058
22085	10849
22085	15912
22085	18409
22085	8136
22085	545
22085	27144
22085	2175
22085	25228
22085	31374
37558	19003
37558	36376
37558	11214
37558	37988
37558	14754
37558	34908
37558	32643
13027	20907
13027	16284
13027	24483
13027	5433
2562	1316
2562	31559
2562	34550
2562	26517
2562	25860
30423	31842
30423	1071
30423	14393
30423	31540
30423	5029
30423	28085
30423	32388
11431	27015
11431	40538
28814	22865
28814	30904
28814	39910
28814	2497
28814	1520
9892	15287
9892	14676
9892	27020
9892	30606
34028	17487
34028	19458
34028	21031
19261	10849
19261	545
19261	16374
19261	27144
19261	25228
19261	31374
19261	22085
37855	35773
5146	28063
5146	10094
5146	38760
32705	32780
32705	27034
32705	31536
37263	40227
37263	38377
37263	39976
5498	34
5498	24433
21777	10165
10526	30895
10526	24533
10526	38078
26579	23398
26579	27613
26579	9513
16133	38237
16133	18517
16133	26160
27205	12062
27205	1651
27205	18109
27205	8786
27205	5945
27205	28361
27205	38033
27205	21671
27205	39695
27205	36236
27205	2767
27205	20767
27205	29737
27205	15494
27205	8005
27205	27557
21157	784
21157	40227
21157	2704
21157	38377
21157	39976
21157	6957
21157	5099
21157	25584
1577	29172
1577	29260
1577	28703
1577	21384
1577	7653
19262	14330
19262	21534
19262	8739
19262	29533
19262	8468
19262	6856
19262	33514
19262	36121
19262	16617
19262	37428
19262	560
19262	40273
19262	32311
13659	38909
13659	33137
13659	9689
4501	34415
4501	24807
4501	10730
36305	14960
36305	19096
1578	34796
3183	32523
3183	24504
3183	32551
3183	13863
3183	22603
3183	1848
3183	10511
1579	784
1579	20634
1579	4015
1579	12284
1579	19815
1579	25877
23355	13353
23355	16183
23355	1044
23355	28118
26255	36714
33379	36262
15201	14715
15201	39331
18929	16495
18929	1722
18929	5665
18929	27523
18929	6403
11119	13796
11119	1148
11119	19834
956	16008
956	11930
11432	10582
11432	5628
11432	36161
11432	37151
4164	19856
33704	38242
33704	17770
33704	33811
33704	11238
33704	28703
33704	20091
33704	7267
33704	33287
33704	5095
33704	19201
33704	22323
33704	31328
33704	15472
15840	32333
18631	11896
19263	40143
33380	2620
33380	807
33380	17572
33380	21392
22714	7802
22714	14993
22714	13500
22714	15059
22714	9755
22714	1495
20498	6426
18632	8739
18632	29533
18632	33832
34029	36
34029	28849
34029	1070
34029	38301
34029	21997
19887	12204
19887	11580
19887	40229
19887	33217
19887	7570
19887	11329
19887	17275
19887	1502
19887	2160
19887	2161
19887	23316
19887	33350
39769	17471
39769	5321
39769	25175
39769	17282
39769	34242
39769	23932
39769	29364
9247	31531
9247	20031
9247	15362
9247	7915
9247	13895
9247	33682
25914	16331
10527	30126
10527	36
10527	105
10527	30217
10527	38301
10527	36788
10527	19453
10527	11034
10527	23978
3184	21479
3184	11464
3847	7268
3847	14835
3847	32628
3847	26838
3847	6379
3847	2516
3847	27513
3848	36093
3848	6723
28815	19904
28815	1071
28815	31865
28815	31883
28815	11953
28815	36550
33381	13353
33381	16681
33381	35642
22715	36387
22715	8752
22715	9354
22715	22485
22715	24542
21778	33739
21778	36899
26893	29547
26893	20029
33382	26379
33382	19711
33382	4320
33382	5335
33382	36156
33382	36467
33382	19877
23035	2612
23035	30833
23035	28928
23035	6296
23035	33930
23035	36221
23035	32618
23035	33303
23035	16388
23035	10151
17999	31130
17999	34749
17999	18836
17999	13583
17999	26183
12401	24702
12401	37342
25915	10569
25915	34456
25915	20098
25915	37456
25915	12384
28816	9297
28816	18101
28816	33145
28816	21266
34652	5324
34652	26439
34652	27144
2232	24390
2232	34894
2232	39722
2232	3481
30750	411
30750	16595
30750	20311
30750	36764
26581	13782
26581	19427
26581	11917
1899	5444
4502	22256
4502	34941
33033	21638
33033	7617
21779	32977
18000	20204
18000	16309
18000	36507
18000	1224
18000	13936
33034	30348
38810	14021
39133	39595
33035	11194
33035	20895
33035	32802
33035	20285
33035	32824
33035	25734
33035	11552
33035	4327
33035	20051
33035	4154
34030	18351
34030	17144
34030	11546
34030	18756
34030	806
34030	36473
34030	5372
34030	32299
34030	11930
34030	39679
34030	4410
34030	13259
34030	14218
34030	5732
34030	17046
28817	16772
7357	25350
7357	3648
7357	29573
7357	29725
7357	39421
27562	40095
27562	36104
27562	11356
27562	26160
3185	6274
3185	22526
3185	7007
20797	37010
20797	38901
20797	30515
20797	12179
20797	7843
20797	6272
20797	32232
20797	8827
20797	3392
20797	26486
20797	9518
20797	16076
20797	6987
20797	11698
26582	39189
26582	38745
26582	39734
32706	3540
32706	23742
32706	25786
1280	1664
1280	40520
1280	5292
1280	6863
1280	16608
1280	9090
1280	9417
1280	37421
1280	6964
1280	14860
18930	39189
18930	29989
18930	26582
29109	29217
29109	3764
30751	23103
30751	32981
13028	25512
26583	20625
38174	14678
38174	18125
38174	31254
38174	34199
38174	28076
38174	25861
38174	27207
38174	40079
32058	10736
32058	23914
10822	5808
10822	36457
10822	1155
10822	24807
10822	31270
10822	11077
18931	35138
18931	11266
18931	39614
18931	27723
18931	38985
18931	32291
18931	28706
18931	7286
18931	15160
25917	4949
25917	21610
25917	27395
25917	39325
25917	16311
25917	28775
25917	40021
12402	35072
12402	31509
12402	9072
12402	20039
12402	14745
12402	21612
12402	19427
12402	24503
12402	26185
12402	30072
12402	25881
3186	20634
3186	16012
22716	15457
337	10307
337	23797
337	22642
19888	25343
19888	23499
19888	39636
19888	35636
2233	32659
14590	38247
14590	29200
22717	33843
22717	23176
22717	181
22717	17553
38811	3969
38811	2681
38811	22614
38811	14266
11433	33929
17381	34507
17381	40243
17381	12997
17381	29426
34974	26901
34974	11502
34974	4570
34974	32804
34974	38639
34974	12540
9585	16892
9585	26726
9585	23184
9585	13485
9585	2719
9585	31706
4503	1387
4503	38321
4503	9866
37856	29867
37856	22272
37856	27144
957	10676
20499	22045
20499	17070
40719	13851
31754	6444
31754	1366
31754	30882
12047	22216
12047	6604
12047	25512
12047	7605
12047	38141
12047	35675
8019	40452
8019	486
8019	37773
27563	20943
27563	7163
27563	13826
27563	15986
39134	29452
39134	37886
39134	11165
39134	36
39134	29174
39134	15287
39134	18396
39134	38301
39134	39252
39134	23164
39134	36124
39134	10364
39134	5683
39134	5382
39134	11034
39134	31660
39134	17331
39134	40690
38508	39390
23036	30795
23036	28923
23036	35520
23036	20710
23036	27797
23036	36545
23036	10150
23036	33985
21780	12543
21780	2059
21780	21403
14905	12791
14905	33140
14905	20044
14905	2431
14905	10414
14905	3396
14905	2751
22718	7781
22718	28435
22718	36571
27564	40426
27564	9024
27564	4908
27564	15333
27564	16265
27564	17822
27564	17826
27564	37089
27564	18179
27564	1539
32391	22830
32391	5292
32391	24137
32391	30384
33705	35086
33705	33820
33705	10006
33705	23480
33705	23857
33705	16301
3849	10314
3849	33820
3849	23505
3849	27144
3849	10494
3849	29769
26894	14993
7358	21307
7358	12570
32059	38596
32059	25719
32059	37722
35336	32446
35336	39224
25918	23580
25918	2516
25918	37505
25598	412
25598	24828
34318	22426
34318	12450
34318	17424
34318	7465
34318	23845
34318	33255
35337	40025
10823	22129
10823	25965
10823	32180
10823	34785
10823	5922
10823	15022
10823	35488
10823	6277
10823	1429
10823	10676
10823	22234
10823	19433
10823	12574
10823	35858
10823	9461
10823	21978
10823	40627
10823	30329
10823	32610
10823	17653
10823	16729
10823	21734
10823	28455
10823	25233
10823	21126
10823	29090
10823	35973
10823	17990
10823	36618
36005	6394
11122	14328
11122	37425
11122	31604
10528	23825
10528	37433
10528	34607
22719	9614
22719	10300
22719	9961
22719	24109
22719	34179
22719	25829
22719	34310
40720	37700
40720	37803
40720	22663
40720	20778
8316	25353
8316	7190
8316	11946
8316	5075
15510	19280
15510	2587
15510	19297
15510	24656
15510	12450
15510	7413
15510	2603
15510	4240
15510	25980
15510	36375
15510	17466
15510	28281
15510	13146
15510	20020
15510	26061
15510	27757
15510	28369
15510	16958
15510	4377
15510	14484
15510	3767
15510	6968
15510	27164
15511	34
15511	15912
15511	29557
15511	25060
15511	8136
15511	18148
15511	5985
15511	27144
15511	24891
7037	40536
7037	11334
7037	594
7037	26890
7037	40718
4166	19509
21781	36654
21781	31411
4816	32406
4816	29847
4816	22486
4816	10036
4816	4010
4816	26790
4816	13870
4816	4731
4816	9808
4816	21389
4816	29383
5499	18104
5499	39634
10529	3912
10529	6802
10529	20387
10529	8550
34653	10165
38812	17469
38812	38282
39467	16209
39467	25363
39467	15934
39467	40251
39467	16679
39467	17927
39467	28776
31079	36429
31079	12840
31079	9415
31079	33883
31079	32278
31079	3388
31079	21451
12048	38579
12048	29399
13660	8391
39135	35070
39135	11832
13978	38972
13978	14485
28189	10889
28189	34746
24617	37010
24617	30515
24617	6272
24617	32232
24617	20046
24617	20338
24617	27744
24617	23842
24617	25113
24617	39312
24617	3392
24617	28086
24617	10724
24617	33299
24617	16076
31755	34431
31755	32356
33036	28304
33036	34165
33036	6304
33036	2565
25599	38781
25599	23346
23998	20316
23998	27723
23998	26420
23998	28706
5147	38301
5147	9094
5147	4679
27865	7401
29110	33851
3519	36410
3519	16012
16454	8739
16454	29533
16454	7136
16454	19146
16454	31610
20798	11847
20798	12988
31756	27382
31756	26425
23037	13685
19889	35820
13029	22485
27206	19328
27206	24536
20190	29533
20190	33483
20190	33832
20190	10988
20190	4101
23038	3615
23038	29228
23038	39940
1281	8846
958	10632
958	29603
27207	14678
27207	34747
27207	1060
27207	16897
27207	5938
27207	1437
27207	31254
27207	15998
27207	1158
27207	34199
27207	28076
27207	13861
27207	15132
27207	25861
27207	40079
8317	20907
16777	20588
16777	27717
16777	40627
16777	36625
33037	4006
33037	11630
27208	25021
27208	27014
27208	34145
27208	28016
27208	34485
27208	25105
27208	2460
27208	7913
27208	37782
27208	8880
27208	29725
27208	30397
27208	16434
29770	31914
29770	22062
29770	31356
32060	5213
32060	15916
32060	25028
32060	40171
32060	38342
32060	11619
32060	11630
2834	24424
2834	11571
30424	9046
30424	16406
19582	10889
19582	24419
19582	19059
29441	21862
29441	16319
29441	7252
29441	27780
29441	7264
29441	8228
29441	29051
29441	11375
29441	7639
29441	3145
34319	18104
34319	14698
34319	24753
34319	16611
34319	27395
34319	30921
34319	25467
34319	14227
34319	17982
34319	33671
4504	35070
4504	27314
4504	21919
4504	39630
4504	18233
959	27571
959	12458
959	10413
959	3747
959	23545
959	16687
959	29362
959	8579
959	29437
24941	1341
24941	22454
24941	38900
24941	9119
24941	12597
24941	10115
24941	591
24941	40316
24941	21130
34975	8033
34975	38239
34975	4933
34975	28945
34975	23964
29442	9611
17073	38276
17073	25064
17073	21021
17073	11061
7359	568
7359	14204
19583	36373
27866	25055
27866	33832
27866	38321
27866	20316
27866	35848
27866	28706
27866	25860
27866	22370
27866	17689
32061	14981
32061	11226
16778	16615
16778	4381
16778	30983
16778	20140
16778	24598
2234	16177
2234	32551
2234	7039
23660	5474
40721	35361
40721	33820
40721	23480
40721	13522
2564	38301
2564	11034
2235	38078
2235	17294
6109	20907
6109	25055
6109	20316
6109	21978
6109	7286
6109	4101
37857	6460
37857	32117
37857	38639
37857	32890
8318	19331
8318	34859
8318	18512
8318	35896
8318	31976
12403	17505
12403	38343
12403	12646
12403	35606
40070	37117
40070	8281
40070	9870
28488	11507
28488	20652
28488	18148
28488	15980
28488	281
28488	8607
14277	12828
14277	36429
14277	9415
14277	33883
14277	28450
4817	8033
4817	24165
4817	11021
3187	19036
29771	544
29771	6626
29771	19791
33038	7826
33038	9418
33038	10972
33038	36178
3850	15902
3850	28281
3850	27757
3850	33582
3850	21647
3850	4049
3850	26527
35338	29281
35338	36810
35338	36813
35338	39677
35338	35283
35338	18910
35338	21761
13979	35672
37264	4652
37264	14264
29111	9305
18932	33533
18932	25794
18932	2459
18932	8542
18932	17922
18932	19809
18932	39400
18932	14550
25919	20305
25919	36446
25919	17584
25919	7231
28489	27481
28489	18863
28489	7636
32062	18370
32062	3963
32062	33510
32062	17514
32062	36784
32062	38359
32062	33917
32062	4045
32062	32615
32062	13594
32062	25853
32062	17973
32062	23967
25920	11165
25920	36
25920	1977
25920	15287
25920	38279
25920	1669
25920	38301
25920	31197
25920	26056
25920	24749
25920	36124
25920	10364
25920	36154
25920	28987
25920	18494
25920	5683
25920	39652
25920	19806
25920	9798
25920	11034
25920	2768
25920	15785
25920	11076
25920	17331
25920	9564
25600	26713
25600	32302
25600	22959
23661	3205
23661	20236
23661	18380
23661	21652
34976	22985
18325	1624
18325	25893
18325	11731
25601	28153
3520	20212
3520	16444
15841	21126
3521	27537
31757	33576
18326	33473
40071	3219
40071	38733
40071	18292
21782	5741
17074	9461
17074	30727
17074	20191
25921	13141
25921	18122
25921	8469
25921	3043
25921	31571
25921	39923
25921	40638
38509	2912
38509	14204
38509	13575
38509	27808
38509	10470
38509	600
38509	24574
38509	18601
34654	16608
34654	3008
34654	9852
34654	31351
34654	5478
31377	25704
31377	10920
31377	26406
31377	27385
31377	26503
31377	19834
31377	35659
34321	30908
34321	5387
34321	34240
34321	1536
32063	15944
32063	21291
32063	10992
32063	38781
32063	24595
32063	25599
31758	18030
31758	1339
31758	24739
31758	34815
31758	30339
15512	40134
15512	38242
15512	24139
15512	8534
15512	20091
15512	11647
15512	18532
15512	14502
15512	29362
15512	20119
15512	32002
15512	20436
15512	8259
15512	7949
15512	5441
15512	21719
666	37698
666	26765
666	21659
666	10762
26257	34358
3522	8950
40072	27178
40072	2546
40072	2209
5148	36387
5148	40209
5148	6944
5148	29340
19890	9379
17383	35458
17383	10665
14591	32098
14591	37321
14591	25696
14591	9653
14591	9961
14591	40471
14591	3625
14591	20993
14591	23851
14591	15738
14591	31025
14591	32685
14591	34310
14591	10219
27565	32824
27565	34507
27565	37834
21159	33197
6427	8393
6427	15607
6427	12899
35679	2912
35679	32820
35679	25409
35679	5305
35679	26142
35679	8874
35679	14204
35679	1243
35679	28469
21468	32566
21468	5387
21468	1536
960	2896
960	12142
960	26969
960	7479
960	17183
960	3045
960	31600
960	12634
960	17664
960	11711
960	36932
960	15188
960	8011
33706	29452
33706	36
33706	25353
33706	18396
33706	5252
33706	38301
33706	23164
33706	36124
33706	10364
33706	521
33706	5683
33706	5382
33706	11034
33706	31660
33706	24866
24299	6180
24299	39727
24299	14867
25922	17130
25922	31584
25922	30029
5149	4715
5149	34239
3523	34712
3523	10736
25268	3397
30425	27028
30425	23821
30425	16273
30425	22600
30425	26146
30425	1236
30425	1862
30425	12042
24942	25333
31080	23947
12049	36060
12049	23814
12049	38663
12049	21694
12049	13606
12049	29418
25269	37878
25269	15942
3524	30525
3524	20022
11743	5213
11743	15916
11743	9961
11743	3625
11743	24109
11743	12361
23039	5213
23039	15916
23039	2352
23039	24419
23039	19059
23039	21285
23039	10054
1580	25055
1580	4101
26258	22134
26258	26988
26258	2062
26258	31264
26258	1786
26258	28755
26258	4751
29443	35067
29443	10317
29443	7577
29443	18624
15202	21258
15202	35462
15202	3633
15202	6547
15202	15660
15202	32522
15202	28060
15202	21028
15202	27457
15202	31647
15202	33308
15202	6382
15202	24876
15202	32358
29772	2638
29772	22272
3525	3253
1581	37347
24943	2319
24943	1664
24943	20963
24943	37391
24943	9417
24943	17226
24943	37734
24943	6964
24943	5721
8319	7421
12404	34405
12404	20907
12404	38321
12404	6620
40378	18469
40378	21112
40378	36598
40378	29752
40378	35669
1900	15131
3526	24807
3526	37828
3526	18910
22385	40224
22385	18212
1901	23619
7038	17089
7038	14704
7038	4114
16135	31511
16135	33260
16135	19167
16135	20413
16135	19810
16135	16993
16135	3777
16135	7946
16135	2773
16135	21401
16135	37545
27209	5873
27209	17541
27209	25129
27210	29767
27210	17692
27210	34971
28818	16017
36628	33507
36628	26743
36628	2058
36628	21621
36628	8839
36628	14202
36628	12988
15513	15529
15513	38524
15513	11450
15513	997
15513	15004
15513	7162
15513	16897
15513	32504
15513	12204
15513	32871
15513	19102
15513	33217
15513	7570
15513	11329
15513	30637
15513	15422
15513	23898
15513	39681
15513	2138
15513	29693
15513	2160
15513	2161
15513	38439
15513	18566
15513	10145
15513	20145
15513	23316
15513	40357
15513	20174
33384	27267
33384	32446
33384	5737
19264	11552
19264	469
19264	36807
19264	24807
19264	11077
28819	8752
28819	31748
40073	7499
40073	26420
40073	21299
40073	28706
40073	14504
6428	4969
6428	28078
24300	8579
7039	7719
7039	16177
7039	11507
7039	21574
7039	33168
7039	38365
36306	31432
2236	23115
2236	195
2236	224
5150	31478
5150	14689
5150	33820
5150	31519
5150	9754
5150	7235
5150	38795
5150	32398
2835	35361
33385	13667
33385	30835
33385	17505
33385	31554
33385	7671
19265	39860
19265	31663
19265	27144
19265	1217
13323	7830
33386	2853
33386	18720
13661	10125
28490	12911
37265	17422
37265	15253
37265	40289
25923	18736
25923	14449
25923	12900
25923	15728
25923	12915
25923	39690
25923	16073
25923	31028
29112	1230
29112	32347
4818	26012
4818	13134
4818	19076
4818	4979
4818	16608
4818	21610
4818	19427
4818	39308
4818	21622
4818	39325
4818	12239
4818	39642
4818	22572
4818	1750
4818	22012
4818	7940
4818	25564
4818	25881
27566	1746
27566	1756
24301	26393
24301	11273
24301	6596
18933	3579
18933	3963
18933	38349
18933	36156
18933	19760
18933	39935
18933	33312
18933	4111
18933	18583
18933	19877
7040	5808
7040	33836
7040	3031
12405	12840
12050	10848
12050	32226
12050	37694
12050	9402
12050	11292
12050	31243
12050	5721
13324	31511
13324	20634
13324	28005
13324	27378
13324	3695
13324	4015
13324	15710
13324	34532
13324	39679
13324	19810
13324	3777
13324	31327
13324	15786
13324	14550
13324	7026
13324	7342
10530	12136
10530	13826
29113	14700
1902	37010
1902	37341
1902	13441
1902	39653
1902	19154
1902	10724
1902	32606
1902	22965
1902	12965
1902	6987
1902	11698
4167	24319
4167	10856
4167	38841
4167	13362
4167	30465
4167	32446
4167	5875
4167	30540
4167	23457
4167	39275
4167	20317
4167	20966
4167	22267
4167	6330
4167	23251
4167	18845
4167	20736
17699	1664
17699	31863
17699	37660
17699	8773
17699	19076
17699	16608
17699	17226
17699	30906
17699	26778
17699	25467
17699	6964
17699	14227
17699	25564
17699	24920
17699	23343
19891	38866
19891	20251
19891	28277
19891	16920
19891	39670
19891	35885
19891	37787
19891	10754
16780	3971
16780	8792
16780	18164
16780	226
16780	12312
28190	26739
28190	3671
28190	3018
28190	18240
28190	10438
28190	28103
28190	34605
28190	16753
37559	28839
37559	16209
37559	26010
37559	551
37559	21044
37559	33606
37559	17927
37559	22027
37559	34260
37559	33320
37559	14536
37559	5761
20191	35820
20191	9461
20191	30727
20191	29751
13325	29627
2237	34089
10531	16298
10531	24849
23999	9692
23999	29917
23999	27723
23999	28706
23999	25845
23999	15160
23999	6096
3851	1489
3851	2782
3851	18894
1282	5178
1282	35051
1282	5471
13662	11042
3852	35361
3852	35070
3852	14981
3852	35086
3852	36733
3852	24453
3852	35537
3852	33563
3852	4040
3852	38089
3852	9865
3852	16757
3852	5790
3852	3183
22386	37660
22386	37983
22386	30921
22386	23217
22386	14227
29444	26592
29444	23393
29444	34082
29444	2014
29444	27335
29444	13787
29444	19070
29444	1096
29444	34154
29444	28663
29444	4357
29444	27428
29444	13535
29444	35551
29444	17898
29444	9482
29444	28387
29444	22284
29444	27464
29444	4720
29444	23563
29444	16053
29444	6973
29444	29360
29444	15769
29444	39719
29444	17328
29444	12369
29444	32675
29444	23019
29444	26880
29444	33375
15203	2194
27567	37031
27567	13202
37858	27224
37858	33416
37858	29487
37858	2328
37858	4079
23356	14031
23356	28078
30426	19077
30426	39759
8020	1851
25602	33441
25602	32796
25602	16903
25602	31297
25602	4438
13663	26664
13663	35831
13663	36457
13663	31270
37266	25044
9586	2052
9586	38671
9586	2418
9586	3373
9586	5360
9586	11616
9586	20733
9586	23308
9586	32354
9586	13304
9249	9961
9249	5251
9249	23475
9249	40226
9249	13523
9249	33324
32064	35070
32064	14981
32064	35086
32064	33820
32064	29217
32064	10006
32064	32220
32064	29109
26259	8091
26259	12204
26259	2160
26259	17645
25603	35097
34655	9040
34655	19735
34655	31272
34655	18555
7041	28589
7041	25052
7041	15727
7041	39967
7041	25815
7041	7931
7041	14832
7041	10470
7041	28796
7041	40052
26260	34150
339	18212
339	30668
19266	5628
19266	10648
19266	3719
19266	23244
19266	29735
28820	20909
13030	32404
13030	14945
13030	10910
13030	13787
13030	29993
13030	35898
13030	16690
13030	40325
13030	22690
25924	4462
667	27077
667	31610
667	20790
20501	2325
5500	25715
5500	20022
5500	26765
7360	18736
7360	14449
7360	221
7360	16073
39138	34394
39138	4269
39138	15637
39138	18763
37859	4563
37859	8104
37859	5372
37859	39674
37859	12928
37859	9817
18633	33424
18633	28239
18633	38858
18633	4881
18633	9647
18633	33162
18633	15090
18633	11021
18633	2131
18633	3477
18633	9571
34977	19857
34977	9865
32707	15895
22721	29533
22721	25055
22721	33832
22721	10680
22721	10988
22721	40273
22721	21120
22721	32054
30427	39084
30427	25236
12406	29295
12406	40274
12406	31641
23357	6940
33387	32663
36629	39928
8320	8460
8320	12846
8320	5461
31759	40523
31759	31895
31759	27144
35680	13830
35680	17572
35680	30650
8651	39976
8651	19809
24302	1968
24302	17477
24302	32829
24302	7162
24302	27399
24302	5337
24302	19815
24302	4427
24302	25873
37560	14328
7702	29730
28491	25981
28491	26693
28491	38300
28491	18471
28491	32607
28491	24871
35681	39595
32708	4309
32708	15644
32708	17829
32708	24453
32708	39293
32708	32523
32708	33563
32708	38365
32708	28162
10532	25709
10532	29917
10532	5067
10532	20730
10532	25845
25604	19984
25604	29595
25604	10978
25604	3101
25604	7286
28191	24807
28191	19871
28821	2904
28821	25518
28821	945
17700	14715
17700	20305
17700	12198
17700	5009
19892	27144
19892	11741
37860	124
37860	5349
37860	20793
21469	1736
35682	36397
35682	10061
16781	36156
16781	19760
16781	27520
8652	1676
8652	28981
13031	6293
31081	21663
33388	26438
11744	29495
11744	27945
11744	5251
11744	12673
23662	7509
23662	6716
34322	1913
34322	24657
34322	9461
34322	36186
34322	28085
34322	3450
34322	30727
36006	37422
36006	15096
36006	19166
36006	14217
36006	34278
36006	34651
20502	18762
20502	9741
20502	200
20502	34189
20799	11981
20799	40032
29114	1664
29114	13134
29114	20963
29114	37391
29114	14125
29114	9417
29114	31230
29114	3397
29114	6964
35683	28586
35683	32875
35683	1738
35683	29636
35683	30933
35683	3373
19893	15970
1582	8184
34031	33832
34031	13793
34031	21600
34031	38379
34031	28706
34031	4101
34031	20790
34031	20190
34031	667
19267	36089
19267	6859
19267	8140
19267	27054
19267	13489
19267	9741
19267	31589
19267	18225
19267	1809
19267	40315
19267	23308
19267	29730
19267	19546
19267	17984
30752	29555
30752	17826
30752	37089
4819	27963
4819	24212
4819	21129
6429	26898
6429	29120
6429	10849
6429	34
6429	545
6429	18225
6429	27144
6429	17310
6429	25228
668	6746
668	30177
668	25370
668	25372
668	3627
668	13758
668	36093
668	4987
668	5981
668	20361
668	6946
668	14805
668	33607
668	18845
668	26502
668	29693
668	3781
668	6095
668	3178
4820	38336
28492	38961
28492	25467
28492	22572
28492	15075
28492	22012
28492	14860
28492	1865
23040	29476
23040	28351
23040	14200
39139	20895
39139	32824
39139	4154
14906	24425
14906	489
22387	26085
22387	13561
34032	3272
34032	11532
34032	39991
34032	36238
15514	14993
16782	24733
21783	8739
21783	29533
21783	32180
21783	40184
21783	6856
21783	33514
21783	514
21783	21978
6732	23291
28493	8739
28493	38615
28493	35802
28493	17202
28493	2385
28493	13459
28493	20311
28493	5937
28493	2395
28493	18159
28493	28028
28493	34176
28493	35178
28493	20062
28493	23511
28493	11309
28493	14148
28493	4032
28493	28074
28493	13895
28493	7286
28493	13945
28493	12015
28493	4475
36943	1001
36943	22426
36943	36364
36943	31822
36943	1727
36943	3702
36943	11335
32392	33536
38511	38266
38511	23453
38511	19437
38511	32017
14907	19328
14907	25696
14907	9961
14907	26677
14907	5251
14907	24109
14907	3367
14907	16650
14907	22266
14907	14477
14907	18226
14907	12297
14907	23898
14907	1501
14907	5093
14907	32685
14907	13020
33039	28335
33039	15413
33039	32942
33039	10745
33039	12966
18001	10110
12407	24997
12407	23418
12407	23115
12407	37061
12407	11334
12407	13550
18002	35361
18002	35070
18002	14981
18002	33820
18002	3024
18002	22388
6733	25021
6733	1426
6733	16948
6733	13853
6733	2460
6733	2488
2836	12789
2836	19076
32393	3991
32393	14425
32393	9865
18003	40025
4168	38247
4168	9649
4168	29223
340	23713
340	38291
340	31546
340	26782
340	1166
340	35237
340	27477
340	39403
340	5437
340	5451
2238	35361
2238	14981
2238	5774
40379	38961
40379	38666
40379	22995
40379	16749
40379	5478
40379	10197
14279	24450
14279	5000
4505	33181
4505	8481
38513	35506
38513	8159
38513	15386
38513	7578
38513	37444
38513	16356
38513	20108
38513	32956
38513	37248
17075	448
17075	18436
17075	22876
17075	35677
7042	20593
7042	38619
7042	3991
7042	21919
19894	18020
19894	32177
19894	9379
19894	16611
19894	9724
19894	29617
19894	30921
19894	20775
19894	33671
19894	23640
23663	37317
23663	20590
23663	32794
23663	14813
23663	4080
23663	4436
23663	22353
8321	11194
8321	33569
8321	36507
8321	19242
8322	35123
8322	2064
669	2369
669	27710
669	23308
14280	5213
14280	15916
14280	24727
14280	157
14280	18886
2239	6277
2239	8524
16136	29200
16136	15326
16136	7856
2565	4194
2565	16539
2565	27144
2565	33036
27867	38558
27867	4336
27867	24212
27867	21129
13326	23173
13326	19448
13326	27144
18634	21569
18634	38375
18634	20421
35339	20634
35339	3695
35339	4015
35339	35929
29773	9379
29773	16611
29773	19427
29773	4009
29773	30921
29773	6394
29773	6417
29773	16779
3853	23707
3853	12748
3853	7165
3853	27472
3853	17294
3853	39706
3853	6692
37861	39589
37861	8858
37861	39396
37861	29736
37862	36
37862	28849
37862	38301
29115	8491
29774	32208
29774	35864
29774	7887
5151	3969
5151	5673
10824	33366
37561	24733
37561	26446
37561	33274
16455	34108
16455	13219
16455	18225
16455	30051
16455	23308
16455	38465
16455	30736
16455	21772
16783	24454
15515	16495
15515	16264
15515	4668
15515	35548
15515	20785
10533	11256
10220	21652
6431	11851
6431	18803
6431	16649
6431	19533
6431	6086
16456	31459
16456	3394
35684	5213
35684	28706
34657	12866
34978	39654
34978	6932
34978	36571
34978	945
19268	9297
19268	36056
19268	82
19268	15916
19268	23433
19268	3628
19268	24419
19268	7841
19268	17529
19268	39614
19268	40626
19268	10445
19268	887
19268	22318
19268	24867
40723	32400
40723	35457
40723	3994
40723	32873
40723	3727
40723	32565
40723	2459
40723	8534
40723	30308
40723	23889
40723	8541
40723	3409
40723	4715
40723	33285
40723	17620
40723	17922
40723	30023
40723	19817
40723	14835
40723	37188
40723	20436
40723	8259
40723	31679
40723	26838
40723	7949
40723	13270
40723	38748
40723	11064
40723	2516
40723	35301
40723	927
36307	25734
36307	807
36307	1722
36307	9425
16457	36760
16457	12674
28495	19004
28495	16848
28495	37646
28495	15030
28495	31214
28495	30363
25605	19367
25605	17984
36007	12733
36007	11616
36007	20733
670	14264
670	37264
40380	23103
40380	15326
40380	30879
40380	32226
40380	9402
40380	39930
40380	27759
40380	29726
38514	4949
38514	39325
38514	6613
38514	20472
38514	16774
39770	27370
39770	182
39770	35158
39770	40025
32066	33507
32066	39872
32066	27144
32066	20492
31760	26351
31760	20675
31760	16033
31760	12922
31760	21676
31760	9218
31760	12399
22388	35361
22388	35070
22388	28913
26261	5213
26261	15916
26261	24419
16458	5213
16458	15916
16458	5693
28822	5246
28822	5917
28822	17281
28822	12646
28822	2551
28822	4495
21470	23196
21470	18196
32394	20845
32394	12824
32394	4639
32394	13488
32394	8525
32394	35583
40074	29172
40074	34221
40075	35095
40075	4942
40075	37984
40075	34160
40075	3492
34033	26747
26262	36060
26262	23814
26262	38663
26262	23542
26262	21694
26262	13606
26262	29418
4821	31663
25270	2681
25270	13863
25270	40025
11434	9263
10534	16289
10534	23242
10534	13855
10534	11335
10534	21343
10534	35583
3527	36688
3527	40153
3527	17826
3527	39375
24619	37657
24619	31206
31761	19671
31761	17817
31761	2418
31761	39098
2241	23742
13327	38961
13327	2064
13327	15399
9250	24991
9250	13134
9250	9123
9250	3397
9250	27144
9250	21143
9250	23343
9250	30098
4822	35361
4822	33820
25271	5875
25271	11042
25271	34953
10535	3991
10535	14425
10535	21731
12713	35361
12713	22187
12713	16894
12713	21001
12713	34204
12713	23308
12713	13305
12713	37258
18935	36100
18935	38926
18935	6847
18935	38645
18935	17530
18935	19407
18935	16694
6110	18411
6110	14121
6110	32875
6110	30933
6110	3373
6110	1193
11745	29555
11745	37089
11745	26241
3528	12756
3528	31240
3528	32939
3528	40284
30753	7848
30753	10411
30753	28755
33040	15004
33040	7162
33040	16897
33040	32504
33040	12204
33040	4987
33040	32871
33040	19102
33040	33217
33040	26768
33040	23235
33040	11329
33040	39681
33040	29693
33040	2160
33040	2161
33040	18566
33040	23933
33040	10145
33040	23316
33040	6074
33040	23967
33040	40357
33040	32689
33040	23987
19269	38649
19269	28106
19269	23968
18004	27070
25925	20645
25925	39713
27211	7913
27211	29725
19896	4578
19896	14227
22722	19059
22722	40025
8653	14264
11746	34081
11746	33759
11746	22799
11746	4077
25272	34509
25272	25520
12051	23642
1903	1067
1903	37983
1903	5361
1903	24550
1903	23613
19270	10848
19270	2640
19270	14700
19270	31863
19270	25404
19270	32833
19270	6863
19270	1717
19270	7530
19270	14430
19270	16299
19270	34562
19270	7940
19270	14227
30428	26606
30428	5324
27212	35792
27212	7153
27212	31911
27212	17874
27212	14227
27212	23004
10825	5570
1283	20907
1283	29533
1283	4600
1283	25055
1283	9692
1283	29917
1283	7841
1283	38321
1283	20316
1283	39614
1283	27723
1283	3697
1283	11588
1283	10988
1283	28057
1283	38371
1283	21978
1283	28706
1283	38431
1283	7286
1283	25845
1283	6096
24304	32853
24304	20064
24304	8631
38515	1772
3529	6025
20194	37010
20194	20338
20194	12610
20194	7254
20194	4155
18936	25055
18936	10958
18936	26420
18936	3697
18936	13217
18936	3742
18936	28706
18936	38431
18936	21097
32709	36680
32709	39199
32709	34088
32709	2399
32709	20356
23664	23515
23664	34891
9251	31478
9251	33820
9251	7235
9251	5998
961	13369
961	1346
961	31509
961	33166
961	8806
961	7525
961	27759
961	6326
961	37170
961	7940
961	26536
961	18909
36944	9614
36944	23780
36944	34179
36944	33255
36944	36866
25273	34111
25273	33137
25273	16886
25273	10006
25273	29586
25273	16611
25273	14157
25273	37807
25273	28161
25273	7027
4823	30292
4823	29998
4823	2489
4823	27520
38813	2043
38516	36197
38516	28115
38516	15442
38516	13610
38516	34956
37267	29533
37267	13114
37267	21924
37267	17230
38175	9290
38175	16923
38175	8169
38175	17939
38175	34611
38175	16408
38175	37813
26895	15762
26895	11706
31762	2796
16137	9402
16137	14745
16137	26438
16137	20164
16137	22058
16137	39441
32395	25352
32395	14384
32395	1101
32395	11896
32395	20471
16785	15895
16785	3086
11747	40315
19271	14026
19271	34785
19271	35488
19271	21993
19271	5704
19271	31064
39140	39779
32710	22830
32710	5292
32710	24137
32710	13844
32710	27144
32710	30384
8955	11800
31763	21234
18005	5244
18005	12358
27868	3
27868	15855
27868	10849
27868	26810
27868	20411
27868	16374
27868	27144
27868	17310
3854	27354
3854	16881
3854	7153
3854	14430
3854	15980
3854	9791
3854	13277
3854	14227
3854	289
3854	40362
3854	32682
3854	35320
3854	39451
15842	2074
15842	3435
15842	34593
9252	40410
9252	33432
9252	4247
9252	27388
9252	25138
9252	27810
19584	15354
19584	28016
19584	29725
15516	20215
15516	8058
15516	37611
28823	6319
25606	15330
25606	16657
9895	4397
39468	19582
31379	29221
27869	6240
1284	14330
1284	29533
1284	39565
1284	39297
1284	21978
1284	7892
1284	7286
1284	7327
7043	20897
7043	16589
7043	19393
7043	9695
7043	8803
7043	33535
7043	35832
7043	21943
7043	19446
7043	12597
7043	18278
11123	12055
14909	35205
16459	18607
20195	16993
20195	33991
20195	10181
22087	1909
14281	3316
14281	20660
14281	36172
14281	37828
14281	11739
20196	24632
20196	9397
20196	21054
4824	6543
4824	18755
4824	13488
4824	4377
4824	27164
30429	9425
30429	20348
30429	17311
30429	19525
30429	7996
16138	17248
27870	12261
27870	32576
27870	2202
27870	39767
32396	24433
32396	11706
30430	27741
30430	24155
30430	26209
30430	13634
30430	3502
30430	39755
30430	26239
25607	21864
25607	7253
25607	36849
25607	14804
25607	3413
25607	33607
25607	16690
25607	31299
25607	40325
25607	27519
25607	10193
25607	22690
25926	8058
25926	3081
25926	21694
8323	24139
8323	16008
8323	8534
8323	11930
8323	10746
8323	19817
8323	7282
8323	37188
8323	13270
8323	12964
8323	2516
8323	927
13664	6791
13664	14075
13664	23223
13664	3483
14910	1646
14910	12321
29445	8033
29445	14411
29445	19072
29445	2412
29445	966
16460	30432
16460	9957
16460	25452
40077	2676
40077	13464
40077	192
40077	24774
40077	16943
40077	36507
18006	13990
18006	30862
32397	26420
32397	39319
32397	26829
13980	24657
13980	12138
13980	40534
13980	30573
13980	36186
13980	10098
13980	5152
11748	10307
11748	25734
11748	14715
11748	13206
11748	7231
19272	10849
19272	34
19272	31846
19272	761
19272	11042
19272	27144
7361	16163
7361	18021
7361	1182
16139	28913
16139	30720
1904	29895
1904	27350
1904	2681
1904	16703
1904	27144
5152	24657
5152	12138
5152	22473
5152	13427
5152	40534
5152	30573
5152	36186
10536	24424
10536	9379
10536	16611
10536	4640
10536	2052
10536	19427
10536	2418
10536	11598
10536	4671
10536	32965
10536	28161
10536	10494
10536	11706
10536	4479
10536	6411
37562	226
37562	14200
37562	12312
4170	2064
4170	1737
4170	40025
4170	6412
4170	18934
22389	39375
22389	1539
14911	31158
14911	18450
14911	20634
14911	25085
14911	3695
14911	4015
14911	13850
14911	26782
14911	12284
14911	34239
14911	26507
14911	1532
14911	36278
39771	851
39771	24842
22088	35070
22088	29867
22088	33137
22088	38365
22088	13863
22088	34563
22088	37530
22088	35312
671	20236
27568	17207
27568	26418
15517	16436
15517	11738
39469	17714
39469	2871
39469	37700
39469	12264
39469	11946
672	8127
672	11032
7704	11847
7704	4658
7704	19506
23665	9042
23665	39312
23665	26084
23665	10087
31380	14996
31380	25053
31380	40625
31380	17927
31380	9549
32711	38949
32711	16667
4825	10013
4825	36880
22089	3993
22089	1156
341	1622
25608	26112
25608	21145
25608	8005
25608	27557
6734	17088
6734	15872
6734	13357
6734	35051
6734	18822
6734	35644
962	29185
962	14715
962	20038
26896	11194
26896	195
26896	31567
26896	4154
29116	7856
29116	26239
35341	4294
35341	26720
35341	30906
35341	27155
35341	23968
35341	33684
35341	23343
35341	19269
36308	28571
36308	7143
36308	36456
36308	39393
4171	3715
4171	17874
24620	10653
24620	14256
24620	28173
24620	13641
18635	35436
18635	9358
25609	20939
25609	23158
11435	11254
40078	24155
40078	36286
34034	25033
33041	2418
33041	33565
33041	20774
30754	32790
30754	22081
22723	35091
22723	1389
22723	5691
22723	1183
22723	27479
22723	13927
5153	30432
5153	40186
5153	23155
5153	16886
5153	37983
5153	8467
5153	21033
5153	3414
5153	15447
35342	11851
35342	35123
35342	40520
35342	9072
35342	22504
35342	18148
35342	30283
35342	37129
35342	3397
35342	21371
35342	27144
35342	6073
35342	30387
35342	34296
35342	23343
35342	15200
24305	31432
24305	4881
24305	33493
24305	11021
24305	21676
24305	12624
24305	13579
24305	22016
37563	31458
37563	9994
37563	32899
37563	35215
37563	11953
37563	31696
36008	28502
36008	25363
36008	23165
36008	27727
36008	21603
36008	30915
36008	31960
36008	10747
3856	6277
3856	6604
3856	16772
8956	28567
8956	19341
8956	25846
8956	26536
36946	39928
23359	35792
23359	7153
23359	3715
23359	4477
23359	14573
23359	33700
5154	35361
5154	35086
5154	33820
5154	20776
4506	6196
9253	32075
6113	3024
6113	23308
24306	11606
24306	6323
8022	20867
34658	37271
34658	34715
34658	26952
34658	13579
23360	2878
23360	40153
23360	118
23360	27030
23360	16265
23360	17826
23361	23368
23361	27584
23361	35717
23361	13787
23361	37377
23361	12833
23361	2062
23361	7222
23361	18502
23361	12894
23361	9482
23361	36849
23361	241
23361	18529
23361	28409
23361	32342
23361	5104
23361	12341
23361	31028
23361	2517
23361	17698
40079	16897
40079	1437
40079	28076
40079	27112
40079	15132
40079	18584
30755	37609
30755	18894
8957	9339
8957	3623
8957	15650
8957	19112
8957	13909
8957	7005
8957	18000
673	24083
673	36127
673	7597
12052	20826
12052	28570
12052	19354
12052	17522
12052	10672
12052	10059
12052	30639
12052	31985
12052	3777
12052	39414
12052	2516
12052	285
12052	34275
12052	34967
12052	7342
24944	127
1905	3253
31764	17627
34979	40107
34979	25734
34979	14715
34979	33663
25927	39865
25927	25147
16140	13341
16140	14328
16140	8737
13328	25703
13328	14981
13328	12509
13328	38122
36630	39860
25928	27035
25928	6615
25928	18225
25928	4706
25928	14559
25928	30707
25928	34634
25928	12700
20801	4633
34323	26024
34323	2058
34323	21621
34323	9741
34323	8524
34323	18225
15518	31280
15518	40303
15518	35330
7362	14981
7362	38018
7362	26500
8023	2936
8023	22963
8023	13610
31381	30914
31381	1235
9587	16806
9587	25395
9587	34243
9587	10451
17076	17130
17076	30029
36631	27350
39471	5213
39471	15916
39471	19059
39471	24170
39471	22360
39772	6758
39772	35256
39772	19522
18938	31722
28497	14981
28497	35969
15204	17804
15204	25056
15204	22526
15204	38967
15204	20662
15204	12936
15204	31663
15204	30707
15204	32703
2242	40491
16461	15916
16461	32183
16461	481
16461	33255
16461	25493
16461	914
16461	23646
8324	16965
15519	7152
15519	17216
15519	10986
15519	21978
18007	6834
28498	28913
28498	24424
28498	7839
28498	2052
28498	38671
28498	4671
28498	31589
28498	29007
28498	33618
28498	23308
28498	6411
1906	20304
1906	39300
1906	16309
1906	33246
1906	18000
27871	31893
27871	33878
27871	5361
27871	30670
40724	39565
40724	26386
40724	25055
40724	7892
40724	5420
15520	17731
40382	17469
40382	17801
40382	38812
22390	6258
15521	438
15521	25055
15521	33832
15521	23202
15521	4101
7706	27975
7706	29340
16141	33772
16141	8739
16141	29533
16141	31205
16141	40273
10537	6494
10537	31893
10537	33878
10537	5361
6114	30443
6114	26277
6114	21524
6114	38601
6114	32007
6114	28784
1285	21993
39141	5292
964	30184
964	3962
964	26530
964	28776
2837	18599
10538	2064
10538	14227
1907	9849
965	12458
965	21074
965	15786
965	8928
965	28168
40383	23068
40383	32051
28499	6742
11436	6228
11436	795
11436	23195
13981	18287
3530	16819
3530	23285
25275	11469
39773	32147
39773	29543
39773	3326
39773	2473
39773	33277
39773	25188
39773	39991
39773	38099
39773	36238
23666	5270
9896	33137
9896	18780
9896	21617
9896	6702
33042	13353
33042	14715
33042	21954
33042	39390
9254	35521
9254	1809
9254	34608
21471	39031
14282	0
14282	7145
14282	24801
17384	0
17384	20907
17384	29533
17384	25055
17384	33832
17384	28706
33043	13678
33043	28240
29446	23366
29446	40093
29446	25940
29446	6296
29446	35235
29446	28387
29446	25818
29446	14804
29446	4720
29446	3420
29446	35925
29446	39719
29446	40325
29446	8630
29446	33375
38814	12475
38814	16852
38814	2347
38814	127
38814	39259
38814	16585
38814	37376
38814	35488
38814	23190
38814	7850
38814	19091
38814	21301
38814	10676
38814	32254
38814	24801
38814	17047
38814	21447
38814	16765
8959	21578
8959	37520
32067	11847
32067	12855
32067	4658
32067	19506
32067	7704
10539	28532
10539	18675
10539	25031
10539	1363
10539	32798
10539	25813
10539	29669
10539	9499
10540	9854
10540	9865
10540	5790
14912	36231
14912	29764
14912	9579
14912	21769
14912	8948
14912	7031
15843	2363
15843	25723
15843	9402
15843	27759
29117	14715
29117	22555
29117	21954
29117	19230
40080	5345
40080	36507
10541	27694
10541	38961
10541	2064
10541	16749
10541	13006
5155	38856
5155	27292
5155	38143
7363	20820
7363	23755
7363	25813
13982	28009
13982	33614
13982	16703
15205	25069
15205	24754
15205	11571
15205	6318
15205	26226
23042	36201
23042	29037
23042	6036
23042	22972
19897	30933
19897	3373
19897	7937
19897	6978
19897	11115
966	8033
966	14411
966	12894
966	9482
966	13554
966	30020
9255	35138
9255	38321
9255	38675
9255	38985
9255	32291
9255	28706
6433	19960
6433	8782
6433	2378
6433	27759
6433	13208
6433	20421
6433	17039
6433	36282
26897	16873
26897	40500
26897	19050
26897	11572
26897	36880
26897	30677
40384	6758
40384	17167
40384	17503
40384	38936
40384	17831
40384	22216
40384	6604
35343	38545
35343	29530
35343	17817
35343	10169
32068	28502
32068	23771
32068	31960
32068	10747
18939	2034
18939	2676
18939	20660
18939	38019
18939	9777
18939	36507
18939	4466
22391	14981
22391	13526
22391	11741
25276	23251
12053	13211
5795	39893
5795	38714
19898	25441
19898	2058
19898	5010
19898	14167
27569	36754
27569	29323
27569	19177
27569	16991
27569	40288
27569	18271
4172	27292
4172	11530
4172	23163
4172	18122
4172	28633
4172	17207
4172	22210
4172	37704
4172	35832
4172	21943
4172	3043
4172	12597
4172	27781
4172	3412
4172	29347
4172	29727
4172	40025
4172	20165
4172	35656
4172	10812
4172	7683
4172	25921
32712	30833
32712	33814
32712	15731
32712	3443
32712	34280
8654	6746
8654	8423
8654	29550
8654	6547
8654	35485
8654	32522
8654	39350
8654	7252
8654	8228
8654	38752
8654	27840
30756	33820
33389	21864
33389	6296
33389	7253
33389	36849
33389	14804
33389	3413
33389	33607
33389	31299
33389	40325
33389	27830
33389	25217
33389	27519
33389	12671
33389	8630
33389	5476
33389	10193
33389	22690
33389	33375
33389	25607
5501	21231
5501	35439
5501	8125
5501	27379
5501	33877
5501	38024
5501	18564
5501	20742
5501	9846
19273	13353
22392	7779
22392	30508
22392	29007
22392	7623
22392	23308
36309	13421
36309	9053
36309	8496
36309	9729
36309	12578
36309	38057
36309	26224
24945	38839
24945	6321
24945	4086
24945	37805
3857	14715
3857	13507
38517	231
38517	39083
38518	39873
13032	18020
13032	1373
13032	7822
13032	40558
13032	39348
13032	9484
13032	2829
33044	15659
33044	1132
33044	34836
33044	4127
38815	29001
38815	5790
23043	38247
23043	7784
23043	29200
23043	8768
23043	11046
39142	39661
39142	32376
39142	35995
38177	9685
38177	21612
38177	19427
38177	11917
38177	30072
5796	23171
5796	2692
5796	1744
5796	35641
21472	39745
9256	31441
9256	20569
9256	37317
9256	17153
9256	40172
9256	21556
9256	11624
9256	14813
9256	29036
9256	4080
9256	4436
36947	14700
36947	2378
36947	19076
36947	15980
36947	34509
36947	34195
36947	20684
36947	25520
36947	33006
39143	5843
39143	38936
39143	17831
39143	11270
39143	22216
39143	6604
39143	40384
27213	35361
27213	27144
27213	11090
1908	29621
3858	469
3858	13852
3858	7894
3858	13237
3858	900
3858	25862
24946	9461
24946	21710
24946	14857
24946	30727
24307	2064
24307	21617
24307	3373
24307	10429
24307	8322
13665	14330
13665	8739
13665	411
13665	29533
13665	39565
13665	19085
13665	21978
13665	7892
13665	40273
18008	20204
35686	2986
35686	39981
35686	22305
35686	9522
35686	35975
27214	22883
27214	38675
27214	13294
27214	33669
20198	4993
20198	32242
20198	31224
20198	33886
20198	16300
24947	15624
37864	37652
37864	33820
37864	6250
37864	12831
37864	22224
37864	13497
37864	856
32069	37178
2838	5361
2838	18225
2838	16714
11437	0
11437	33772
11437	8739
11437	29533
11437	32180
11437	26386
11437	25055
11437	33832
11437	14770
11437	21978
