40085	38067
40085	34922
21170	11454
10550	5058
36638	19905
36638	16155
36638	11154
9594	33055
9594	8681
19905	36638
19905	16155
19905	11154
2252	33333
34328	22593
6121	5058
27879	30951
33397	6758
33397	18227
14920	26915
14920	25312
15532	11763
15532	29989
15532	2765
22095	20518
22095	33088
22095	33759
22095	40318
17706	10426
17706	3436
34330	3436
9266	22929
21174	32437
3543	39517
30439	35028
32722	7391
37580	359
8032	22929
28510	33759
1295	36048
7058	27896
19600	15224
19600	28214
19600	26948
23677	15224
10236	24234
19285	33429
19285	16062
19287	27633
19287	27099
19287	24218
19287	32982
16157	5055
20209	19596
20209	19644
20209	20240
32094	12746
32094	29504
33055	25613
33055	40633
16798	5058
10241	15233
10241	38865
10241	24367
9907	26636
5513	27154
18017	24234
3208	31110
6446	36226
689	7391
34998	21824
33725	38198
33725	39173
24633	22929
6757	11918
30448	7390
30448	36997
6136	22768
11766	22095
11766	20518
11766	3578
4187	8382
4187	27794
4187	13604
20518	22095
20518	30784
37888	22423
37888	24580
26282	36834
38201	5058
17717	3578
17717	15430
17717	27152
25295	22768
21495	3868
21495	17436
26919	13046
11454	19463
983	35351
3882	29483
18966	38539
8677	15895
26284	5555
22405	27154
8681	25613
8681	33055
8681	25517
28521	3208
1612	38198
12083	1633
12083	29989
12083	21992
3552	15427
22113	27154
368	24222
21501	1849
26926	33333
11162	384
37900	6374
28848	25613
5828	10455
24028	359
370	2610
25312	26915
38219	18660
5833	16803
9619	42
9619	35736
9619	33445
9619	10283
8985	13717
11465	19644
39181	18653
25648	19644
18042	33333
7409	2610
31419	25316
31419	2884
31419	2603
31419	27274
31419	9300
31419	29823
31419	4552
31419	4882
31419	25831
31419	33972
25320	19911
25320	25316
25320	2884
25320	2603
25320	27274
25320	18681
25320	13715
25320	9300
25320	29823
25320	20870
25320	3779
25320	12656
25320	27836
1005	2610
1326	39518
1326	26636
1326	30948
12452	23272
1955	4535
1955	24202
30468	35028
30468	39195
11477	27574
11477	9591
11477	8671
11477	32613
11477	10140
20548	20511
20548	19316
20548	40318
35028	9813
7748	14020
39518	26636
31427	26648
14020	387
29818	32304
1331	31096
1331	20526
38565	36573
1013	39503
32438	13682
32438	24672
22430	32081
22430	16150
22430	38205
24356	13682
29158	4114
2606	13590
23094	18335
23094	40135
23094	10424
23094	14803
23094	1528
1633	7585
1633	29989
1633	2765
29820	10422
29820	20408
29820	17293
14025	10426
14025	3436
3246	22929
21521	10424
40440	26636
19646	10877
19646	4403
17750	7391
15893	28381
6787	10550
6787	31387
30145	30948
2610	7409
32136	23245
33446	27574
33446	9591
33446	8671
33446	3553
33446	10140
389	37271
33756	33621
24672	359
26646	37271
40442	23245
21824	2149
29827	10077
5856	9300
18374	30951
3578	22095
3578	20518
20566	36651
20566	31435
20566	25002
32138	8378
29268	30112
29268	17436
29268	29313
4690	7252
4690	37226
17592	37755
17592	33334
851	24842
10077	29827
10078	40282
1475	36834
39011	36997
30305	5452
227	27163
227	33333
36499	20744
29313	30112
23540	32723
23540	36997
22929	3246
31954	23708
37755	40318
24172	20209
22931	38723
24177	24351
25812	13064
9485	11753
36194	28426
5039	26636
5039	4231
7252	33312
39019	29989
39021	22113
39021	35933
10426	14025
32591	16512
19165	40602
14488	16979
14488	32317
14488	11686
39023	36882
13232	29827
12294	19485
22000	29827
16344	3086
16979	32317
15430	698
15430	40318
35252	10426
30643	10563
30643	36834
30643	10488
3090	17606
17917	7284
17280	11763
17280	29989
17280	2765
24199	6758
24199	27831
9798	14190
9798	16378
16989	29989
16989	19485
35264	11763
35264	29989
35264	37198
35264	2765
20718	24580
20718	612
40637	4399
40637	26195
24846	26915
24846	12434
24846	15547
24846	25312
8242	20716
8242	21698
38731	26636
38731	4231
38731	30948
38731	37185
32317	14488
32317	16979
32317	11686
9813	35028
34901	5098
6668	35886
30992	557
33957	2137
33957	5098
14516	8382
14516	27794
14516	13604
33626	34330
33626	31958
33626	3436
7284	17917
36548	5555
14521	5568
10757	21698
10757	11385
25534	22423
23583	19485
10464	2457
10464	27154
1213	36056
38742	20240
33312	7252
37198	2765
11061	38198
23590	32401
34912	32940
34912	22031
5098	2137
35933	39021
35933	27154
35933	32978
268	36834
27152	22095
27152	20518
27152	3578
33973	14025
33973	10426
33973	3436
22645	4114
31323	29989
31323	37198
31323	2765
1528	23094
1528	21521
1530	1297
1530	33333
24242	8979
24242	20408
32014	33335
32015	25842
4114	23253
18887	15431
14233	1849
7649	26274
39419	4546
39419	13717
15791	40135
15791	23094
15791	6945
27831	6118
27831	24199
34926	31958
34926	3436
34926	33973
33334	26380
17336	857
34931	36360
36573	38565
32978	22405
32978	39021
32978	27154
612	9598
36258	17917
36258	7284
38768	6446
38768	36226
38768	6673
37226	7252
39734	16713
