19586	4830
19586	35364
19586	8583
20503	20870
27216	14926
14913	1475
14913	30643
14913	10488
32399	33710
32399	32347
18328	10426
2566	6758
39474	33710
11750	20382
11750	24214
30103	18028
30103	40265
30103	17616
30103	12960
30103	27151
25280	30310
18010	30150
25282	24965
36951	28521
36951	4399
14598	33957
5	14020
29779	23409
18947	39021
18947	27154
18947	32978
31088	6758
23049	28381
7048	39517
14290	37271
25615	11465
25615	24172
13040	26380
17706	23409
31775	36829
27881	36834
34667	33710
28829	38203
28829	26933
34330	23409
19906	2843
19906	27154
19906	32978
31388	2176
6124	20382
8964	30112
8964	20241
5509	9305
29782	3449
29782	35933
26272	7943
5510	1962
22098	698
20818	18681
20818	4552
20818	14515
21486	17
33054	6758
33054	6180
36326	40318
26599	18675
24955	14488
24955	16979
24955	32317
24955	11686
2849	20209
34334	20869
34334	34922
23679	33710
3207	13912
39159	24580
39159	612
5809	38539
5809	31949
3879	36548
16161	16015
16161	18228
16161	29320
16161	31333
16161	31704
17092	8366
9910	21195
9910	23094
6448	39176
33405	26135
11451	24955
11451	14488
11451	16979
11451	32317
25626	37282
25626	5966
15863	6630
25627	32399
25627	33710
25627	30128
24961	42
24961	39812
24961	10283
24961	20414
11139	25322
11139	40442
11139	23245
35364	4830
29465	15895
38533	36056
38533	16042
27240	32081
27240	38205
27240	22430
18961	8574
18961	31335
33727	11686
23059	20511
23059	20548
23059	5743
5517	40404
27241	17617
5812	28405
16479	33710
16479	25627
32414	11465
32414	19644
32414	20240
32414	24172
7380	2265
7381	19485
38203	26933
38204	8574
38204	31335
29466	8352
20220	22128
38831	16161
38831	16015
7384	22985
40404	3871
21185	31775
16484	38818
16484	6773
16484	34705
16484	6168
16484	33443
6453	29989
6453	35264
27895	6630
2858	2154
27599	16153
37895	14176
12732	34701
7078	8583
40108	20131
29470	20219
4853	36829
7387	31001
6147	37755
6147	7628
13052	17592
7388	7391
14000	32940
14000	11687
2866	8352
36653	3474
37592	4868
27256	29149
4530	37196
21501	17621
35721	15430
35721	16042
30459	27152
40113	19641
30128	32399
30128	33710
31407	22421
27261	11480
6773	38818
23396	38562
35376	26636
35376	4231
35376	15896
21195	23094
26931	17419
26931	1326
26931	26636
9925	9640
5538	2603
11786	26306
37293	357
3234	21702
26305	10422
26305	17293
17111	25649
17111	25831
18359	23245
9291	18995
36981	14828
7083	39782
7083	38222
7083	22629
7744	39503
7744	20860
7744	1013
28232	31810
34705	38818
34705	33443
38222	7083
36668	27129
19304	20860
19304	1013
8366	17092
17419	26636
28234	6773
28234	34705
36042	16512
28857	36045
28857	5055
28536	29479
38849	33711
38225	15880
17114	3903
18361	25939
18361	36834
18361	20408
18361	10488
34707	13053
4868	37592
4868	26141
4868	14803
4868	35903
4868	8576
4868	1849
20860	39503
20860	1013
9929	16015
9929	29320
9929	31704
25322	40442
39804	28694
13700	977
13700	36050
16497	19911
16497	25316
16497	21203
16497	35028
16497	2884
16497	9300
16497	4552
16497	27836
8996	22128
15245	9291
33436	22128
17122	38855
17122	4403
38855	17122
38855	4403
22130	38198
26317	30780
4226	30112
4226	8583
31812	34574
34381	39515
30141	8905
12457	30118
27624	1962
27915	40411
25964	19463
24037	30449
10275	24019
10275	29807
10275	14024
10275	8382
7753	29989
19934	20875
19934	14203
1634	20869
37305	25648
37305	38742
23409	33060
23409	31958
23409	3436
23409	20425
33443	6464
7427	16502
26321	33429
26321	389
26321	16062
20556	20518
20556	3578
20556	27152
22438	39517
10284	26636
37308	19285
37308	12279
9305	3436
40445	39517
40445	22438
9010	23705
33450	19472
33450	33335
37001	21392
19942	39515
19942	9640
30150	5452
30483	12291
17442	7628
20875	14203
20246	33054
20246	39517
25342	7076
9029	29313
18694	39993
32449	11476
32449	20556
32449	27152
35420	27216
35420	1611
35420	20241
33788	39804
33788	28694
9958	25648
9958	19644
9958	38742
33789	14926
20913	698
20913	5701
2006	384
2006	4726
16314	14610
16314	26636
15713	15882
6623	36855
4690	9161
7236	17621
19145	38095
29013	40602
29013	10426
29013	33973
23533	3893
29986	27448
1768	28510
15099	36326
15099	40318
8856	23094
2110	24172
15101	11918
30624	6758
2114	35279
24173	15863
24173	27895
24173	6630
24173	3128
31958	23409
4051	32940
6941	9157
4707	16509
31962	38725
9486	11687
22279	28520
22279	29016
2124	21392
14488	24955
36198	37895
36198	33621
27459	13675
27459	36056
11934	15895
11934	12633
39969	30813
37441	5555
5048	26380
5048	33334
28713	42
28713	10283
27119	34574
20404	18675
20404	27633
26149	29016
26149	36497
26149	31291
9160	389
37776	26638
25504	12636
25172	7002
28722	23094
21052	33724
21052	31125
21052	15773
14499	10426
39031	33724
39031	1942
39031	31125
39031	32581
39031	39973
39031	15773
39031	8905
39031	18920
31291	29016
31291	36497
31291	19507
17921	6630
31644	38048
36210	17442
36210	7628
30650	10544
30650	24361
30650	21392
28738	32443
12633	15895
12633	26512
12307	37806
3771	40265
3771	17616
3771	1195
3771	12960
3771	27151
3771	26189
29040	384
29040	9472
29040	39377
887	36056
18250	2160
27798	17616
27798	12960
39377	384
39377	29040
34574	31812
34574	6062
35913	15895
35913	20131
14825	26636
18550	26636
18550	37185
14828	27107
30990	9929
38732	18947
38732	23688
38732	39021
38732	27154
38732	32978
18553	23049
32317	24955
26167	19210
10124	9157
10457	22921
8890	38067
8890	34922
25841	10714
33624	34384
2491	35704
29359	20831
30666	4051
30666	32940
30666	11687
33626	5509
11059	36855
8574	31335
4099	29820
4099	36834
4099	20408
2759	31999
2759	38117
34252	38539
34252	31949
28127	24525
28127	20744
2496	19285
2496	33429
2496	9160
2496	16062
34254	24961
34254	35037
15446	30150
15446	5452
22635	18887
8578	1022
8578	30992
8578	4424
8578	2769
36887	29375
7629	5515
17013	8278
27144	22272
12959	30650
12959	21392
38101	29823
33966	34912
4425	21353
21084	22131
33970	40602
2769	1022
2769	557
2769	30992
2769	4424
9197	22131
31321	10426
4109	19209
3128	6630
33976	4184
19209	36548
34598	25515
15161	20858
6986	18887
23942	17917
23942	7284
23942	36258
6062	31812
6062	27119
6062	34574
5743	20511
5743	20548
11074	39515
24873	7740
33327	26636
33327	4402
33327	37185
17959	7403
36251	17621
4114	4778
35945	32136
35945	3791
34603	39782
34603	38222
34603	22629
3791	32136
16085	11627
26852	40602
26852	27834
27165	36834
27165	24199
27165	268
27165	27831
38459	21489
38459	5069
31335	38204
31335	8574
16725	37895
36572	19463
36572	5055
27172	5098
12351	7391
12351	17621
4778	4114
19220	7276
23963	38111
33017	39031
19578	16180
19578	27271
