21163	2858
21163	36207
21163	6366
4826	24357
37865	12279
37865	30641
18942	2137
5797	3896
25278	14008
25278	37005
5504	29820
5504	36834
5799	7070
5799	27794
1911	10284
22091	35742
22091	16979
32715	8352
36636	12452
29122	30151
20807	8352
27875	2293
27875	32577
27875	37806
36318	25316
36318	9300
36318	4552
36318	16391
36318	33972
4512	33617
13669	32751
13669	24218
17705	7388
17705	14176
17705	17260
17705	33621
17705	14233
17705	35293
17705	1849
22730	22098
22730	40318
8963	32440
36014	25812
36014	9160
36014	2496
16465	14025
16465	10426
16465	21698
16465	11385
26265	4702
8028	14292
8028	7070
8028	14024
20509	33088
10831	31041
2572	25812
39781	39185
27877	5850
11128	8663
11128	39804
11128	33788
11128	32923
39479	4830
39479	33722
39479	1305
39479	28521
39479	24040
8662	40270
23673	15896
23673	10284
25935	40411
25935	30951
13989	29816
23052	32440
35350	12636
5162	34381
15212	39479
15212	33722
15212	1305
15212	28521
15212	24040
12417	16030
37873	9408
35352	16979
35352	32317
36021	9485
23369	27794
12718	23094
8663	28694
8663	32923
4517	24351
4517	24177
18014	4740
40092	30114
40092	29984
5166	8050
22097	27794
21485	10117
7057	26636
7057	36550
36959	851
36959	13912
36959	4114
37875	3249
37875	12143
24318	17726
24318	6013
33717	31294
11448	7070
11448	8382
11448	27794
31093	6758
31093	13100
30114	29984
35701	3863
35701	4837
35701	25342
32092	5822
32092	5701
32092	25523
32092	40318
11759	22773
11759	39031
30776	8663
30776	39804
5512	39804
5512	11480
5512	33788
5512	28694
5512	32923
32095	24965
38828	26636
38828	15896
38828	37185
24011	1034
11136	4830
11136	15212
11136	35364
11136	28521
11136	24040
11136	10879
7066	29807
31390	36344
23682	36207
39488	7252
29459	11034
31392	20382
31392	24214
31392	31999
2853	30774
35362	32095
35362	5219
1305	28521
34338	37895
34338	7388
34338	38709
34338	33621
34338	14233
12419	18344
4843	11480
37585	4114
37585	4778
25292	39031
25292	15773
25292	8905
14619	28528
34683	6630
27246	16512
9277	11763
26609	23287
26609	2154
14620	22773
18654	22113
18654	39021
18654	38732
18654	27154
18654	32978
36025	22764
3216	22944
3216	30641
3216	36207
3216	6366
30789	22098
30790	10263
30790	2613
7732	14803
4848	6630
21185	21508
21185	17956
20832	11439
20832	16152
19913	33088
35004	11686
22406	14298
2269	34703
2269	12459
2269	20131
2859	12068
2859	23209
20833	9305
20833	10426
20833	33973
8976	18654
8976	22113
8976	36987
8976	39021
8976	38732
8976	27154
8976	32978
26285	7646
5527	39804
5527	11480
5527	28694
32421	24634
32421	9958
32421	2110
32421	24172
34691	38533
34691	20837
34691	36056
34691	16042
21806	22435
31796	29680
20837	38533
20837	34691
20837	16042
37897	32722
37897	7070
37897	14024
37897	27794
19617	7418
17724	18660
22751	16979
16488	25517
29801	36207
9286	9408
24648	22593
24023	5512
24023	11480
39174	29827
21503	2752
21503	589
27260	22272
27260	27144
1320	18887
11779	32414
11779	9958
34360	32589
1321	32415
31801	23251
6462	18990
19622	16979
26618	23409
22118	14190
22118	9798
26301	33088
18353	16484
18353	6773
18353	34705
18353	28234
18353	6168
18353	3238
35014	22773
35014	39031
21194	3578
34703	12459
34703	20131
34703	32968
2873	40602
15553	40602
24339	36997
24339	24846
1621	2610
8059	15430
24985	26636
23702	9157
23702	10124
26303	15245
32748	4536
17729	6030
28530	27905
28530	37615
4864	38818
4864	16484
4864	6773
4864	18353
4864	34705
4864	28234
4864	31418
4864	6168
4864	3238
4864	33443
11168	22438
28228	25303
12449	32095
12449	5219
8987	37905
14637	40610
8989	9929
8989	30990
24030	25005
28532	3140
5201	28857
5201	36045
21508	36829
21508	17956
26624	11768
26624	4773
9293	24037
8695	19304
33071	20758
21509	38228
8991	6758
8991	35733
8991	3903
8991	15759
23082	37603
35019	21702
10864	19304
22427	31125
22427	21052
31418	38818
31418	16484
31418	6773
31418	34705
31418	28234
31418	6168
31418	3238
31418	33443
17421	17419
17421	1326
11468	17419
36671	15880
26937	11918
26937	15101
37603	2599
16828	17751
19630	25504
19630	12636
40123	22128
14317	38222
14317	34603
37911	12291
25958	17889
32122	5162
32122	34381
4868	10101
27617	27263
31130	37226
20541	33088
33434	39162
15244	9300
10867	387
10867	29069
18987	19304
18987	20860
18987	1013
9626	11627
24662	1014
24662	16833
27267	24319
27267	23251
25960	14178
8065	7388
8065	14176
8065	17621
8065	33621
8065	14233
8065	35293
12742	33443
19637	33088
11178	8242
6779	25967
27622	20860
27622	1013
19638	26931
19638	17419
19638	26636
31424	36671
13703	33088
13703	33759
13703	40318
29815	32095
29815	5219
24998	30813
8705	9157
29816	6453
29816	29989
29816	35264
17125	27905
17125	37615
23088	31773
23088	1628
23088	33434
19308	12279
21818	977
30471	29801
30471	36207
30471	6366
35733	3903
5849	8365
24667	3551
12749	36025
17127	35293
34075	11034
15889	24011
15889	30449
36987	22113
36987	39021
36987	38732
36987	27154
36987	32978
30143	35234
4875	4114
4875	4778
28863	2160
6173	26636
6173	4231
6173	30145
6173	15896
6173	30948
6173	38037
6173	37185
9001	17081
9001	24019
9001	29807
9001	14024
24670	37271
24670	26646
10276	32722
10276	14024
10276	27794
10276	33621
14949	32722
36992	7070
22765	29456
19935	4690
19935	7252
19935	6661
19935	13594
19935	37226
30144	37918
3245	40602
3245	39734
385	26624
385	14315
23097	19304
7101	4552
7101	38111
40141	21818
15894	6774
15894	458
22770	18262
14656	3551
14656	24667
14027	36882
24673	30367
21823	3896
31140	27152
40443	39503
40443	19304
40443	20860
40443	1013
34390	5553
34390	28616
36686	15894
29829	36573
34392	33452
10879	4830
10879	15212
10879	28521
20565	16828
20565	17751
30149	26936
3249	20220
3579	33312
392	40131
32763	27266
38574	5166
38574	7382
38574	18660
8070	24029
21526	6758
6182	24347
25005	24030
15263	28214
15263	6790
33456	29357
33456	4114
33456	4778
39200	15896
39200	37185
3917	21708
9944	8663
9944	39804
19324	33312
19324	5098
19324	18583
4560	8568
37315	7070
37315	27794
25344	19586
22145	11034
1033	38196
1033	7391
1033	17411
21841	32442
33465	33444
33465	16660
27937	38536
27937	38095
9317	3873
9317	7070
9317	8382
9317	27794
9317	13604
22151	21489
32783	30951
24058	14025
24058	14825
24058	18550
13100	6758
33118	33411
28616	5553
6252	16833
23209	12068
29984	15430
16314	36550
16314	39063
21646	38204
21646	8574
21646	31335
36181	11034
36181	16378
6929	31634
30300	31130
30300	37226
853	35218
24518	22416
13858	14024
29987	31954
29987	12905
29987	16979
29987	32317
29987	28157
34217	18974
35218	853
16660	5555
16660	37614
15413	13912
15413	4114
11631	20131
21654	24180
21654	3415
10711	11034
12276	29827
1775	31435
7898	22435
29021	26636
10712	1506
17260	14233
8536	22761
21657	31773
3403	30150
3403	31644
30626	22128
4382	22423
24173	34683
20383	37865
20383	22944
20383	36207
35872	21516
35872	16509
16324	40416
16018	5512
16018	27261
16018	11480
12905	16979
12905	32317
37757	36900
8209	7284
8209	36258
3748	11034
27105	4514
37152	18995
31618	16979
31618	21059
6634	6004
35875	21194
11020	1306
11020	1006
7250	24837
32300	15431
32300	18887
32588	709
3074	29989
3074	35264
6946	7252
6946	15422
6946	33312
31962	33258
5695	14025
5695	24058
5695	14825
5695	18550
15111	27261
15111	11480
23893	17889
23893	29986
23893	8585
33273	22113
33273	38732
25495	39185
25495	10581
4710	10422
4710	39993
15422	7252
34228	18681
34228	9300
34228	4882
34228	33333
34228	27836
33596	31388
38052	22768
38052	35234
24827	32440
10101	37592
10101	4868
10101	8576
10101	1849
24532	4114
17273	3903
16335	31388
22944	30471
22944	36207
22944	6366
23261	266
13560	26636
10104	35609
38409	33957
38409	5098
22290	40445
22290	16037
12620	10263
12620	2613
30969	2293
16979	38072
1798	27119
1798	6376
37445	11059
36527	33312
36527	5098
36527	37226
40631	33724
40631	31125
40631	21052
40631	39031
40631	15773
40631	8905
8227	29016
8227	36497
8227	4051
8227	26149
36207	3552
36207	29801
36207	30471
36207	6366
13881	1922
13881	5195
13881	1195
13881	27798
13881	26189
28727	32443
28727	33139
16680	27144
28403	21385
10737	4838
38072	12905
38072	16979
38072	32317
38072	11686
38072	28157
4397	21185
4397	21508
4397	17956
21059	16979
21059	32317
12631	5797
1197	36834
1197	20408
31977	14008
31977	37005
7606	7252
7606	33312
30338	24172
30338	577
35262	8986
39688	38224
11034	2603
11034	17965
9174	32722
9174	14292
9174	24019
9174	29807
9174	9001
36538	33598
36538	7914
36538	11371
36538	24244
36538	33335
9801	6028
17625	11476
17625	20556
17625	27152
17291	33088
29687	23094
31987	31041
6661	4690
6661	7252
6661	13594
6661	37226
27799	17081
27799	14024
27799	27794
9809	18523
9809	16391
9809	21095
27131	6124
27131	33307
9501	4051
39385	2613
8883	31097
8883	1506
31300	23094
31300	29687
20113	17592
20113	5701
577	19644
577	24172
24850	42
24850	39812
24850	10283
6366	36207
6666	31435
26510	7951
26510	21095
3444	32969
11052	6630
29357	23678
29357	21392
29357	4114
15759	3903
15759	36239
36225	33652
23574	10426
31997	3903
31997	15759
39703	11034
4742	7893
4097	19625
28756	11034
11960	7744
11960	19304
23927	596
22314	13912
5429	38539
22633	29776
22633	37175
27812	29368
1515	28856
38096	11034
33307	38117
38097	39804
38097	28694
24220	26149
13912	22314
6676	33419
30039	22271
30039	31041
31675	23245
36550	14610
36550	37602
36550	26636
21708	25517
6372	27144
16391	3779
21711	33589
37199	31388
11062	31388
11062	33596
11062	24531
11062	2491
11062	37199
11062	10488
38747	30457
35932	36360
32334	15446
20743	7252
23594	9485
8585	27448
35934	36360
35934	1022
16710	15128
16710	27144
2508	30624
40653	39021
40653	32978
37206	17592
13603	10426
18263	10252
29368	3207
29368	38724
29368	13912
29368	4114
23938	40429
23938	37776
25856	12664
26185	37776
26186	36037
18266	6758
18266	10426
40322	39395
40322	13018
15161	35911
31691	6630
23601	23670
23601	12277
23601	16979
23601	32317
23601	28157
23601	32654
17956	36829
24873	14843
28157	16979
28157	32317
33327	1911
29072	11034
29072	16378
6991	29989
24244	31141
29378	33088
29378	15099
9841	22438
27509	25643
27509	29316
9534	12456
15457	23370
14546	39804
14546	11480
14546	32923
14546	15111
11990	36037
32654	29987
32654	16979
32654	32317
32654	28157
9212	23292
11992	18990
11992	30616
11992	19216
1846	22438
23958	1206
11702	37271
11702	38724
39422	22423
39422	4382
30065	29016
30065	36497
30065	26149
30065	31291
30065	8227
30065	19507
30065	24220
36573	29829
35631	3444
35631	32969
18583	19324
18583	33312
18583	5098
11997	27144
2784	32331
17965	11034
10784	11385
39732	12636
39732	21392
33992	12456
21105	32940
39424	15895
39424	11934
39424	12633
40671	3086
20462	20744
40068	27617
