25610	32761
39144	20414
39145	3195
39145	32722
39145	7727
39145	29807
4829	3897
4829	27445
4829	15728
39472	14542
21784	17917
7364	11136
7364	28521
39473	36834
39473	20408
39473	268
22394	15211
29448	551
15524	20077
15524	23245
15524	30951
15524	33608
40385	23088
38816	22103
38816	29465
19588	14638
3531	6670
10828	12284
26585	16053
26585	9201
26585	14554
34659	34707
31083	34070
9897	29525
21787	10757
21787	11385
35344	35903
40082	32731
40082	21511
25279	1592
30760	31435
30760	33608
1584	24030
1584	25005
30761	27633
30762	40141
26902	20077
26902	23245
26902	30951
26903	1584
26903	24030
26903	25005
39150	9150
28198	29489
28198	34886
7047	24029
19592	9180
19592	40325
27876	29167
27876	5568
28199	32920
10548	36360
15209	7707
12056	12955
10549	32962
680	39031
1591	28197
30768	28874
30768	39027
30768	11031
30768	36868
36639	31393
36639	39503
36639	19304
22397	9772
5159	24956
10551	17944
10551	24234
35347	12067
1289	3863
1289	17405
1289	6780
1289	38049
1289	8583
40390	39380
32717	9788
32717	6968
32717	36220
32717	27164
10832	28222
10832	10854
31382	25192
3534	376
3534	16495
3534	40618
37572	21524
16791	12434
37869	23707
36017	29827
27226	32347
32403	15895
9595	26604
9595	5378
34329	36244
3195	7391
11754	31130
11754	30300
26594	36056
7717	34045
22399	36834
10554	20413
10554	16041
10554	7639
10554	40325
7718	27144
1592	25279
28828	1794
34042	39347
21481	22435
10232	3195
10232	32722
10232	14292
10232	24019
10232	7727
10232	14944
10232	10275
10232	39366
10232	36572
28201	5751
12716	17716
3865	33759
31091	16697
24005	25818
24005	22958
7372	7388
7372	21501
7372	19495
7372	10457
7372	14233
36641	36220
1291	17726
1291	6013
28203	24029
20206	9780
20206	10150
20206	33985
22732	11172
33399	8687
33399	4870
33399	33596
36955	12284
36955	11028
36955	34239
36955	35929
36955	16400
7	21990
7	14803
7	32013
20814	19149
20814	7896
20814	35558
20814	25818
20814	14811
20814	32956
20814	40643
20814	18868
17080	8856
25619	357
37873	10578
29127	36360
29127	1022
14606	27144
40395	39493
40395	33245
36021	36962
4834	20381
1293	20197
13041	32331
37274	30774
37274	2853
37274	28
37274	14329
21795	6133
21795	21206
1294	1289
1294	3863
1294	10240
1294	17405
1294	6780
1294	38049
14608	33711
10	39501
17083	29499
17083	4393
18015	21813
36958	21501
36958	17621
36958	11949
36958	10457
36958	14233
25620	38816
21796	22768
34045	2140
34045	23914
17086	29659
351	37175
15535	24814
15535	39060
15535	5111
22100	11480
27231	16697
9269	38524
9269	23898
31779	19168
33718	28705
31780	18538
29129	26646
2257	24030
2257	19485
23373	38816
23055	9601
23055	981
23055	8857
23055	40271
23055	2515
9906	30126
9906	22118
9906	18047
9906	14190
9906	9798
9906	39703
12	17705
12	25616
12	357
12	34338
12	7388
12	21501
12	7236
12	28381
12	17260
12	17621
12	11949
12	27128
12	33621
12	10457
12	14233
12	15168
12	35293
12	16725
12	25221
10240	3863
10240	6780
10240	38049
6129	36962
6129	9485
13993	36849
13993	9180
13993	40325
27886	25323
25940	27590
36962	11753
36962	6758
13994	15430
33404	35234
12418	13386
12418	27475
7722	31101
7722	17592
16796	24541
21488	21
32096	19912
32096	15895
32096	21029
32096	13912
32096	39713
32096	14554
20823	7707
20823	15209
1929	10568
1929	24543
1929	5719
6131	3195
6131	32722
6131	7070
6131	24019
6131	8382
6131	392
6131	13604
27583	23055
27583	9601
27583	12600
27583	11028
27583	40271
27583	23585
23681	42
1301	17621
1301	12351
7066	3195
31098	27144
5171	13690
5171	2276
5171	4234
5171	32294
2261	20554
2261	6177
2261	25485
2261	2122
2261	1179
2261	11034
2261	16056
31786	38725
1302	37887
16159	32136
29787	3223
29787	35276
28513	27144
40097	35558
40097	32320
40097	19510
40097	3144
40097	3843
1304	31299
1304	40325
19289	1308
19289	35710
19289	36849
19289	36537
19289	27830
24632	3897
24632	12458
24632	32597
24632	17614
24632	21054
24632	29697
39490	21194
39490	25192
17712	7743
6135	21813
6135	33118
6135	38382
6135	4720
6135	35260
6135	17328
2263	7456
21181	28776
13345	1592
17713	16495
14617	27797
14617	28445
11138	11034
15541	33759
35365	35220
35365	10751
35365	30043
1933	32138
12424	28387
12424	25818
12424	4720
12424	27804
12424	37485
12727	357
12727	37293
12727	14641
12727	22921
12727	19495
12727	33621
12727	1237
17404	33327
7727	3195
7727	11448
7727	14292
7727	4187
7727	24019
7727	20834
7727	37897
7727	29807
7727	10275
7727	14949
7727	29310
7727	13604
7727	36572
39792	37161
39792	23265
39792	28406
39792	35587
39792	17295
39792	24562
39792	38457
39792	6385
17405	3863
17405	38049
19291	4048
1937	26142
20519	20413
694	33245
694	33255
1938	40416
1938	5555
1607	10562
18655	9485
5520	18654
5520	22113
5520	36987
5520	39021
5520	38732
5520	27154
5520	32978
34684	33255
27247	37910
27247	3843
3548	2593
7729	13560
3216	8893
32102	28194
32102	6126
32102	15858
32102	15230
32102	3905
32102	25509
10570	28510
10570	1768
9278	11786
9278	16182
9278	9300
9278	33333
35711	30150
7072	7707
7072	13696
7072	4399
7073	13710
7073	11031
7073	16047
7073	34917
7731	21205
29137	38198
29137	11061
11145	18995
14622	29782
14622	13229
5179	26918
5179	22325
12430	36321
12430	35710
12430	27248
12430	28224
12430	16252
12430	13575
9280	18556
8678	26636
7385	36962
7385	6758
985	17726
985	6013
5817	8051
5817	9780
5817	28109
5817	38751
5817	29719
695	21980
695	16063
31108	13558
34053	22104
31109	20706
29794	10426
29794	33973
28839	23904
28839	38078
4527	21194
4527	3578
8680	8589
33732	33759
26922	9519
4197	34701
37590	8535
39497	12726
39497	13912
39497	39712
32105	4880
32105	5254
32105	26808
32105	32320
35371	25666
35371	9802
3219	31266
3219	11359
3219	5737
36027	33399
9282	17273
32740	4710
32740	39993
8051	33723
8051	15253
8051	2111
8051	36859
8051	12639
8051	31683
7737	25661
36341	26470
4850	22304
25302	27256
22	39993
23	33759
23	40318
14930	13932
29470	31628
2583	33255
2583	37444
2583	33940
2583	20108
2583	7613
2583	3783
2583	5737
2583	40325
19295	27144
37285	8861
19914	25279
36031	27242
31113	11127
31113	7607
8052	24221
31403	12938
5187	2611
5823	33465
5823	15115
29798	24029
30456	30951
37897	29310
26293	4114
37286	24635
9917	4211
993	15895
34059	16477
34059	23713
34059	35237
34059	11028
34059	39403
12440	29037
12440	6036
35716	18263
24976	13596
30125	26638
366	36050
40412	9307
696	16838
30126	9906
30126	22118
30126	25485
30126	11030
30126	14504
30126	11034
30126	31017
30126	39721
39499	17275
39499	3110
39499	30055
39499	27514
39499	7962
699	9150
9286	10578
13356	26274
28	37274
28	30774
23070	39664
15873	36669
15873	28393
9613	2261
9613	36056
9613	11335
9613	25485
9613	11034
9613	31017
20843	20413
34697	14638
2276	13690
2276	4234
7394	29129
7394	15430
7394	7628
39502	36834
39502	20408
38548	36015
38548	28508
38548	2109
38548	5090
13057	31780
13057	18538
11161	9940
11161	8258
31120	28825
31120	12301
31120	31290
31120	22612
31120	9528
24984	36954
31802	18263
31802	31030
14936	5069
21192	21206
1617	20096
1617	35584
4532	39966
5829	32403
5829	8677
5829	15895
13361	37916
16818	26636
11165	17331
4210	24338
4210	11675
22118	9906
22118	8676
36035	17125
36035	7756
36035	29506
23700	39503
23700	2283
23700	20860
23700	10874
23700	18054
23700	23539
23700	25168
23700	39075
23700	10156
33067	18675
33067	24666
33067	27633
10577	7391
39505	32441
9924	32092
9924	36651
9924	31435
9924	33088
9924	25002
9924	33759
9924	20913
9924	5701
9924	25523
40423	24961
40423	9619
40423	35736
40423	33445
40423	10283
40423	35037
25645	19925
18355	34390
6164	35942
18036	7744
40424	8060
40424	20437
2873	13380
24338	4210
24338	11675
37597	4402
10259	23094
10259	21521
38844	16030
38844	35276
9926	5549
17415	22421
13365	1786
13365	15125
13365	36897
13062	30335
36980	34592
15878	39031
15878	15773
15878	8905
10578	34901
10578	13594
10578	5098
10578	37226
23702	39512
12447	23675
12447	23415
12447	9482
12447	25818
12447	37485
12447	39065
11787	2132
32748	19930
28850	36021
28850	36962
28850	6758
28850	18057
28850	9485
28850	23594
34365	14941
34365	13720
34365	39344
16174	22125
30132	24525
36349	13380
33070	9897
33070	21665
33070	11692
33737	16828
33737	17751
33737	20565
28229	38708
28229	25208
16176	384
2591	30039
28230	7252
28230	6661
28230	37226
28231	6173
28231	26636
28231	37185
21813	39960
25317	14017
10862	14825
13369	5721
35379	2140
14012	6630
37294	11145
37294	39503
37294	18046
37294	20860
37294	1013
37294	40443
37294	28692
37294	8209
37294	9209
14942	34390
14942	28616
24341	9897
24341	29525
24341	21665
27614	39503
27614	7744
27614	20860
27614	1013
27614	40443
14943	23702
14943	39512
14943	25003
8694	15263
12739	24339
9294	39509
9294	14941
9294	19628
9294	15252
9294	19677
9294	14184
9294	40291
9294	10156
6166	2283
6166	10874
6166	18054
6166	714
6166	13720
6166	25336
6166	23539
6166	39075
6166	10156
27615	38818
27615	16484
27615	6773
27615	18353
27615	34705
27615	28234
27615	31418
27615	6168
27615	3238
27615	33443
6167	11759
6167	22773
6167	39031
23706	14285
23706	11145
23706	39503
23706	13367
23706	34365
23706	2283
23706	18046
23706	20860
23706	18987
23706	1013
23706	9634
23706	25966
23706	40443
23706	28692
34367	33088
34367	40318
23707	28406
29482	24030
7085	17419
7085	1326
7085	26636
7085	30145
32750	35353
13372	34861
37296	26938
24992	29804
8060	40424
2283	19628
2283	39344
31806	30992
31806	4424
28858	16155
28858	23085
28858	5852
3562	27905
3562	37615
10865	4833
10865	5839
47	30130
39512	23702
39512	9157
29808	16828
29808	20565
12096	26636
12096	4231
12096	9938
12096	30948
9624	37296
9624	26938
3237	12456
15560	14504
15560	11034
20538	9627
20538	32759
30803	14930
30803	14642
30803	19149
30803	7896
30803	14811
30803	40643
30803	10162
2286	9266
21511	40082
21511	32731
34373	15247
1953	385
1953	20197
22126	23906
22126	25847
30135	3903
19632	26946
19632	4230
19632	18054
19632	6786
19632	19647
19632	23539
19632	40291
19632	39075
23085	5852
14017	14646
6169	30151
36674	20235
36353	14228
40430	11145
40430	13367
40430	34365
40430	18046
40430	18987
40430	25966
40430	39075
31130	10578
25652	376
25652	15121
25652	5451
38852	10578
38852	25323
38852	19935
38852	4690
38852	7252
38852	6661
38852	37226
23086	26931
23086	17419
23086	1326
23086	26636
5839	4833
5839	10865
3898	19312
33743	26938
14945	22592
14945	29993
14945	36849
14945	3413
14945	16690
14945	40325
25323	19935
25323	3579
25323	26327
25323	33312
7089	22432
7089	17959
18047	15229
18047	28077
18047	11030
18047	8219
18047	14190
18047	14504
18047	21682
18047	9798
18047	11034
18047	16056
18047	16378
18047	39703
18047	39721
24344	23409
24033	29040
24033	39377
13068	18670
13068	29820
13068	20408
4870	33399
32124	24662
32124	16833
32124	18055
32124	6252
29814	20743
13701	17415
1956	31012
38853	6673
38561	26636
16179	26470
14946	15430
32435	21218
19639	39195
27910	32761
20236	11034
20236	16056
20236	16378
24035	30335
7092	25536
22760	10109
22130	29137
4542	35032
9296	9897
9296	5568
9296	8262
9296	6693
3239	19937
1011	26595
1011	39503
1011	13367
1011	20860
1011	1013
1011	5554
1011	10874
1011	23539
1011	39075
1011	10156
8706	40423
8706	35736
8706	10283
8706	34254
17125	36035
17125	7756
17125	29506
35388	33988
18364	18550
19930	15891
11478	6758
11478	5549
11478	31294
26630	22394
26630	14285
26630	39503
26630	20860
26630	1013
26630	9634
26630	14029
26630	28692
26630	9209
26630	10156
1957	28865
1330	16037
6780	3863
6780	17405
6780	38049
35029	8668
35029	24807
27270	9476
27270	1786
27270	26808
27270	15125
27270	37464
27270	21389
27270	19510
3902	11145
3902	39503
3902	34365
3902	37907
3902	8695
3902	19304
3902	39513
3902	18046
3902	27622
3902	1013
3902	26946
3902	10874
3902	28867
3902	23097
3902	19647
3902	19677
3902	39344
3902	23539
3902	8209
3902	37152
3902	25495
3902	22288
3902	34236
3902	38082
3902	40291
3902	9209
3902	39075
31429	566
4229	5802
4229	15238
18365	40325
13380	36048
13380	28697
380	16057
28861	33441
34712	28506
34712	20392
34712	2138
34712	7265
34712	23914
34712	30047
23091	10422
37303	10555
37303	10566
32127	14619
31815	23261
32439	15754
8067	28740
8067	31335
25963	39177
31816	37471
12458	39353
12458	40271
12458	32597
12458	17614
12458	16993
12458	29697
12458	37205
40436	31393
40436	39503
40436	20860
40436	1013
27625	25202
22133	24681
22133	35573
25661	35376
25661	26636
25661	10284
28241	31411
28241	22602
35737	14639
28865	30456
22432	7403
22432	17959
7419	29719
7099	39353
7099	16993
17131	16680
10276	3195
15890	13380
3241	31393
3241	39503
3241	20860
3241	1013
6782	18222
6782	22001
12752	33088
7420	20131
31136	26595
31136	39503
31136	20860
31136	5554
31136	4230
31136	17132
32130	11145
32130	39509
32130	26303
32130	9294
32130	5554
32130	26946
32130	10874
32130	15252
32130	28867
32130	6786
32130	25966
32130	19647
32130	34236
32130	40291
32130	11960
32130	39075
4230	13720
4230	39344
18992	30951
8708	2137
8708	5069
8708	33957
14326	20719
20867	1286
19935	10578
19935	25323
10277	8219
10277	20409
7754	39960
7754	35925
7754	39719
7754	17328
7754	13284
7756	1002
7756	17125
14653	3783
38859	11145
38859	19628
38859	2283
38859	18046
38859	1013
38859	26946
38859	4230
38859	10874
38859	28692
38859	39344
38859	25495
38859	40291
38859	10156
17430	28077
17430	14504
17430	11034
17430	16056
17430	16378
17430	39721
17430	29072
15253	1211
7425	32320
7425	24559
5852	23085
9634	39185
9634	10581
6786	13367
6786	4230
6786	17132
6786	18054
6786	40291
6786	39075
8712	17287
14952	25322
14952	40442
14952	21846
27276	27163
23098	3896
38863	15879
38863	7744
38863	19628
38863	8695
38863	19304
38863	10864
38863	18987
38863	29817
38863	5554
38863	40436
38863	26946
38863	3241
38863	10874
38863	28867
38863	23097
38863	19647
38863	13081
38863	14029
38863	13720
38863	19677
38863	8209
38863	40291
38863	11960
38863	39075
20868	29820
14026	6758
7428	11139
7428	25322
7428	14952
7428	40442
7428	24811
3575	5211
31139	1786
4879	39506
4879	38111
4879	33333
12111	22304
22770	10146
29499	17083
29499	4393
36053	33088
33757	38831
8069	38830
8069	14632
22437	39506
17437	27914
17437	27107
35036	16695
30479	7083
30479	14851
5211	19625
5211	3575
29166	30951
26324	26595
26324	39344
26324	40291
17135	11479
11489	22432
2893	15895
37920	6758
13081	31393
13081	39503
13081	1013
14329	30774
13719	39060
9009	26600
9009	20543
9009	10734
9009	24569
25666	9802
2302	31983
3579	25323
12758	39509
12758	26303
12758	34365
12758	19628
12758	2283
12758	39513
12758	18046
12758	17132
12758	28867
12758	25966
12758	19647
12758	29824
12758	14029
12758	13720
12758	19677
12758	39344
12758	23539
12758	14184
12758	37152
12758	34236
12758	40291
35740	7403
35740	7089
35740	22432
35740	11489
35740	17959
39196	37303
23415	12424
23415	28387
23415	32932
23415	4720
23415	22958
23415	39719
23415	3472
23415	40668
35394	20238
9307	10275
30815	12748
29506	28530
29506	17125
29506	7756
25003	23702
25003	39512
25003	10124
18057	36962
18057	9485
6792	17272
6792	11058
29509	34598
25667	28116
25667	37185
31142	23537
31142	11335
10288	12601
10288	3084
26331	26638
7433	6967
29833	243
29833	3114
1027	2855
39530	2873
39530	9772
39530	15793
36690	12604
36690	6630
36690	11052
36690	3128
19324	39042
35049	28234
35049	31418
35049	33443
3918	19836
25675	5166
25675	8050
28563	551
28563	22027
28563	33320
5229	20197
22785	29807
22785	9001
29517	6758
29517	63
29517	38048
17767	18676
17767	8202
12128	17713
12128	13057
12128	11170
12128	19923
12128	16495
12128	28705
12128	18538
4249	29066
2320	28406
35415	35742
35415	16978
35415	21059
3931	10712
12486	5555
1351	40263
39223	36849
39223	3413
39223	33607
23435	29664
1687	16978
1687	36873
781	4181
781	2452
781	39033
781	7639
6561	11371
29011	39991
32910	11941
32910	38078
32910	40301
32910	602
16314	35394
25801	358
25801	22134
25801	19475
25801	28429
6623	22299
23243	35730
23243	33942
24514	23911
15409	21054
11919	12456
9771	883
9771	7947
9771	24224
9771	27501
35211	10841
35211	32744
35211	3897
35211	1476
35211	39975
35211	16073
35211	22652
35211	27172
24807	8668
16654	40635
30300	10578
21648	13386
21648	24813
21648	16023
21648	886
21648	40289
12600	11028
12600	40271
24516	9542
2454	22601
2454	40641
2454	906
2454	8272
23874	7947
23874	10141
33912	16465
33912	9305
33912	10426
33912	33973
4692	9503
4692	29059
38382	6135
16962	15418
16962	37767
16962	39387
16962	4777
17255	28384
17255	21708
17890	22134
17890	25801
17890	1786
17890	15125
17890	28429
34213	3917
34213	33617
34213	21708
6931	29987
6931	33589
6931	8213
30621	18047
30621	10277
30621	11030
30621	8219
30621	20409
12601	3084
30622	31435
1769	33658
33586	27479
10706	12056
10706	33658
32294	13690
32294	2276
32294	13233
26123	21690
26123	29381
26124	3896
35216	19289
35216	1484
35216	36537
35216	4427
35216	5114
26125	6946
26125	39042
1476	16073
17257	13018
8528	18047
8528	28077
8528	19178
8528	14504
8528	11034
8528	31660
8528	16056
8528	16378
8528	39703
8528	39721
8528	18269
8528	29072
549	26271
4047	22972
28696	18267
37147	36661
10709	20549
12604	34369
12604	36690
33260	39353
33260	16993
33260	37205
33260	2773
16013	695
20381	8053
20381	18662
20381	881
20381	22617
10710	40251
10710	8533
10710	2127
10710	28109
10710	23921
10710	26530
10710	28776
10710	23948
10710	10150
14793	29822
14793	7252
14793	16978
14793	8228
14793	38724
14793	7639
32295	4522
32295	19928
32295	6786
32295	24364
32295	13720
11632	2859
11632	21980
11632	6644
35220	5414
35220	7638
35220	592
35220	21405
35220	33648
23881	13281
551	29448
551	28563
28081	4834
28081	25179
28081	22617
8533	10710
8533	26530
15418	11442
15418	15125
15418	21066
27104	9934
24813	21648
24813	27779
18519	27617
26472	2303
9780	40407
9780	14638
9780	28109
9780	10150
9780	29719
9780	33985
9780	22665
14184	14941
14184	19628
14184	13720
14184	19677
14184	39344
14184	40291
4703	25209
2728	25323
2728	3579
2728	33312
2728	18583
31617	12440
31617	29037
31617	24857
31617	24570
16324	1938
8861	24813
8861	23904
8861	4084
8861	38078
8861	40289
8861	17649
2729	36349
2729	13380
16019	10426
16019	33973
27446	20518
26131	14849
26131	25553
37760	30624
11928	981
11928	21656
11928	11028
11928	40271
11928	19809
11928	31031
15420	24318
26476	32982
9782	34544
9782	27121
7248	32980
35230	34327
35230	28932
35230	39373
25492	38238
27779	21648
27779	27475
35232	22423
35232	31958
35232	10426
35232	3436
35232	33626
35232	33973
34544	4880
34544	9782
9484	32731
9484	21511
17601	33598
36191	23712
15109	5557
17265	30348
17265	12662
30633	31633
36510	23940
37436	21389
10720	17404
9485	36962
34869	38844
21665	29525
31962	23268
31962	12645
34225	22281
34225	3110
34225	30055
34225	7962
1484	35216
15728	27445
15728	36849
15728	13558
15728	14804
15728	37459
33271	10263
33271	12620
33271	39385
15729	12915
35561	14530
23548	698
23548	33759
9788	35710
9788	1311
9788	22421
9788	4377
9788	18236
9788	33935
9788	6968
9788	36220
9788	30994
9788	27164
18820	33313
7910	26295
7910	11034
27453	9771
27453	24224
27453	10768
27453	27501
8213	6931
8213	29987
8213	37458
34549	31092
34549	24234
35240	39189
36513	22773
36513	39031
26137	10714
33595	14642
33595	11962
5388	30778
38049	3863
38049	4837
22940	37192
27112	18584
26802	612
12290	1473
13229	29782
13229	14236
36847	1833
39022	22595
39022	33632
10427	28858
10427	23085
10427	5852
5698	1474
5698	20392
5698	20396
5698	21673
5698	34260
5698	29719
33275	18344
33275	12419
33275	11786
36848	4402
11343	6758
11343	35035
11343	27153
11343	15788
21669	26597
21669	28109
21669	34260
39675	25934
22281	30693
3410	24857
3410	33658
27782	3777
38399	8242
11026	28094
11026	40641
11026	10157
23550	25553
37158	21029
37158	32932
37158	2160
17272	19314
31965	23261
2126	37271
2126	16041
2126	38724
6644	12068
6644	2859
6644	23209
37773	18027
20093	12447
25168	39503
25168	7744
25168	19304
25168	20860
25168	1013
22606	4838
21673	1474
21673	20392
21673	20396
21673	5698
21673	38078
21673	29719
11939	16828
5050	2611
14805	13330
14805	27577
14805	19786
14805	7252
14805	15422
14805	37158
14805	7606
14805	33312
14805	20743
33277	10573
33277	2127
33277	28109
33277	36238
33277	34260
23262	3562
17612	15125
17612	6367
17612	15783
14191	27111
20096	33245
20096	33255
20096	8914
1794	17288
39975	4716
39975	16073
6648	30945
21045	39343
21045	11377
31633	30633
31633	27144
31633	6372
39976	3392
39976	25818
39976	40643
39976	9518
39976	17334
3413	27590
3413	14945
3413	12894
3413	3068
3413	29993
3413	36849
3413	33607
3413	16690
3413	40325
3413	31028
3413	27830
10437	16314
10437	26815
10437	14228
2132	11787
20097	8708
20097	2137
38718	34886
38718	11993
38718	31034
38718	36907
14194	9157
6351	20096
6351	20415
6351	35276
16033	2140
16033	34243
16033	23914
16033	31657
27121	9782
27121	34544
37444	14642
37444	6628
37444	11335
37444	13554
37444	14811
37444	20108
37444	3783
37444	18868
5401	28839
32938	17127
14807	3111
21364	19326
21364	16662
21364	22304
28097	384
28097	29040
28097	39377
20409	10277
36524	18236
36524	4447
29333	36031
29333	12448
29333	29368
29333	4114
9163	20413
23271	26636
23271	6698
7263	17086
14809	6693
21675	9305
21675	33912
21675	10426
21675	33626
21675	33973
21675	33646
17618	26489
17618	1212
17618	9201
4393	3552
4393	36207
35573	22133
22293	36050
28721	22104
28721	27248
28721	23266
28721	1493
28721	14204
19488	16058
38417	10277
38417	37767
38417	26808
38417	28094
38417	2504
12302	29987
12302	7914
12302	39364
12302	38072
12302	3455
12302	17018
12302	40665
12302	17037
4720	7754
4720	13284
242	20438
33942	35730
28723	23907
20712	25818
20712	22958
39373	34327
39373	35230
39373	602
34565	24215
26815	16314
26815	14228
33943	30620
33943	40251
33943	16658
33943	11941
33943	39991
33943	36238
33943	28776
33943	602
10109	23285
35577	37469
35577	20126
35577	29712
31971	376
31971	20543
31971	9306
31971	40618
31971	2129
31971	32605
33607	12900
33607	3068
33607	36849
33607	3413
33607	16690
11352	16400
8228	27577
8228	7252
8228	7639
6960	2140
6960	23914
22611	10258
22611	6179
22611	29037
22611	31668
23906	24215
23906	25847
37781	21652
37781	25186
25508	20696
25508	14512
13883	10087
10110	23906
15434	1798
19496	20415
22299	6623
13572	11385
18844	34534
21058	5421
28407	10426
28407	33973
30016	984
10739	29026
10739	7603
10739	9802
10739	32320
8235	31833
3768	4402
3768	33327
34886	36907
16041	37271
16041	27883
16041	22592
16041	7252
16041	38724
16041	29368
16041	11702
40635	17592
40635	28150
31977	39720
7606	10554
7606	14793
7606	8228
7606	16041
21682	11138
21682	18047
21682	36056
21682	28077
21682	8528
21682	11030
21682	19178
21682	11034
21682	887
21682	16056
16356	14642
16356	37444
17623	19605
17623	28077
17623	24814
23911	24514
23911	4690
23911	9161
23911	8582
17287	8712
17287	22322
34243	38751
16047	7073
16047	13710
16047	39027
16047	11031
16047	30694
16047	10157
16047	5115
4084	20389
4084	37190
39688	34348
39042	6946
39042	33312
39690	15728
24543	5719
38078	17086
38078	250
11360	8330
11360	23536
9174	3195
36538	3455
32607	31388
32607	33399
32607	4870
32607	28384
39691	12344
250	34325
250	6756
250	39343
250	27790
27796	10258
27796	25509
27796	6036
7928	991
7928	39653
7928	3392
7928	32579
7928	9518
33291	35032
38082	11145
38082	18046
38082	26946
38082	23097
38082	19647
38082	23539
38082	8209
16690	27590
16690	12894
16690	22592
16690	29993
16690	36849
16690	13558
16690	14804
16690	33940
16690	37459
16690	5737
16690	40325
16690	31028
16690	27830
17927	40625
17927	12639
17927	33320
17927	36568
29041	10258
29041	36044
29041	20092
29041	34250
29041	592
35909	18258
6967	35237
30983	2605
12310	25278
12310	37005
12637	14638
31983	2302
19811	34923
23918	11941
23918	39991
23918	10777
3435	7426
35910	4377
35910	9788
18252	34239
18252	26507
29692	1019
11953	23261
11953	266
27475	28839
23281	22773
23281	39031
15440	3093
11041	18833
21383	30999
4734	16175
29348	7265
29348	28109
29348	34260
29348	29719
23570	8666
23570	24199
23570	27831
6660	24681
6660	35573
19503	6758
6661	10578
8879	23409
8879	31958
8879	21365
8879	3436
39382	35702
39382	5848
39382	29035
21066	15418
21066	37767
23285	16819
28116	6173
28116	25667
28116	37185
29352	3111
16694	1019
16694	29692
16694	19834
31299	27590
31299	3068
31299	36849
31299	14804
31299	3413
31299	33607
31299	16690
31299	14530
31299	40325
35590	21702
35590	2173
30343	29827
30343	12276
29353	33724
29353	31125
29353	39031
29353	15773
29353	8905
27479	33586
27479	27166
29354	30945
34246	6348
34246	2773
34246	39728
1813	23940
38732	34534
1814	24570
30025	10426
30025	39993
30025	33973
30025	10480
1205	33313
31303	5090
31303	15461
13898	19628
13898	20860
13898	1013
13898	25966
5421	5715
5421	21058
8244	1598
8244	21816
36879	23708
36879	36990
3777	16011
3777	21656
3777	27782
3777	38440
3777	2773
23921	7759
23921	40251
23921	16658
23921	10710
23921	2127
23921	11941
23921	11058
23921	26530
23921	28776
23921	10150
23921	602
23921	33985
17630	17735
17630	27911
34899	40625
34899	30378
34899	36568
22311	17265
22311	235
22311	30348
11664	16658
2486	8537
2486	22023
2486	39713
2486	24882
2486	29385
18556	17331
22014	9503
22014	37207
37465	18869
37465	30043
37466	28839
39049	16658
39049	2111
39049	36859
39049	11941
39049	23948
25192	21194
19820	5515
11369	24659
11369	12643
11369	36904
31660	18047
31660	28077
31660	8528
31660	24522
31660	19178
31660	14504
31660	11034
31660	16056
31660	16378
31660	39703
31660	39721
31660	18269
31660	29072
3114	32980
11667	38434
18258	27468
24855	12111
24855	22304
24855	14828
11055	40285
17635	6950
17635	11654
17635	22638
15757	6967
40299	4517
40299	12940
33622	23920
28425	16367
28425	24553
34582	31303
34582	15461
257	28863
23575	10263
23575	33271
23575	12620
27485	19149
27485	25818
27485	6028
27485	22958
27485	40643
15144	26598
37469	35577
12645	31786
12645	33258
12645	23268
24857	9909
24857	3885
24857	30815
24857	37161
24857	5060
24857	29037
24857	10751
24857	13596
24857	30043
38737	40618
38737	2129
38737	31971
38737	6051
8893	30471
8893	29499
8893	22944
8893	4393
8893	36207
30994	36048
30994	10438
30994	6968
30994	2160
28754	27144
25529	38706
25529	16658
25529	551
25529	8533
25529	40263
25529	19479
25529	34245
25529	39991
25529	23921
25529	26530
25529	28776
25529	10150
25529	33985
20729	36516
3448	40429
3448	7427
3448	28390
30668	18212
30668	35587
30668	16708
2161	6028
2161	2160
7622	16465
7622	20716
7622	21698
7622	10757
5086	36838
32324	29719
32324	36568
22019	22417
22019	19782
22019	4757
31002	34574
31002	38101
6367	38717
6367	15783
6367	23955
20433	457
20433	21990
20433	14803
20433	13912
20433	26180
20433	32013
39706	23707
39706	12748
39706	30815
39706	24229
30669	13337
27812	29333
37190	4084
37190	17649
1514	26840
24555	40618
24555	2129
24555	31971
24555	32605
24555	6051
1211	33723
1211	40407
1211	24813
1211	30975
1211	40289
16384	39517
16384	12456
16385	4834
16385	25179
16385	22617
23581	33652
2163	15462
14524	12284
14524	35929
30675	5192
30675	5111
9821	24529
9821	34597
9821	10474
19825	7607
19825	27144
12956	5192
12956	30675
12956	5111
12956	17334
1212	17618
21706	40252
21706	36206
19826	40407
19826	30975
19826	1211
22025	40093
22025	37892
22025	25955
22025	24355
22025	40138
22025	25485
22025	39960
22025	17906
22025	28387
22025	1179
22025	4720
22025	16053
22025	21706
22025	39719
22025	27159
22025	31028
22025	17328
22025	13284
11675	4210
11675	24338
19512	26636
19512	33651
13912	39497
33309	7418
33309	29026
33309	8895
13913	17086
13913	10573
13913	2452
13913	33606
13913	28109
13913	38078
13913	6983
24221	2256
24221	2474
24221	9504
24221	37493
5090	38548
4751	26790
4751	21066
4751	21389
4751	1839
21081	23940
18869	29839
18869	30945
18869	4735
35929	32082
35929	12284
35929	11028
16068	40252
16068	14820
16068	34597
16068	8909
28429	25801
28429	17890
11966	1803
5092	16477
5092	9482
5092	25818
5092	22958
5092	40641
5092	35925
5092	40643
5092	31028
39712	39497
39712	20749
13266	14638
13266	2140
13266	38751
13266	29719
11680	20236
11680	16378
9828	36360
9519	26922
34258	8258
30680	28785
18262	10146
3455	7914
11968	26932
11968	11034
11968	31017
33967	33277
33967	28109
17016	10265
17016	3106
17016	3446
17016	1829
26837	22272
26837	17956
31680	10424
31680	29727
19516	39506
8262	9897
8262	31419
8262	21665
20441	18212
20441	24537
20441	3468
26524	21790
32635	27225
24224	9771
24224	3411
27499	38087
27499	25522
27499	2784
2504	11026
35613	25931
35613	6385
35613	33658
22322	14851
36892	40270
22028	6180
22028	1022
23594	36962
904	35730
904	2611
904	23243
904	33942
21713	21794
21713	20840
21713	13539
21713	3452
21713	40669
34915	38524
22323	17738
22323	23585
4757	22417
4757	19782
4757	38434
4757	22019
4757	30693
3124	25931
3124	4446
12966	31779
12966	20381
24229	23707
24229	12748
24229	30815
24229	39706
18877	1501
16708	3410
31320	29823
31320	35914
9834	11484
31012	35270
34596	13449
34596	33320
8907	19
8907	35006
1524	23932
1524	25202
1524	2776
7638	30043
7638	21405
7638	33648
906	2454
906	40641
3460	11335
4110	14025
4110	12277
4110	10426
4110	33973
14851	23094
14851	26636
14851	36550
14851	1528
10143	21816
10143	9482
10143	11339
10143	20710
10143	6352
10143	28445
8589	8680
8589	21652
24568	14951
36244	38822
6983	32980
2511	36641
2511	29798
908	21389
26530	40251
26530	16658
26530	23921
26530	28776
26530	10150
26530	602
28147	3583
28147	32320
28147	24559
28148	11678
8909	14820
8909	16068
8909	34597
14537	18212
10145	19289
10145	1308
10145	26929
10145	16252
10145	36537
10145	4427
10145	29370
10145	29068
14228	16314
10146	18262
16077	36568
22652	35211
34917	16047
39411	1925
13278	1481
24868	2124
24868	21392
29068	31266
29068	23926
29068	26180
24869	695
18269	18047
18269	28077
18269	8528
18269	19178
18269	14504
18269	11034
18269	31660
18269	16056
18269	16378
24240	30810
36897	13365
36897	1786
36897	15125
36897	21389
19834	36550
6987	16252
6987	36537
6987	4427
17649	20389
17649	8551
17649	4084
17649	37190
36248	1786
36248	17698
17955	2140
25209	4703
20749	35004
20749	29987
19835	16033
33326	35014
33326	39031
25861	15729
23948	10710
27825	23886
27825	12340
14231	31435
14231	6666
31327	21656
31327	2515
39417	21194
39417	3578
21405	7638
11692	23261
11692	266
25211	6173
25211	28116
10151	35741
8593	23940
16083	30945
16083	5691
29376	25621
29376	35741
29376	39343
29376	9482
29376	23266
29376	27797
29376	10150
29376	33985
21407	19599
21407	29350
29074	11345
29074	1529
10153	19629
35291	12915
8267	18844
23309	13380
23309	5555
23309	16058
1229	4119
15168	14641
15168	7236
15168	17621
15168	11949
15168	33621
15168	10457
15168	35293
15168	1849
10480	30025
11697	36012
17331	11165
4443	40388
11388	358
11388	19475
11388	15125
34923	16182
16719	24852
6385	3410
6385	28406
6385	35613
6385	33658
31031	21656
31031	11028
31031	22078
12662	28406
33331	10258
33331	38434
33331	29385
40329	30951
40329	268
36254	17086
36254	39382
27166	33586
27166	27479
27166	24570
15170	29827
29080	36056
11991	19637
11991	15099
23314	12311
9536	6628
22339	26268
22339	33260
22339	21656
22339	39353
22339	16028
22339	16979
22339	16993
22339	37205
22339	2773
22339	17037
37504	23261
39726	13539
16722	24835
25557	33432
17334	15535
17334	19605
17334	5192
17334	39519
17334	30675
17334	12956
17334	5111
29381	21690
17963	28530
17963	17125
17963	29506
4119	14017
25216	10087
25216	13883
27512	13367
27512	18046
27512	19632
27512	5554
27512	10874
27512	25966
27512	19647
27512	13720
27512	23539
27512	39075
27512	10156
5115	1610
4448	35590
4448	2173
22341	18639
34932	20126
34932	29712
3144	30803
3144	6782
3144	7896
3144	35558
3144	19510
3144	10157
13284	26592
13284	7754
13284	28387
13284	26489
13284	4720
13284	16053
13284	35925
13284	39719
13284	24243
24882	13366
24882	8537
24882	22023
24882	39713
5753	12344
33657	23261
10160	33255
3798	27144
3798	16710
18583	10578
40668	32932
40668	40647
32980	37192
40669	21713
9213	30039
7962	22281
25219	25317
25219	14017
40338	36360
4776	17889
4776	27144
4776	8585
15794	5557
9543	1849
37226	10578
3475	24514
6698	26636
25221	34338
25221	37895
25221	7388
25221	7391
25221	21501
25221	14641
25221	27272
25221	38709
25221	19495
25221	17621
25221	11949
25221	33621
25221	10457
25221	14233
632	10712
