10223	21524
6735	16189
6735	24569
29775	15845
36009	35631
27215	19913
34980	3228
34980	37761
34980	39362
34980	29026
34980	18559
3188	9610
4827	1798
4827	24834
20504	5829
2244	29659
2244	38121
15525	1506
6435	8219
37867	22126
37867	34565
37867	23906
37867	10110
4174	35014
4174	39031
10542	6946
14284	29823
14284	21820
14284	35591
1910	15254
1910	31998
14594	32320
13331	8888
13331	22627
19901	23297
8961	20694
3859	4376
22724	1473
32070	36638
32070	19905
32070	11154
28824	33759
18943	1773
18943	33998
31768	31435
27872	21409
34984	38533
34984	38401
1584	5739
2567	7707
2567	12058
2567	20823
25611	32110
25611	30041
14914	33088
14914	33759
14914	36210
6737	16371
6115	10566
14286	40429
14286	28390
14286	3448
14286	27144
26586	24030
26586	29482
3	27144
18330	12715
18330	20819
18330	25479
18330	6690
7366	29374
36313	282
32074	40602
13984	4830
676	3859
676	4376
2568	24948
2568	22078
38180	39812
16144	10712
14596	17288
21168	8676
21168	30126
21168	22118
21168	26932
21168	11034
37567	1826
2247	26592
2247	31774
2247	236
2247	14523
34985	6673
26903	5739
16463	12915
16463	2474
16463	17623
16463	26511
30765	20521
24622	18654
24622	22113
24622	36987
24622	39021
24622	22944
24622	36207
24622	38732
24622	27154
24622	4114
24622	32978
35693	13070
35693	33258
35693	23268
16145	9163
16145	16690
28503	10876
28503	26823
35346	10555
32716	26636
32716	15896
32716	37185
18011	39027
18011	11031
18011	34917
18011	10157
12055	24690
12055	30633
12055	31633
12055	6372
20201	34250
33393	30675
13037	36344
13670	17431
10229	15215
13671	33432
13671	29317
10230	79
36016	34858
33709	4880
33709	30302
12715	20819
12715	25479
12715	6690
18012	22746
18012	14204
18012	13575
18012	31037
32717	35349
32717	20521
32717	15153
6119	2160
30770	25968
30770	40303
24312	34936
30109	4085
30109	31672
9901	19475
40088	4833
40088	5839
39477	5555
34990	35586
18640	27577
18640	29828
18640	3068
18640	29993
18640	863
18640	37158
18640	14805
18640	39034
18640	7639
18640	40325
22731	14638
22731	29719
8332	4184
8332	23297
9902	14615
36322	703
9262	16037
26267	36515
1919	51
27878	12912
27878	22611
27878	31668
27878	25208
17391	15125
5507	10
5507	10566
38523	1303
40089	17592
40089	2456
27575	1926
6746	6946
6746	14805
6746	29693
27576	23572
27576	3112
35348	457
3537	9270
3537	26119
3537	30332
28507	19279
28507	22001
28507	13580
14601	7101
14601	4552
12416	12922
12416	27472
12416	24562
12416	30055
7370	15897
35695	26592
35695	31774
35695	6785
35695	26489
6122	9788
6122	6377
6122	7639
31385	27238
31385	34369
31385	12604
8030	10258
8030	30945
8030	18212
8030	23536
8030	11360
8030	10751
8030	584
8030	18889
6123	30210
6123	34232
9264	35609
9264	10488
681	17624
681	7951
681	20754
16472	31618
16472	40665
3197	1612
33398	17253
33398	16028
33398	39364
33398	16979
33398	12302
33398	18835
33398	17018
33398	22339
27578	24031
27578	20867
27578	29827
27578	12276
27578	16037
27578	30343
35349	9788
35349	6968
35349	36220
35349	27164
28204	33634
28204	28774
3541	26142
3541	21687
27228	3207
27228	36873
27228	13912
27228	25535
27228	4114
4177	3578
4177	26470
3542	2773
40394	32404
40394	14945
40394	16690
40394	37459
40394	35925
40394	40325
8965	24813
8965	35899
8965	10736
8965	25859
30772	38844
15213	38548
15213	29828
15213	2109
15213	5090
15213	39713
36643	26808
14922	20236
3202	21095
7054	27434
7054	16708
7054	14537
7054	6385
4835	29827
29455	37295
29455	8382
29455	27794
19284	15859
15214	23284
16156	4401
16156	34931
9597	11027
36957	12915
36957	16071
8665	2160
28205	8909
15216	23541
15216	26831
26273	33261
26273	27131
20817	16153
20817	24963
20817	8583
18955	17431
18955	33648
23371	10258
23371	38396
23371	20092
23371	23265
23371	39380
23371	3106
23371	3446
23371	592
23371	4493
8336	12290
28511	26812
15855	27260
15855	20411
15855	28754
15855	27144
39155	10284
11758	18657
11758	17894
7059	5106
352	19833
39157	26496
39157	10141
22734	20814
22734	30803
22734	19149
22734	14811
22734	9503
22734	18868
3875	31441
21797	24991
21797	27144
36327	1317
36327	29026
36327	31019
36327	610
3876	39190
3876	26519
10239	15418
10239	19475
10239	15125
35355	55
31389	30463
31389	17440
31389	16011
31389	27782
31389	38440
31389	12334
31389	2773
31781	25323
22101	9183
15220	23085
31095	37767
31095	36243
30116	15253
30116	21648
30116	2111
30116	40289
30116	12639
30116	1211
9270	6036
4839	262
3877	1179
3877	30372
353	40097
5511	37175
5511	18261
16797	5808
37583	8687
37583	18523
32096	706
27582	27577
27582	14945
27582	29828
27582	39951
27582	3068
27582	29993
27582	3413
27582	33607
27582	31037
9600	40388
9600	4701
9600	4443
25291	3894
25291	22283
32726	33586
32726	5414
32726	23283
32726	16083
32726	27166
34673	10228
34673	30465
1300	10122
20212	18645
27887	36012
27887	11018
27887	4123
5171	24329
39487	26820
29786	34706
29786	19808
31099	29673
31099	9501
14611	40252
14611	28077
14611	11034
14611	16056
14611	29072
14611	11989
34046	39027
14923	20231
14923	22273
14923	9838
978	33392
978	29484
978	28932
24322	25483
24322	36863
24322	8229
24322	580
24323	31266
24323	23926
24323	26180
24323	29068
24323	31037
14613	2134
14613	39684
1930	22023
34677	13699
28208	30443
28208	14024
34679	15895
34679	9491
24632	29362
32729	30449
32729	4702
19910	4223
19910	34390
6447	8030
6447	30945
6447	40024
31789	10426
27237	31809
27237	19834
21800	30505
21800	38066
21800	24832
1932	38524
1932	3555
1932	23429
1932	6004
1932	35869
26606	29118
11452	33759
25941	32439
5516	14642
5516	39951
5516	12894
5516	11335
5516	33595
5516	3413
5516	37444
5516	16356
5516	31028
35706	39145
35706	3195
35706	10232
35706	17081
35706	24019
35706	9001
35706	10275
8347	1476
8347	30323
8347	39975
8347	8244
8347	20434
8347	34907
8347	16073
34682	32731
35365	25658
37886	39512
37886	35259
37886	11034
37886	31660
6451	20507
1935	29786
1935	36966
1935	16017
1935	21669
1935	19808
13047	19834
11453	33759
11453	40318
32734	27434
32734	3446
32734	592
32734	32647
32734	3468
10843	7743
4188	4514
24020	6950
24020	11654
24020	22638
24020	11681
3547	16182
36334	39515
36334	11678
34685	36550
19292	15853
13997	22268
13997	15125
19610	6367
19610	15783
20521	35349
20521	22421
20521	9788
20521	6968
20521	36220
20521	27164
34346	16495
6139	39690
6139	40325
29792	12726
29792	6962
29792	13912
29792	16070
7728	39177
26611	25649
37589	30683
33730	3548
33730	2593
18656	14288
18656	40136
18656	1172
18656	4051
18656	26149
18656	30666
18656	30065
25946	29659
25946	21044
25946	25188
25946	30028
25946	39049
25946	29719
25946	1847
25946	38121
17099	18337
17099	6178
38541	36025
4525	4114
34051	34712
34051	28385
34051	6946
34051	15422
34051	10736
34051	2140
34051	34260
34051	35289
34051	29719
11144	23244
11144	2174
7073	18011
17100	23094
17100	9633
39795	16011
39795	12284
39795	38440
39795	2773
11146	13583
11146	3475
27249	39804
28217	36855
19293	36669
19293	28393
31107	1501
9606	18047
9606	10277
9606	8219
9606	20409
32738	36321
32738	34239
28218	9788
28219	33594
6143	14013
6143	16286
24329	5171
24329	13690
24329	32294
39497	16070
22109	18652
22109	33255
22109	23253
22109	17649
22109	32980
35370	33450
38208	25195
38208	38119
16806	5396
16806	1495
16806	10736
16806	34243
16806	38751
2861	1961
2861	33267
25636	2377
12081	26604
12081	3897
12081	21816
12081	35584
12081	8244
12081	9536
34689	12111
34689	12113
34689	24855
27252	18341
27252	21690
6454	39488
6454	28385
6454	6946
6454	7252
6454	16033
6454	10736
6454	2140
6454	29693
6454	31657
6454	35289
10251	6377
10251	29384
37896	34681
5820	2301
2863	25495
8354	19605
8354	3392
8354	25829
8354	12956
8354	5111
8354	17334
11773	5533
11773	13382
11773	17431
11773	33648
5183	21192
5183	21206
33413	22760
15869	6348
2583	9614
37285	16965
14305	33451
20527	14300
18969	2268
12437	37185
33063	4114
33063	4778
12438	22032
2272	39033
17723	3424
27255	38524
27255	18652
27255	24021
27255	23429
27255	32459
27255	32911
27255	35869
27255	23898
27255	1501
27255	34915
27255	24882
27255	10160
18348	29478
26923	37589
26923	16183
26923	26149
26923	30969
26923	30683
39798	36032
14627	2261
14627	34355
14627	26932
14627	28077
14627	25485
14627	14504
14627	11034
14627	16053
14627	16056
14627	16378
14627	11968
14627	31017
14627	39721
14627	17965
11776	11034
1944	14945
1944	27921
1944	36849
1944	3413
1944	33607
1944	26823
1944	31299
40111	4870
3887	6756
3887	29659
3887	38121
31116	26123
5188	18249
6766	21691
34355	2261
34355	14627
34355	26932
34355	24355
34355	2309
34355	28077
34355	25485
34355	28387
34355	1179
34355	14504
34355	11034
34355	16056
34355	16378
34355	39703
34355	39719
34355	31017
34355	39721
34355	17965
15543	39031
15544	34
15544	16374
15544	28754
15544	27144
18971	25202
18971	1524
18971	30372
18971	31030
10852	26636
29143	26301
26925	14820
35717	9482
35717	36849
35717	25818
35717	12653
35717	40325
39500	9150
29473	26854
700	17430
700	28077
700	14504
700	11034
700	4733
700	16378
700	39721
700	29072
30127	7707
13054	20139
10853	23251
20842	24338
20842	14316
20842	9482
20842	15135
20842	11675
20842	39412
3889	27790
17410	29827
17410	12276
1317	28705
1317	29026
9614	37444
9614	33940
9614	36866
9614	20108
9614	7613
9614	5737
9614	40325
34696	31809
34696	19834
25952	26604
25952	9614
25952	31266
25952	39022
25952	35253
25952	7613
25952	23926
25952	33632
25952	26180
25952	29068
25952	40325
25952	35291
35008	33651
12734	13254
3890	2474
3890	24221
3890	37493
3890	17331
3890	19526
25306	31429
6769	10739
6769	32320
6769	24559
29	18267
2868	36669
2868	28393
10255	4514
10255	26636
10255	29989
10255	36550
27900	21790
27900	26524
8684	19519
2278	20913
11780	9490
11780	18887
16490	8052
16490	40250
16490	21356
16490	2474
16490	37179
16490	24221
16490	9211
40114	6758
14934	35711
17725	23261
17725	266
9615	6367
2589	3890
2589	24221
2589	37493
2589	17331
32110	9163
32110	5737
19297	13682
19297	4377
19297	9788
19297	36220
19297	27164
35011	30453
30795	17086
30795	3887
30795	2473
30795	24533
30795	7263
30795	10736
30795	25188
30795	10150
30795	33985
14936	27632
26928	30762
26928	27908
26928	40141
37901	24529
37901	7642
37901	10474
22117	14300
34361	22304
10857	31089
10857	38078
5193	2284
34699	38391
34699	7947
34699	10141
4210	20842
4210	14316
703	10284
32429	17426
32429	31433
33735	16828
33735	23940
17412	17738
17412	5719
17412	23585
6162	11335
18977	18018
20530	25661
13363	3459
20531	35730
20531	2611
20531	5050
32113	31142
20853	39993
25644	20413
19299	6758
19299	63
19299	29517
16173	20083
1618	38848
1618	37608
1618	39813
37596	18985
37596	22133
37596	35573
37596	6660
19300	8248
1949	17734
5536	28390
11784	17726
11784	6013
3555	38524
3555	1932
3555	6004
3555	20124
36662	39713
40424	29544
8057	26636
8057	4231
8057	38037
3229	37614
34	15544
34	27144
24654	17419
1620	30771
39802	10284
3892	266
24338	14316
9618	22128
36	2261
36	6177
36	11034
36	16378
15554	26848
36979	3086
36979	38425
5832	24344
5832	23409
5832	31958
4862	10284
4862	16314
36348	35210
13365	8975
13365	17289
18669	33715
18669	39974
20533	5202
3232	20232
3232	7089
3232	22432
3232	35740
23702	1966
32118	31130
32118	30300
32118	5044
32118	13912
32118	14226
32118	10142
32118	32013
32118	31701
27612	20236
27612	11034
27612	11680
2282	7089
2282	22432
2282	11489
2282	35740
2282	17959
14010	4387
12738	7402
12738	27907
28852	23261
32432	7714
22425	18361
22425	13068
22425	20408
22425	4099
38220	19833
13368	34329
13368	38822
13368	36244
40	12957
12093	28385
12093	12922
41	703
32749	4826
32749	6623
34069	35730
34069	2611
34069	23243
34069	33942
8691	23049
3895	39812
3895	10283
3895	20414
3895	34254
14638	27432
43	27912
17113	13068
17113	20868
17113	20408
17113	4099
5200	9177
34704	16314
34704	36550
34704	19834
1324	22268
1324	19475
7084	25315
30801	37289
30801	7403
30801	3232
30801	20232
30801	22432
30801	33448
30801	35740
36041	42
36041	20414
36041	24850
13370	18359
13370	34379
13370	36048
24030	5739
24031	1286
24031	20867
24031	16037
15239	31382
15239	25192
9927	39387
38223	8860
12095	27774
3559	6758
29152	3903
13371	37572
13371	21524
20232	7089
20232	22432
20232	35740
14943	1966
21202	29143
15240	18068
4219	33067
4219	24666
4219	27633
4219	13263
32121	11019
14316	24338
14316	11675
26626	23707
26626	12748
26626	30815
13699	2508
3561	20547
3561	23959
28535	27263
28535	27617
44	34070
25319	28217
34370	12408
2284	24327
20536	22739
18985	22133
18985	35573
39512	1966
26939	27436
26939	39412
26939	24582
15560	36
375	18343
34071	26138
20859	39506
20859	4879
20859	22437
38226	7714
38226	5562
38226	15457
14016	4514
2594	13861
2594	28082
2594	30637
2594	12292
2594	26142
2594	16033
2594	12922
2594	27472
2594	21687
2594	13280
27908	21818
27908	40141
27908	29320
6468	11335
10264	20867
4223	19910
4223	14942
4223	22127
4539	31435
4539	33759
4539	30951
4539	16981
4539	25523
19927	31435
8994	35383
8994	34904
39516	704
39516	14321
39516	32437
15243	14803
39187	30449
39187	24037
22127	34390
25654	18364
25654	18550
31809	19834
5840	6790
5840	16888
8064	2883
24345	30449
23087	15457
23087	293
36044	33323
11175	24031
11175	20867
13378	17419
6170	23094
5203	21981
2883	17419
23715	42
26312	25930
12744	19930
12744	25661
12744	26636
24663	21508
24663	26837
26943	40602
26943	12277
40432	9897
40432	10831
40432	33070
40432	21665
40432	33275
40432	8262
706	32096
706	15895
706	13912
706	39713
706	14554
20546	14618
20546	24514
20546	23911
20546	8582
32753	17100
1629	1953
1629	20239
20861	34258
25961	25633
12098	22304
38229	17743
27910	36673
25327	15895
32754	4702
22758	16037
22758	23959
16499	38822
31132	3575
18363	16465
18363	10426
18363	33973
19307	31083
19307	34070
1010	34998
1010	21824
1010	32635
51	1919
3239	39514
7094	2603
7094	20870
34377	25317
34377	14017
34377	6172
14647	40251
14647	6348
14647	11941
14647	10777
7095	4711
27912	43
10267	33437
10267	8707
22429	31431
14648	18561
14648	8268
21518	40093
21518	34082
21518	39960
21518	28387
21518	4720
21518	15769
21518	39719
21518	17328
21518	25217
6172	25317
6172	14017
6172	34377
25658	10751
25658	30043
25658	2774
15566	15895
17742	33399
17742	37199
17742	12980
37914	17415
37914	13701
23718	19930
23718	25661
12747	26636
12747	15891
12747	4231
12747	30948
12747	16037
12747	37185
8374	37005
34712	10736
10271	19512
10271	33651
10272	18372
25659	29779
25659	1330
25659	26636
25659	16037
25659	35903
8707	3251
31431	35032
32439	32939
36358	17086
36358	12070
36358	10573
36358	22770
36358	18262
36358	10146
40435	30102
40435	14287
25660	28705
25660	39027
25660	11031
14650	11665
36359	6164
9629	32404
9629	12424
9629	19149
9629	17898
9629	25818
9629	22958
9629	27804
9629	40643
9629	12653
9629	37485
9629	31028
57	4517
57	24177
57	3415
10274	40187
10274	33313
10274	31334
13075	30620
13075	11941
13075	39991
13075	10777
5205	30478
58	6169
26635	9776
10870	20929
26318	31382
26318	25192
8379	11678
8379	28148
21819	16694
21819	19834
9631	35690
9631	3392
12751	19919
19933	36849
6476	19613
6476	27267
19642	35239
19642	28740
19642	31335
34386	23261
6785	26592
6785	31774
6785	30154
6785	26489
6785	32932
13382	39156
27917	21202
12109	18342
12109	27111
12109	14191
2889	20381
2889	28081
2889	22617
2889	8898
13078	23707
13078	12748
13078	30815
13078	16033
13078	39706
4878	7403
4878	2282
10876	26929
10876	26823
10876	13904
65	13885
65	38725
65	16697
65	30364
24360	7423
31441	4703
31441	9489
27630	1920
4550	3420
4550	25202
39191	13682
39191	33245
39191	33255
39191	6351
39191	20415
39191	19496
39191	6968
39191	35276
39191	8914
28869	26636
28869	1019
28869	19834
39520	30144
39520	37918
26950	24327
39192	4881
39192	10087
39192	6351
39192	25216
14953	4542
14953	31431
14953	35032
10878	2282
10878	27633
10878	35740
27631	6758
5854	12093
5854	28385
5854	12922
5854	2140
5854	15135
5854	17955
40140	28548
40140	40291
10280	29827
5562	32095
5562	12449
5562	29815
5562	31140
5562	5219
5562	35903
25001	703
25001	5200
37919	19930
37919	12747
22136	34370
22136	36674
22136	20235
1966	9157
25968	30770
8387	3195
8387	8382
29825	24961
29825	14619
29825	8706
29825	10283
35739	6782
35739	3144
22437	20859
33448	37289
33448	4878
33448	35740
2891	4738
30479	38185
29164	39515
29164	34381
29164	19942
8388	3195
8388	32722
8388	30443
33449	3861
33449	5808
33449	686
8389	36512
8389	33595
8389	10162
34082	28387
34082	4720
34082	35925
34082	15769
34082	37485
34082	39719
34082	40325
34082	31028
7760	6782
2299	32331
26325	34042
26325	35220
9637	15430
7102	9934
27921	10876
27921	15135
27921	26823
21217	33088
40444	25661
40444	10284
31446	40252
31446	24529
31446	14820
31446	16068
31446	8909
15260	18212
15260	18826
15260	30668
5566	25323
5566	26327
5566	33312
10592	575
10880	9482
10880	28095
10880	5092
20567	40628
30482	703
30482	11623
2894	26283
35740	2282
35740	4878
25335	33449
23415	17898
3251	10267
3251	8707
1021	13907
73	23077
73	20532
25003	1966
8073	15240
8073	18068
28550	33724
30153	12894
30153	7639
30153	3145
32766	2588
11495	17419
11495	1326
11495	39518
11495	26636
11495	30145
24680	35631
15265	7731
15265	32112
2309	40252
2309	21706
11807	32431
27929	36515
30484	28077
30484	25485
30484	11030
30484	14504
30484	11034
30484	24206
30484	16056
30484	16378
30484	24866
30484	39721
30484	29072
24046	26595
24046	2283
24046	4230
24046	10874
24046	14184
37617	33759
37617	13018
30817	705
30817	11034
32146	18667
6490	9614
6490	14642
6490	6628
6490	11335
6490	3746
6490	37444
6490	16356
5223	22423
5223	24580
35401	36879
35401	24244
27932	35716
27932	18263
26339	3068
26339	15769
26339	25217
22450	15430
18062	12427
15274	14624
33461	27125
33461	11359
38871	5194
38871	28243
38871	10736
38871	29683
3919	28097
20890	22304
38873	13331
2903	3216
2903	40615
2903	38412
1345	20511
1345	40318
15279	36182
25014	30154
21535	19293
21535	36669
21535	28393
34402	20713
34402	13598
22455	19788
17145	16810
10605	14946
10605	26380
38586	31820
20254	40407
20254	17292
1036	35693
1036	13070
1036	33258
1036	23268
1036	12645
9316	7055
26346	29993
26346	9163
26346	16690
33466	3895
18068	15240
28565	17257
8731	6767
8731	7002
81	22593
19952	38854
19952	8382
24690	27144
24690	6372
15282	7707
32155	26916
32155	33088
32155	33759
17151	12078
14348	40111
34732	26931
34732	24654
34732	13378
6199	6758
6199	21526
18697	24871
85	18675
85	27633
37026	1289
37026	1294
37026	38049
37026	8583
30175	25658
30175	18212
30175	30668
36699	17006
21228	10283
33787	8228
33787	7639
38257	33759
40462	28856
13097	19933
10902	33759
8422	11665
39542	4085
39542	34895
23429	38524
23429	3555
23429	6004
23429	23898
23429	2160
14973	5089
11821	22304
11821	24855
19346	7707
19346	1289
19346	1294
19346	8583
31838	1289
31838	10240
31838	17405
31838	6780
31838	37026
31838	38049
3932	29126
18078	34681
30505	33587
30505	38066
30505	276
7125	22272
7125	27144
7125	3798
26358	4703
89	23537
22158	36962
22158	18057
22158	9485
37630	21812
38893	1506
6498	16828
32459	23898
32459	1501
23750	35596
23750	29359
23750	31999
23750	38117
24065	35712
2339	16792
2339	9266
2339	21175
2339	17733
2339	32437
2339	33088
2339	23307
28275	28503
28275	26929
28275	10876
28275	27921
28275	15135
28275	26823
37947	33413
37947	22760
37947	10109
37947	23285
30516	1337
30516	31678
30516	29723
27311	5822
27311	33088
27311	15430
14065	19933
29544	40424
29544	8060
29544	20437
30200	28503
30200	10876
30200	27921
30200	15135
30200	26823
20929	28109
20929	38078
20929	886
20929	580
20929	34599
8766	5106
28923	14617
28923	22111
28923	36863
28923	10143
28923	28445
6540	25615
30867	4879
30867	7296
16888	6790
151	24348
151	33456
151	2114
464	14806
27989	18667
34462	29806
34462	28542
37396	16182
34177	15895
34177	3086
11623	6698
27432	19588
27432	14638
27432	26122
27432	29659
27432	2473
27432	25188
27432	30028
27432	29719
27432	38121
11624	31441
11624	14813
36491	28229
36491	8537
36491	6351
36491	20415
36491	39713
36491	21713
36491	1524
36491	30372
36491	14554
36491	40669
12263	9927
4042	16252
4042	1484
4042	234
4042	39034
4042	30040
4042	34256
29305	13449
29305	34864
29305	31623
29305	34596
29305	33320
29305	14536
37752	32761
7580	40665
34858	19782
1765	38524
1765	22267
1765	11033
7237	22606
1169	16091
23873	34565
23873	23906
23873	25847
7582	33432
7582	27445
7582	15728
7582	20415
7582	6028
7582	2160
17253	23670
17253	26268
17253	33398
17253	24955
17253	29987
17253	12905
17253	31618
17253	14488
17253	16028
17253	33599
17253	39364
17253	16979
17253	12302
17253	18835
17253	21059
17253	32317
17253	39060
17253	17018
17253	20749
17253	28157
17253	22339
17253	40665
17253	17037
21648	30116
16315	33456
16315	24532
16315	4114
16315	4778
35867	20389
39951	10460
12267	1779
30946	39009
30946	28696
30946	34543
30946	18267
17890	17289
26119	9270
26119	30636
26119	6036
26119	24570
18814	36220
18814	32957
19462	31266
19462	13258
19462	23926
19462	26180
19462	29068
19462	3468
19462	18583
12268	38822
12268	6673
27436	26939
10079	4514
5687	14638
5687	1474
5687	20392
5687	20396
5687	5698
5687	21673
5687	34260
5687	29719
22588	36962
22588	6758
22588	7385
22588	28850
22588	9485
22588	23594
10705	14794
10705	7248
8204	12716
8204	27508
31267	20092
31267	30668
39954	11754
39954	31130
39954	30300
26122	29659
26122	25188
26122	30028
26122	38121
35215	16314
35215	10104
22589	8707
22589	3251
35216	39034
40256	40111
7241	1799
18213	23251
224	8668
224	5808
224	33449
224	24807
17894	18657
36184	457
36184	24834
40608	36056
40608	887
10417	18012
10417	13549
10417	236
10417	26142
10417	3115
10417	14523
10417	23932
10417	33971
10417	9201
18513	31801
18513	23251
22268	22134
22268	37436
22268	19475
22268	15125
22268	25560
11015	4513
11015	5044
11015	36880
11015	27812
11015	11702
11015	37226
31611	4402
5032	35731
5032	23090
5032	27919
15412	27153
24810	17257
28696	30946
4697	25871
3746	14642
3746	2891
3746	39951
3746	12894
3746	11335
3746	33595
3746	3413
3746	37444
3746	16356
3746	29059
3746	31028
13861	30964
13861	16033
13861	23914
22926	14789
24519	29489
24519	33306
30952	13863
17898	4520
17898	12424
17898	23415
17898	19149
17898	26129
17898	9482
17898	28387
17898	25818
17898	20093
17898	4720
17898	22958
17898	40643
17898	37485
17898	39719
35555	34681
35555	11665
14793	28385
16014	20695
16014	25488
16014	20092
16014	6036
16014	31668
18218	16037
22928	22730
2111	36906
551	24856
11336	22023
11336	30693
39661	26606
39661	27144
16321	25530
21342	26606
4700	31388
4700	2176
1172	32940
18518	10258
18518	24167
18518	18212
18518	37161
18518	32327
9779	20519
9779	33245
9779	20413
33261	27131
33261	31999
6936	34245
29992	7252
24813	20929
38389	27100
38389	23924
11337	34268
31271	14952
31271	21846
22596	7095
22596	4711
27778	33760
27778	7896
27778	35558
27778	11962
27778	33313
8860	38223
8860	1229
17901	38529
17901	3249
2462	35371
23886	32955
34864	31623
34864	22027
34864	34596
2728	5566
7590	6746
7590	29992
7590	28385
7590	7252
7590	2140
7590	15135
7590	5750
16965	37285
16965	15253
16965	24813
16965	8861
16965	40289
32584	39397
30312	17742
28385	29449
28385	28230
28385	6946
28385	7252
28385	36843
28385	15422
28385	7264
28385	8228
28385	16041
28385	39042
28385	5750
33588	13993
33588	22014
33588	37207
33588	9536
22933	8998
13545	14596
24524	1303
31621	34565
31621	10110
31621	3098
19470	38718
19470	34886
19470	36907
37760	6391
33267	2861
33267	1961
38710	6946
38710	15422
38710	14805
38710	39042
38710	37806
863	18640
863	8389
863	29828
863	12900
863	39034
863	30040
863	34256
13547	21652
13547	20083
13547	40303
28085	16314
13867	28541
21664	21401
4054	39793
32587	8391
32587	33984
8539	33054
8539	6758
8539	22438
8539	16384
8539	9841
17600	33245
17600	40251
17600	10710
17600	26530
17600	28776
21989	33759
37761	29026
37761	39371
37761	18559
18521	8030
18521	10258
18521	2774
21038	38078
21038	32324
21038	10760
20701	1584
20701	26903
20701	24030
20701	25005
20701	5739
7906	20694
35877	6950
35877	11654
7595	2726
7595	40250
7595	21029
7595	32932
7595	14209
7595	14523
4384	39472
4384	3228
4384	14542
34869	16990
34869	28132
6015	28229
6015	36491
16668	2776
7253	3068
7253	36849
7253	3413
7253	33607
7253	31299
7253	15769
7253	25217
11339	28923
36843	33787
36843	7252
36843	8228
36843	7606
36843	7639
31623	34864
31623	22027
31623	34596
31623	33320
4709	9835
36512	33595
10094	22281
10094	31019
10094	39726
9788	35349
9788	20521
9788	19297
9788	26481
9788	11348
9788	15153
866	10284
5040	686
1178	23558
2467	15240
27452	9262
27452	29827
27452	8864
29317	13671
29317	33432
29317	25557
35881	38204
35881	19642
35881	37148
35881	33272
35881	28740
35881	8574
35881	31335
26481	15153
26481	27164
22939	20396
12912	23932
7596	40429
7596	28390
7596	3448
7596	27144
25815	19475
25815	15125
13549	26142
13549	21687
13549	3115
30637	2594
30637	12292
30637	26142
30637	16033
30637	28721
30637	12922
30637	14204
30637	27472
30637	21687
30637	24562
30637	30055
29998	35013
29998	29357
29998	8893
24185	21088
18821	17927
5044	4513
5044	24348
24187	7054
24187	16708
15113	28125
12292	12416
12292	2594
12292	26473
12292	12608
12292	26142
12292	24562
12292	25208
12292	29380
36515	3112
868	5522
868	10736
868	31657
12913	28385
12913	7252
12913	8228
12913	38724
12614	29782
34552	29509
34552	34598
38398	25317
38398	25219
1487	32085
1487	25484
1487	1183
1487	20092
1487	12644
5394	25658
5394	30945
5394	1183
5394	29675
5394	10751
5394	2774
20089	15788
29999	33737
29999	16828
29999	11054
29999	20197
1183	23536
1183	20441
23552	13907
30323	8347
30323	1476
30323	39685
30323	20434
30323	34907
30323	16073
28091	9286
28091	23911
38053	17275
38053	29380
15119	13337
15119	26636
15119	19512
30000	39965
30000	12950
23259	36882
34874	12726
34874	39712
34874	16070
6644	40300
13876	14542
21356	37179
10728	19588
10728	14921
10728	17086
10728	14638
10728	2473
10728	12637
10728	25188
10728	269
30964	18339
30964	16033
30964	10736
9490	17944
9490	18887
10102	24529
10102	40647
10102	7642
10102	10474
10103	35704
10103	1224
2473	17086
2473	10573
2473	3887
2473	14638
2473	26934
2473	28109
8864	10284
8864	16037
21358	5426
22283	3894
31283	33759
8216	2308
8216	30039
39972	29987
39972	31618
39972	18835
39972	16070
39972	20749
39972	40665
22284	12424
22284	25955
22284	34082
22284	23415
22284	19149
22284	17898
22284	9482
22284	28387
22284	25818
22284	4720
22284	3420
22284	16053
22284	27804
22284	31998
22284	35925
22284	15769
22284	39719
18826	35587
18826	10751
24533	17086
24533	30795
24533	7263
24533	10150
21674	10258
14805	28385
35894	17391
35894	8975
35894	13365
35894	19475
35894	1786
35894	15125
35894	17289
35894	9808
35894	36897
13235	34040
13235	36669
13235	28393
36858	25666
40624	36056
35895	13449
35895	29305
26491	18552
7601	20870
7601	16314
25820	20438
38717	23558
29028	235
29028	22311
31633	12055
1795	7419
38718	19470
38412	29499
38412	4393
38412	8893
6351	39191
6351	39192
16675	23898
16675	1501
16675	34915
22947	17086
22947	14001
22947	28109
22947	38078
13880	33456
13880	2114
13880	22645
16342	17086
16342	33606
16342	28109
16342	38078
23558	26808
23558	38717
23558	37464
23558	26534
23558	25560
22948	22395
22948	11359
20710	28923
11348	35349
11348	9788
11348	6968
29330	13863
24535	17592
24535	37755
36863	28923
30009	10258
30009	4697
30009	20695
30009	4493
23559	28229
23559	38708
23559	21713
23559	40669
33281	2451
33281	40314
6352	28923
18829	11786
5402	28229
31287	40445
23903	7947
23903	10141
4718	30673
18530	15418
28398	34333
20411	27260
20411	28754
20411	27144
20411	17310
16036	36325
16036	40097
16036	6769
16036	35739
16036	35558
16036	32320
16036	19510
16036	3144
16036	3843
38415	18833
38415	24541
40280	8668
40280	18348
40280	24807
16347	38558
12922	27248
12922	6018
12922	26142
12922	16033
12922	10736
12922	14204
12922	7607
12922	28109
12922	38078
12922	13575
12922	31299
12922	24562
12922	34260
12922	17955
12922	13280
12922	30378
12922	1847
12922	27514
14498	6962
21368	7254
26811	23886
26811	15752
26811	32955
26811	10139
19489	38524
19489	19782
19489	236
19489	23898
19489	1501
4720	3420
32603	31791
20099	30786
20099	28385
20099	7252
20099	13558
20099	37459
31972	17725
31972	16030
31972	266
37168	9783
14813	31441
14813	34250
35578	33245
35578	20092
21056	31130
28099	34544
28099	2129
10736	23914
15433	1961
3420	32404
3420	4520
3420	20217
3420	5194
3420	34082
3420	23415
3420	19149
3420	12894
3420	17898
3420	39960
3420	9482
3420	28387
3420	1179
3420	25818
3420	24529
3420	22284
3420	4720
3420	39034
3420	35260
3420	22958
3420	3101
3420	16053
3420	35925
3420	15769
3420	22025
3420	37485
3420	39719
3420	27159
3420	40325
3420	31028
3420	24243
3420	17328
3420	13284
16351	27144
10110	37867
16039	42
16039	36041
4724	22133
17920	23265
17920	35587
17920	30668
7925	31089
7925	1169
7925	38078
7925	16091
20713	20197
39034	34082
39034	29828
39034	16252
39034	29993
39034	28387
39034	24529
39034	4720
39034	15769
39034	34256
39034	40325
39034	31028
26496	39157
26496	10141
14199	16658
28107	30028
37450	4535
37450	1955
37450	24202
12932	2261
37451	3875
37451	31441
37451	29033
37451	27796
35259	15229
35259	28077
35259	8528
35259	19178
35259	14504
35259	11034
35259	31660
35259	16056
35259	16378
35259	39721
35259	18269
35259	29072
24541	38415
31977	8374
7606	28385
7606	36843
7606	12913
7606	11375
33610	11479
32606	19279
32606	15535
32606	39653
32606	3392
32606	6348
32606	36554
29675	10258
29675	23536
29675	10751
29675	3446
10115	6666
12304	7620
21375	12285
9173	15418
9173	28705
9173	19475
9173	15125
16990	38844
16990	34869
39690	10460
5068	27580
38078	12922
17289	1786
17289	11028
17289	15125
17289	13252
17289	5092
17925	11167
17925	30359
17925	21409
26820	18640
26820	39487
26820	28077
26820	8528
26820	19178
26820	11034
26820	22961
26820	31660
26820	39703
40636	6769
40636	21690
40636	32320
40636	24559
27472	23707
27472	13078
27472	30815
27472	16033
27472	39706
571	1171
38727	37488
3432	7394
3432	7628
13575	12922
21688	28740
21688	8574
21688	31335
34571	22944
34571	36207
34571	8893
17292	28839
17292	8051
17292	40407
17292	16023
17292	21044
17292	30975
17292	29715
17292	29719
17292	22665
27797	28923
21378	16514
14824	1922
14824	17616
14824	27798
14824	12960
26163	23572
26163	3112
30021	35876
24206	29465
24206	30484
24206	11030
24206	14504
24206	11034
24206	31660
24206	16056
24206	16378
24206	39703
24206	39721
16691	32587
16691	33984
37180	4413
11953	1227
25189	18364
25189	18550
27476	5112
38730	18212
38730	23265
18549	2111
18549	36906
30655	28513
30655	34
30655	16374
30655	27144
30655	3798
23283	33586
23283	39347
23283	27479
23283	24570
23283	21405
23283	27166
29693	6746
29693	19324
29693	26125
29693	28385
29693	6946
29693	15422
29693	6028
29693	39042
29693	35289
29693	18583
252	34276
9808	8975
9808	13365
9808	22268
9808	19475
9808	1786
9808	35894
9808	15125
9808	17289
9808	36897
24546	23875
14826	17100
2150	33947
10748	9788
10748	5737
16694	28869
20426	28406
20426	16403
6035	22104
6035	34053
6035	29380
37463	35371
37463	2462
8881	37912
28421	21187
28118	5808
28118	18348
28118	24807
28118	40280
8569	38822
8569	6758
8569	16499
8569	12268
4738	35723
4738	4692
4738	29059
6038	20220
6038	3249
6038	30626
3776	3908
3776	3405
3776	25504
3776	12636
3776	10450
38733	2891
38733	11359
38733	31678
8570	7427
30346	14001
30346	22947
14830	39517
14830	16384
18555	33255
18555	8914
22628	36650
22628	20719
22628	33998
16374	34
16374	30655
16374	28754
16374	27144
16374	3798
11050	36669
11050	28393
11050	13235
8247	30675
8247	12956
8247	17334
32318	23886
20115	19782
20115	3101
20115	22019
20115	4757
20115	7300
23572	3112
7934	23284
31305	40125
31305	28122
9814	30353
9814	1842
34579	37912
30029	17130
6972	40445
13258	31266
13258	23926
13258	26180
13258	29068
31660	26820
31660	11989
25525	39174
25525	20867
18559	37761
18559	35237
18559	29026
18559	39403
29358	17257
24856	30210
24856	16658
24856	551
24856	33320
40001	19919
40001	13867
11055	36182
17635	24020
17635	11681
35596	29359
35596	31999
35596	38117
27808	12922
27808	14204
27808	13575
27808	31299
12948	4757
17933	18639
32955	23886
32955	26808
32955	29026
32955	22321
16376	28085
16376	22322
16376	14851
29361	9938
29361	16037
31997	7650
40300	12068
40300	21980
40300	11632
40300	6644
36547	24341
36547	11987
29362	12458
29362	32597
29362	21054
28753	31783
28753	35712
28753	21652
28753	37781
28753	22641
21074	36973
21074	39353
21074	26823
21074	16993
21074	37205
28754	16374
31311	3897
31311	1524
31311	31030
19508	32722
19508	6131
19508	8382
19508	3249
19508	392
19508	13604
19508	36572
38437	19588
38437	3887
38437	2473
38437	25188
38437	39049
38437	23948
31998	12424
31998	23415
31998	20093
31998	4720
31998	27804
31998	35925
15147	28109
14836	10750
32001	2465
32001	38078
32001	20145
12952	2759
12952	33307
12952	38117
39706	27472
10460	27590
10460	39951
10460	29993
10460	9482
10460	16690
10460	9180
10460	40325
10460	31028
37190	28923
9818	23911
9818	8582
10131	21816
10131	13558
10131	35584
10131	20434
30035	27457
6045	16314
6045	36550
33963	16811
33963	11015
33963	31955
33963	21990
33963	32013
11375	28385
11375	7252
11375	36843
11375	7264
11375	8228
11375	7639
8898	20381
8898	22617
21078	19485
26832	16044
30673	1330
30673	16037
30673	27829
30673	1229
1210	14236
38740	6007
1516	8981
15770	2454
15770	906
34904	36311
34904	35383
23297	19901
6976	9781
1212	36984
20737	22
20737	4710
20737	39993
22025	22284
13912	29792
13912	14226
31316	36359
31316	25965
31316	15732
32957	35729
32957	10614
32957	38719
23587	23271
38442	38822
38442	5702
34907	8347
34907	1476
34907	30323
34907	39685
34907	20434
34907	2164
34907	16073
38443	3552
38443	30471
38443	36207
38443	34571
38443	6366
38443	8893
30040	33
30040	863
30040	13554
30040	36537
30040	34256
30040	4427
30040	10145
30041	16145
30041	9779
30041	9163
30041	33940
30041	5737
3121	6142
39712	29792
39712	16070
33634	28774
26836	28696
34258	20861
22321	24559
28132	30772
28132	38844
28132	34869
11681	24020
11681	6950
11681	11654
11681	22638
26178	3392
26178	37221
20124	3555
20124	29683
22641	21652
22641	32587
22641	37781
22641	28753
22641	40649
10136	22006
18871	1286
18871	24031
18871	20867
18871	25525
18871	22032
18871	11073
16070	29792
16070	39497
16070	13912
16070	39712
13268	1300
34913	29823
34913	35914
34913	31320
37481	6758
37481	24351
8902	16314
33968	29125
17017	7608
265	10712
40650	16811
17310	3
17310	2266
17310	22272
17310	28754
17310	27144
17310	16710
40012	16713
28430	19933
28430	13097
28430	36849
28430	3413
28430	29381
25203	36321
25203	14524
1215	8582
1215	9533
26839	12625
26839	39071
15153	35349
15153	9788
15153	33935
15153	7264
15153	6968
15153	31028
15153	27164
11063	2861
24228	36321
24228	12284
24228	34239
24228	16993
24228	35929
4755	6962
4755	16070
904	20531
34261	14001
34261	21038
34261	40625
34261	17927
34261	36568
13921	29990
4756	25553
269	40407
269	20254
269	17292
27818	7241
27818	4446
27819	6758
27819	26636
27819	4231
27819	11623
27819	38072
40314	2451
40314	21361
10767	39027
10767	11031
22644	27144
24864	7926
14226	27812
14226	13912
14226	32013
33638	34258
2169	19491
35935	19625
35935	3575
34596	34864
34596	31623
22977	30144
22977	39520
20745	24208
905	22014
9835	4709
36556	27612
36556	20236
36556	11680
28144	36868
28144	10157
8264	22272
8264	4397
8264	26837
5739	24030
33639	26808
4429	33398
4429	35352
4429	17253
4429	29987
4429	12905
4429	39364
4429	16979
4429	38072
4429	32317
4429	39060
4429	40665
4429	17037
13274	26142
13274	29380
28433	3234
11685	25648
10143	28923
35616	30463
35616	16011
35616	21664
35616	27782
35616	17929
35616	3777
35616	38440
35616	12334
35616	2773
24866	17430
24866	28077
24866	19178
24866	14504
24866	11034
24866	16056
24866	16378
24866	39721
24866	29072
24866	11989
32013	14226
33323	36044
33323	17270
33323	35584
33323	22962
33323	39731
17645	15162
22981	6758
22981	12940
12337	15752
11384	9782
11384	34544
11384	11055
1834	33598
38449	22945
4761	36311
4761	17710
4761	2584
4761	6164
4761	36347
4761	2877
4761	33431
4761	26636
4761	33086
4761	22775
4761	26162
4761	34936
276	22416
39067	26268
39067	18835
39067	4429
39067	18583
15162	36961
21400	26922
21400	781
21400	4047
21400	15415
21400	18833
21400	29701
36897	8975
36897	22268
36897	17289
36897	9808
35289	26125
35289	6946
35289	39042
35289	29693
5103	30992
5103	4424
5103	2769
36898	19597
36898	13685
17649	18893
17955	12093
21401	30463
21401	16011
21401	27782
21401	17929
21401	3777
21401	38440
21401	12334
21401	2773
17026	15894
1227	34343
1227	31815
1227	23261
1227	11953
15453	34268
35943	12610
35943	7254
35943	1786
35943	35276
11073	24031
11073	18871
5104	7376
5104	10880
5104	9482
5104	40641
5104	5092
5104	906
5104	40325
5104	31028
39416	14849
12659	9146
20136	14647
20136	30620
20136	40251
20136	16658
20136	11941
20136	23948
20136	10150
20136	10777
20136	22665
20753	2726
20753	21029
38757	23886
38757	39362
38757	32955
38757	10139
33979	32431
33979	24208
33979	30037
32344	16314
29376	14647
34268	21524
912	33441
33328	7055
33328	27892
33328	9316
28779	6143
18889	30945
18889	16066
20755	36360
39071	23085
39071	26839
30692	9161
30692	23911
30692	8582
9532	26808
9532	32320
9532	25560
27508	8204
27508	24173
26192	8680
26192	6782
26192	35739
26192	7760
26192	8589
26192	3144
8268	18561
26193	19786
26193	7252
26193	12913
26193	30645
26193	33312
29722	33759
29722	32155
29722	33608
10478	25001
10479	28229
33984	23255
29723	1337
29723	31678
9533	9161
9533	23911
9533	8582
7650	3903
7650	31997
32972	16314
18893	28923
18893	2377
18893	20389
18893	8551
18893	20710
18893	6352
18893	27797
18893	37190
18893	17649
18893	10150
18893	28445
9211	8052
9211	40250
9211	2474
9211	37179
9211	24221
9211	37493
11989	11034
11989	16056
6690	14825
31705	13070
31705	23268
31705	12645
11991	37617
32348	9782
32348	34544
32348	27121
32348	11384
8597	35
8597	2508
6387	15891
25557	29317
5112	32301
5112	11034
5112	27476
23957	12894
23957	29026
23957	8895
23957	31034
23957	36907
6692	23707
6692	30815
6692	39706
6692	24229
24881	33630
37507	2785
25867	26325
610	29026
610	35577
16405	13710
16405	39027
16405	11031
3144	26192
29729	20837
29729	23879
29729	14809
29729	632
36906	2111
36906	39049
3145	7639
3798	30655
3798	16374
35297	21202
35297	27917
18583	39067
11082	28238
11082	25659
38764	3748
14555	26268
14555	21652
14555	16979
14555	40665
23315	26913
28445	28923
40024	28406
40024	6036
18281	31634
292	8051
292	3887
292	32910
292	2473
292	11941
4121	7095
4121	22596
4121	25192
40669	23559
23959	1528
38766	40602
28449	16314
10162	28923
15171	30016
24582	26939
24582	7426
24582	27436
24582	3435
7308	11034
22667	33437
22667	10267
2183	28923
23616	7926
23616	24864
19219	26604
19219	6179
19219	17275
19219	18833
40672	700
40672	11034
6391	2603
6391	30624
6391	37760
17966	4514
32026	13671
32026	25557
39745	17394
4793	703
4793	41
4152	18057
33707	39352
33707	20095
