38519	16038
38519	19183
18940	11786
18941	38223
29447	42
29447	11801
29447	10283
15523	40388
15523	32301
15523	4443
26899	20438
30758	4833
2243	9897
2243	33070
2243	21665
38178	25818
38178	39976
3531	7117
17701	27221
17701	1027
25611	2768
34660	34695
34660	33957
34660	39712
34660	16070
34660	11683
34660	11980
34660	31701
36010	2260
29778	6444
29778	30053
19275	7759
19275	16658
19275	33606
19275	28776
19275	33985
32072	30650
8025	24346
8025	32443
8025	10117
8025	14824
8025	27798
20200	36206
22725	12093
6436	32082
6436	22735
6436	14524
6436	35929
11438	69
39775	4210
39775	14316
39775	11675
30104	9786
30104	32592
30104	16688
30104	26844
30104	25864
37566	29477
24309	13330
24309	5111
8026	21819
8026	28869
21475	40111
21475	33596
4831	27612
4831	20236
2839	12434
2569	20511
2569	30951
2569	19820
2569	40318
31085	24952
31085	286
14597	24579
26587	36028
37868	26130
37868	11034
13033	25930
13033	26312
13034	40402
13034	18371
13034	12470
13034	16961
13034	21363
13034	16349
13034	4400
30105	26592
30105	6785
30105	30154
30105	40252
30105	26489
30105	32932
30105	17618
30105	34597
26900	27238
34661	12093
34661	2300
34661	12922
26263	21202
26263	35297
9898	16038
39777	13384
25281	21334
25281	20096
25281	14813
25281	4080
25281	4436
1586	2589
1586	11165
1586	9003
1586	14487
1586	5716
1586	17331
15207	11946
19276	6976
17387	8031
17387	35011
17387	40252
17387	13284
8655	30946
8655	28696
18637	2462
18637	37463
25932	29823
25932	33333
32400	5519
32400	16008
32400	17599
32400	11930
32400	8542
32400	39355
32400	4715
32400	17922
32400	12964
24002	1586
24002	4543
24002	31138
24002	14956
24002	14487
24002	5716
24002	3774
24002	17331
24002	19526
38182	12286
38182	5452
28502	17294
28502	21407
34036	24957
34036	24963
34036	17449
6740	33327
32077	39352
32077	20095
34037	2583
34037	13554
34037	37444
34037	7613
34037	5737
34037	29724
4508	7731
4509	28503
4509	24646
4509	10876
4509	27921
4509	33940
4509	26823
6437	28869
13035	17457
1912	30004
2840	11034
2840	39721
2840	28445
22726	25940
22726	34082
22726	9180
22726	10460
13986	10736
13986	38078
13986	30346
12411	33430
12411	13893
4510	12424
4510	38224
4510	23415
4510	17898
4510	28387
4510	25818
4510	20093
4510	3420
4510	16053
4510	27804
4510	22025
4510	39719
23366	5194
23366	25955
23366	40138
23366	34082
23366	9482
23366	28387
23366	1179
23366	22284
23366	4720
23366	3420
23366	16053
23366	35925
23366	15769
23366	39719
23366	31028
23366	17328
10225	18348
10225	7894
10225	12908
10225	2477
32079	36353
27219	11494
27219	8255
10829	13675
10829	27280
27220	34703
27220	20131
13667	39393
21477	23691
7368	27267
7368	31657
40083	6758
40083	19299
40083	63
40083	33088
40083	29517
40083	38048
37567	35023
19902	7054
19902	27434
19902	24187
19902	16708
39148	21192
39148	21206
22728	23674
4175	8709
36633	30762
36633	26928
36633	21818
36633	40141
25283	2891
25283	33245
25283	10438
25283	36218
25933	28786
19277	9631
19277	21664
19277	27782
19277	33601
19277	3777
19277	38440
6439	17137
6439	6485
27571	3747
27571	26882
36634	10736
36634	23914
36634	30999
38817	18024
38817	6950
2841	38840
2841	2589
2841	31138
2841	24221
14918	16023
24311	12735
27573	9266
29120	15544
29120	20411
29120	16374
29120	28754
29120	27144
3189	32118
3189	11015
3189	5044
23667	26832
23667	26839
36316	34344
36316	16517
27874	18348
27874	40615
27874	28118
21479	11464
16788	20749
36635	16033
36635	1524
36635	31030
36635	33654
30432	38558
34985	17112
30765	15421
19904	14017
19904	11953
9899	7758
9899	23295
36320	39007
6117	28085
15848	35918
24624	32432
20508	33735
20508	31283
20508	27152
13670	7755
13336	27921
13336	26823
13336	23934
13336	15788
9900	30123
34988	24030
26266	35720
40087	34701
40087	14233
15529	38524
15529	23898
15529	1501
15529	31037
9592	8051
9592	29719
34989	36012
34989	11135
34989	11018
34989	7283
34989	4123
12715	22728
18012	29543
21791	1849
10231	11015
10231	12308
10231	33963
39151	23893
11440	34722
35694	39790
5803	23077
5803	20532
5803	73
10834	10853
8660	7714
5160	29777
5160	24848
5160	13935
31383	33747
31383	26636
31383	28869
31383	1019
31383	16694
31383	19206
25284	34051
25284	6454
25284	10853
25284	28385
25284	6946
25284	37158
25284	14805
25284	8228
25284	18845
31384	28508
31384	39191
31384	39033
6	14643
6	14812
6	12928
6	23569
6	34259
24315	15537
22398	20576
22398	28151
22398	33329
39478	14228
26593	37912
26593	40270
26593	34579
11441	8064
11441	2883
14291	14922
14291	20236
13338	10736
13338	2140
13338	23914
26906	22944
15851	25943
15851	2301
21172	1029
21172	17449
39783	31634
10554	23704
9263	7398
9263	32429
9263	17426
9263	31433
29452	29459
29452	37886
29452	11034
40392	32430
26269	14021
26269	10115
26269	6666
1592	13059
16793	30317
37575	14849
10233	36335
10233	13554
39152	17749
3198	27237
20512	35720
20512	38860
24950	7714
24950	35867
28202	33088
18952	26636
18952	28869
18952	19206
34331	16468
26270	7755
1595	4701
20206	29543
33714	6758
33714	24202
16794	18361
16794	36834
19594	34544
19594	27121
25618	12111
25618	22304
14603	19921
14603	30627
14603	34240
19907	30951
35697	34859
35697	11637
35697	20112
32087	33749
21483	20857
21483	26066
21483	18863
21483	24575
30772	30324
10556	36327
10556	1317
10556	29026
10556	38416
10556	31019
10556	610
8335	16691
8335	2163
13339	36849
13339	16690
18338	31283
18338	29358
16473	34565
16473	10110
16473	3098
9267	19649
17709	7117
38526	11034
40091	27144
40091	11997
11445	3232
11445	30801
11445	20232
11445	7089
11445	22432
11445	6477
11445	4878
11445	10878
11445	35740
1596	20926
1596	38409
6750	7707
6750	17449
24317	17289
5805	3062
3872	18878
3872	40325
19908	27590
19908	26346
19908	22592
19908	27445
31777	30354
33052	14003
3204	29359
3204	12952
3204	2759
8967	20517
8967	11787
8967	19834
11756	5079
6751	9295
6751	4699
34669	16037
21176	33759
12719	38387
12719	27143
12719	40315
17711	15215
17711	1940
7375	20096
7375	1517
15536	31283
15536	29358
7060	35023
7060	26636
7060	36550
7060	1229
17087	6148
17087	16080
21797	260
3205	29465
3205	22118
3205	27612
3205	20236
3205	14328
3205	14190
3205	9798
3205	11034
3205	11680
3205	36556
3205	7308
37876	28510
37876	33759
37876	1768
40094	18671
24010	9802
34670	31130
34670	30300
7061	28869
7061	16694
20822	17944
4839	39164
13342	5577
7062	3561
7062	20547
40095	24695
40095	38273
32093	12055
976	29665
976	16368
976	27483
11135	19466
11135	11018
30777	18640
30777	9482
36022	39193
39787	35220
39787	5394
39787	1183
15537	24315
38530	15734
8669	10153
685	36669
685	28393
685	30999
32726	6795
32726	31313
4521	32118
4521	14316
4521	11675
4521	3455
4521	24244
2259	17711
2259	40427
30117	21790
30117	31411
39160	15427
30445	24853
5514	36056
5514	4432
34675	38078
27584	27590
27584	22592
27584	3068
27584	29993
27584	9482
27584	36849
27584	3413
27584	33607
27584	16690
27584	31299
27584	40325
27584	31028
14295	15210
14295	2864
14295	14328
14295	16970
37878	12440
37878	26119
37878	31617
37878	35241
6132	8052
6132	3890
6132	40250
6132	37179
6132	37493
6132	19526
21799	16158
26602	25317
26602	34377
26602	38398
26602	25219
14613	26615
36964	11053
11764	25618
979	33941
7067	32722
7067	4187
7067	3249
7067	16695
7067	13604
24015	33749
31788	23392
14614	8051
14614	14023
14614	37316
14614	39049
14614	23948
15862	35383
15862	36359
23379	27905
23379	17125
38532	15104
38532	28711
38532	5073
38532	6674
38532	15159
15	26636
15	28869
15	7250
15	34904
27237	35727
34999	234
30782	13874
37584	11918
37881	3195
37881	18049
36965	19604
17093	38566
22105	37912
9272	6471
8347	4695
8347	40655
31790	40139
18960	33432
18960	27267
18960	2160
18960	18568
18960	20124
15223	19919
38829	30140
11767	33736
8673	7714
8673	32432
8673	4761
37886	29452
5518	10229
5518	15215
5518	19609
5518	1940
25943	5820
25943	2301
27243	4204
13346	13716
13346	34859
8349	3215
8349	24031
8349	33430
8349	20867
8349	18871
8349	11073
25944	37867
25944	27238
25944	22126
25944	34565
25944	23906
25944	10110
25944	9802
39164	20840
39164	262
39164	40669
39165	40325
35367	16665
35367	23553
6138	257
6138	2160
24637	40602
24637	34535
37278	3769
23686	11148
23686	1029
23686	17449
4846	8219
4846	20409
4846	2776
1607	34358
3215	8349
3215	24031
3215	20867
3215	18871
34344	10735
12426	32910
12426	5104
8044	36181
8044	11034
361	27436
361	21381
361	24582
10245	6156
10245	11494
10245	11019
3881	7762
19609	19637
19609	3578
32100	4397
38537	14627
38537	26932
38537	38243
38537	1977
38537	25485
38537	35259
38537	11034
38537	31017
38537	39721
10569	30951
31105	22118
13048	27612
13048	20236
13048	11680
16483	11034
5521	698
5521	15430
31396	7095
31396	24242
31396	4121
12076	30668
10845	6165
20223	20868
20223	31965
32103	39022
32103	29338
10846	28219
10846	22109
10846	14003
10846	33594
10846	18578
16802	18641
16802	37892
16802	25955
16802	1179
16802	22284
16802	4720
16802	16053
3549	27590
3549	19473
3549	16690
23384	7065
23384	10295
23384	6666
30123	20521
30123	18671
30123	27267
30123	36849
15867	2263
15867	18513
15867	9779
15867	23251
15867	28112
1312	25304
1312	16026
38540	7625
38540	9817
1940	10229
1940	15215
26921	39022
7073	6800
2856	25288
40103	20389
40103	21690
40103	37190
32417	33071
32417	38039
32417	17625
1313	11372
17719	29543
17720	22276
25634	5062
4195	39954
14928	26298
14928	19472
14928	33335
20524	25943
11148	24957
11148	8583
18967	24240
7734	18552
38833	10284
38833	37185
1315	2271
1315	11165
1315	31138
1315	8589
11459	21036
11459	17019
16804	14024
16804	8382
16804	392
27251	6758
27251	2736
27251	18559
27251	7949
19614	36
19614	28849
19614	6177
16805	37878
16805	21186
16805	2289
16805	4894
16805	33245
16805	36838
16805	15728
16805	35241
16805	18236
16805	10438
16805	30668
16805	8914
5819	30441
5819	9183
2860	33245
2860	17600
2860	26490
2860	26530
19294	2578
36338	26325
36338	31016
36338	25867
13999	26487
1943	40405
12081	1508
31400	13369
24971	39193
8051	29543
36340	23392
27253	8709
25637	17714
25637	26471
25637	26130
25637	27116
25637	28101
25637	11946
25637	11034
25637	5075
25637	29702
25637	23582
31112	32643
31112	32340
22110	28109
22110	38078
22110	29719
8354	33930
38209	7754
38209	39960
38209	28387
38209	4720
38209	3420
38209	35260
38209	35925
38209	37485
38209	39719
38209	17328
38209	13284
11460	34344
39170	388
10849	28513
10849	34
10849	16374
10849	27144
10573	29543
23392	39048
989	35358
989	7271
2865	36358
2865	18262
27600	21652
7738	25955
7738	4550
7738	40250
7738	4720
31402	24529
31402	30040
31402	9201
31402	8275
5186	26268
5186	33398
5186	35352
5186	17253
5186	12905
5186	31618
5186	16028
5186	39972
5186	39364
5186	16979
5186	18835
5186	38072
5186	32317
5186	4429
36032	40315
6457	10267
6457	22589
6457	22667
23393	4509
23393	25940
23393	34082
23393	35235
23393	7916
23393	10736
23393	35925
23393	15769
23393	29365
23393	7949
23393	31028
17722	17408
17722	33461
5531	22096
5531	4058
2271	11165
2271	8589
7739	14642
7739	19149
7739	33595
7739	37444
7739	40643
7739	3472
7739	10162
26923	37785
36346	1329
36346	15125
1613	34389
1613	3604
37286	27162
26615	14613
26615	32129
26615	2134
26615	4401
34058	4114
35714	10284
11775	7916
11775	7949
11775	12964
31404	9933
31404	18677
31404	6781
31404	17896
31404	37756
31404	4400
31404	35590
31404	10461
31404	16384
31404	23299
31404	17026
31404	38461
31404	2784
12439	21660
12439	24554
12439	14237
12439	12665
18663	16695
9611	35361
29800	33431
29800	29812
32106	13688
25639	15237
25639	5217
25639	1768
25639	39366
11777	30615
11777	3744
11777	21660
11777	40292
11777	26173
11777	27817
11777	28435
11777	22033
6153	32968
15871	11469
15871	15895
15871	17606
14933	39192
14933	17929
14933	7625
8980	24019
8980	9001
8980	3249
28223	35739
28223	8589
28223	26192
28223	3144
40413	3248
33415	3890
33415	31138
33415	2474
33415	24221
33415	37493
34060	8369
23695	35394
23695	29066
11778	3874
11778	30317
11778	35236
11778	39394
31117	9010
2274	2589
20842	39775
20842	37784
6459	38089
3889	2142
26296	23261
26296	266
6768	10277
6768	4880
34695	33957
34695	39712
34695	31701
11157	7060
11157	35023
11157	15119
11157	39063
11157	1229
3224	39417
8055	9305
8055	10426
8055	36879
8055	33973
12441	24807
34696	35727
33417	19621
29144	30659
35719	31436
35719	15457
25952	26806
35373	22314
35373	39712
35373	18583
20844	37591
20844	19642
20844	34611
39800	37901
39800	24529
39800	7642
39800	10474
34358	9933
34358	35031
34358	8766
37594	9783
37594	37168
34359	32119
34359	4546
34359	18049
34359	23407
34359	13717
34359	11493
36033	13331
36033	10256
38839	6177
38839	11034
38839	7951
38839	34263
38839	13286
15549	3870
15549	25290
15549	23541
15549	9487
15549	11029
15549	33962
15549	33313
15549	602
1945	24018
1945	8712
24025	14014
24025	9159
29	18949
29	6768
10254	1586
10254	34859
10254	2727
10254	25809
10254	26800
10254	11356
10254	37786
10254	3774
10254	38088
10254	30664
10254	5441
10254	4440
8056	10277
8056	20409
23073	24662
23073	1014
23073	16833
38840	24002
38840	2841
38840	8052
38840	33415
38840	3890
38840	2589
38840	31138
38840	40250
38840	37179
38840	24221
38840	37493
38840	17331
38840	19526
4856	35380
4856	1779
29145	32732
7396	34082
7396	16518
7396	4720
995	6357
33734	36325
33734	28786
20847	40111
20847	4870
20847	33596
25953	16037
20848	32722
20848	4187
20848	14949
20848	14024
20848	29310
20848	13604
32109	29777
32109	30461
32109	24848
32109	13935
7398	32429
7398	31984
13056	13681
13056	27255
13056	4882
13056	31142
11780	35382
11160	37870
11160	21508
11160	24663
11160	6364
33421	394
19620	35621
28847	17607
34064	32325
6770	33245
21191	25862
23697	23284
20850	18024
39175	1171
31119	10876
31119	27921
31119	26823
19621	33417
19621	32447
12735	24311
369	13018
26298	28883
26298	25844
11163	20382
11163	23287
11163	2154
14310	22033
14310	5447
39504	18955
39504	17431
39504	18212
39504	30668
39504	33648
24337	24625
24337	36679
24337	7588
29147	1960
4858	23269
4858	36880
10257	16252
10257	1484
10257	236
10257	30001
10257	17618
10257	3420
10257	36537
10257	3101
10257	4427
10257	10145
10257	19218
35012	40318
6160	23717
4859	39191
4859	6351
4859	35276
33065	26130
33065	18828
33065	35580
33065	11034
33065	12646
33065	21714
33065	19218
33065	40672
26619	8709
16814	2160
40116	27587
40116	4415
34698	6377
6771	19834
11782	34565
11782	24215
16491	29310
30129	33610
16816	26323
10857	12426
15876	9940
31410	30438
31410	27112
31410	13587
31410	30668
31410	16708
7401	1323
6161	1308
6161	31402
6161	10257
6161	38236
6161	29828
6161	16252
6161	4042
6161	35216
6161	863
6161	1484
6161	26803
6161	236
6161	30001
6161	39034
6161	36537
6161	4427
6161	38456
6161	8275
22420	9497
4210	37784
2870	29077
32429	7398
23076	5441
13059	1592
13059	16030
33736	14504
33736	11034
33736	16056
33736	38096
34702	7107
11783	22423
2871	17714
2871	12264
2871	28101
2871	11946
2871	23582
39801	30471
39801	36207
39801	6366
16820	24623
16820	15246
16820	39353
16820	23922
16820	16379
16820	38755
36348	34591
28849	2261
28849	19614
28849	36
28849	6177
28849	25485
28849	11034
33425	24637
33425	34535
23402	18942
23402	33957
23402	293
24988	38223
24988	27829
6465	23704
9290	34611
22121	32160
18672	26636
18672	38731
17112	34985
37599	23077
37599	20532
22424	3890
22424	2474
22424	9504
22424	24221
23704	6465
23704	20413
23704	16041
23704	38724
34068	20926
13697	18671
17417	11032
35727	25317
35727	31809
35727	11174
35727	19834
14638	26474
19627	8561
10863	703
10863	16314
10863	1229
7407	26949
7407	8713
35379	33749
22122	1584
22122	26586
22122	26903
22122	24030
22122	29482
22122	25005
22122	5739
13698	12284
13698	39353
13698	32310
13698	34239
13698	26507
8364	10284
20857	3248
14640	40602
14640	21698
14640	11385
28534	16044
28534	26832
38556	19930
39184	25651
38557	34714
38557	26636
38557	4400
38557	11069
14316	37784
1003	10109
1003	23285
9623	36056
39186	17426
36672	38866
22123	36050
13373	34070
13373	3415
13373	23594
8061	38558
23710	24659
23710	10089
23710	11369
23710	12643
23710	36904
46	32602
33072	33912
33072	10426
33072	25536
33741	32429
33741	17426
1627	37289
1627	3232
1627	30801
1627	20232
1627	7089
1627	7098
1627	22432
1627	6477
1627	4878
1627	10878
1627	33448
1627	11489
1627	35740
1627	17959
34072	23708
34072	36990
34072	36879
21513	22632
1326	3417
11470	25494
11470	9786
11470	18863
35382	18887
2594	2300
2594	11813
2594	17294
30805	5204
8701	14952
8701	7428
8701	31271
37604	19935
37604	4703
37604	7252
37604	6661
37604	25209
37604	37226
38852	37604
21514	12108
5839	17318
27618	5217
35023	26636
35023	16314
35023	36550
35023	39063
15883	13599
25323	20926
34709	6758
2289	11336
11174	25651
11174	32436
11174	4231
11174	33327
25960	7398
12741	3467
17121	14008
17121	25317
15885	24020
15885	35877
15885	6950
15885	11654
15885	17635
26311	23708
26311	34072
26311	4716
26311	15765
8997	21215
8997	34729
8997	8534
8997	11930
8997	6651
8997	17620
8997	19817
8997	33316
8997	38748
35026	17733
22756	2853
22756	13350
22756	39813
13702	38524
13702	1932
13702	27255
13702	3555
13702	33432
13702	6004
13702	23898
13702	2160
9933	26636
15886	30624
26628	28381
32125	30331
22129	711
33077	22272
33077	27144
37301	29827
37301	22000
5844	1777
22763	30474
22763	35865
22763	18550
11179	31812
4543	1586
4543	24002
4543	9003
4543	14956
4543	26800
4543	14487
4543	5716
4543	3774
4543	17331
24665	18034
20864	8997
20864	34729
20864	8534
20864	6651
20864	30023
20864	19817
20864	37188
20864	13270
20864	38748
20864	22038
29156	10259
29156	23094
25328	11474
33747	17109
5551	10578
4545	17116
4545	19930
4545	12747
4545	16037
18366	21790
18366	27900
18366	31818
34712	13338
11181	15560
7750	32097
7750	4733
11794	998
11794	17318
31813	13067
36356	28838
16184	25194
16184	10147
13707	9931
36357	7403
36357	4878
33439	31633
21208	26143
21208	17333
14023	35741
14023	40251
14023	16658
14023	36859
14023	11941
14023	33943
14023	39991
14023	39049
14023	23948
6473	26832
7098	2282
7098	7089
7098	36357
7098	22432
7098	4878
7098	10878
7098	27633
7098	35740
10586	35349
10586	33935
10586	36220
32129	33730
32129	36359
32129	35224
32129	36900
40134	5519
40134	30311
40134	11930
40134	26145
40134	11647
40134	27123
40134	39048
40134	39393
40134	21723
12104	15413
12104	16978
12104	4114
6474	35904
26634	14643
26634	20865
26634	5369
26634	5372
26634	30317
26634	26134
26634	21667
26634	3080
26634	22951
26634	39686
26634	23569
26634	13578
26634	35918
26634	39393
26634	30354
26634	39394
26634	9199
26634	593
26634	11711
29493	32329
38567	13892
38567	23297
28242	12289
1333	5369
1333	19154
1333	11711
10870	29543
7100	14619
10587	24373
10587	34859
10587	35896
10587	3774
18368	37565
11798	30675
11798	5111
11798	17334
28866	29823
28866	2762
24671	38204
24671	18033
24671	31335
3571	10264
3571	20867
25330	39801
25330	30471
25330	36207
24038	17409
13712	28229
13712	36491
13712	6015
13712	23559
13712	40294
13712	3452
13712	39713
13712	271
13712	10479
13712	40669
19935	37604
12106	10103
12106	1224
6477	7403
6477	3232
6477	2282
6477	30801
6477	20232
6477	4878
6477	33448
6477	35740
32131	21490
31818	21790
31818	27900
8709	27253
8709	703
8709	26636
8709	10284
18370	10578
18370	3579
18370	31266
18370	2728
18370	23926
18370	5098
18370	29068
18370	18583
32133	11928
32133	40271
27918	11032
21520	27892
38860	35720
7425	10278
8710	10157
38861	11462
21522	13690
21522	2276
21522	32294
21522	13233
28868	38524
28868	1501
1015	39071
20555	24020
20555	19660
20555	35877
20555	2470
20555	6950
20555	11654
20555	17635
20555	11681
23096	3558
32760	14204
13716	6452
13716	37165
10278	24559
10278	17646
37613	16008
37613	8534
37613	21656
37613	11930
37613	39679
37613	11647
37613	17620
37613	28110
37613	10746
37613	899
37613	33316
37613	38748
37613	11064
37613	22038
3573	15566
3573	38425
4550	23563
29162	14011
31138	1315
31138	11165
31138	5382
31138	17331
31138	19526
26643	22606
17433	16462
17433	34911
27920	37488
23722	27144
18997	14309
34717	8988
34717	25965
34717	18373
34717	26396
34717	35244
34717	1816
34717	15457
5854	34661
5854	2300
15569	8382
15569	392
15569	29310
15569	13604
11488	18640
11488	39786
11488	12900
11488	3068
11488	863
11488	9482
11488	30017
11488	34256
34718	25310
20558	38204
20558	28740
20558	31335
36998	28760
12112	14602
1018	2491
19315	5402
33089	20094
33089	12311
34081	40403
15570	36373
1635	17408
1635	17722
1635	33461
5563	25618
5563	36056
3577	19625
3577	31132
3577	3575
3577	5211
4551	33088
12466	7707
12466	21172
12466	6750
12466	1029
12466	17449
12466	4253
25334	11168
2300	34661
2300	12416
2300	12093
2300	5854
2300	34225
2300	30637
2300	12922
2300	10736
2300	7607
2300	23914
2300	17955
2300	30055
2300	38456
2300	27514
18685	30354
23723	5555
23723	33444
23723	10592
23723	38876
14956	1586
14956	24002
14956	2841
14956	1315
14956	38840
14956	2589
14956	11165
14956	4543
14956	31138
14956	26800
14956	14487
14956	5716
14956	17331
13718	24187
25665	7117
25665	18514
25665	35911
27632	19207
9304	1590
9304	33085
9304	25691
14329	22756
39194	34714
39194	30949
39194	23282
39194	10461
16188	27131
16188	2154
16188	35596
16188	29359
16188	31999
13082	33759
28247	29143
28247	21202
28247	35297
38866	7065
38866	33608
37000	22741
4554	22733
4554	36218
12469	30627
39521	1488
1968	11028
1968	18252
1968	35929
1968	31031
1968	36903
391	31105
391	22118
13083	39177
13083	25963
13083	10097
1969	18522
10286	31809
10286	7092
10286	11623
10286	37185
10286	25211
10286	33327
29168	33957
29168	39712
4884	37886
4884	14943
4884	39512
4884	1966
4884	25003
4884	6941
4884	9157
4884	14194
4884	31660
4884	29072
35395	15430
17137	6439
17137	2891
17137	6485
11492	32763
27922	28534
27922	6473
27922	1970
19943	19330
19943	32155
19943	29722
16517	34344
16517	1234
14031	14307
1970	28534
1970	6473
1970	16044
1970	26832
20569	33255
20569	29033
20569	14813
20569	37451
39198	29362
21825	18510
21825	19154
35397	1607
36366	22630
32139	15099
20245	34685
20245	35023
20245	2132
20245	36550
3911	4231
14330	0
14330	21978
27923	2460
27923	9846
39525	4084
39525	580
18058	24667
12760	22654
16190	24019
16518	28387
16518	25818
16518	22284
16518	4720
16518	3420
16518	39719
26954	19168
5858	11170
5858	16495
5858	12128
5858	9782
5858	34544
5858	27121
5858	28099
5858	18538
5858	11055
5858	11384
75	15207
75	20236
75	391
35039	19320
35039	28785
11194	2251
11194	24807
11194	11334
11194	40280
11194	900
11194	11077
34724	12447
34724	9629
34724	19149
34724	25818
34724	20712
34724	22958
34724	40643
34724	37485
34393	11160
34393	24663
34393	24874
17443	25634
17443	1234
717	17110
26955	23559
26955	21713
26955	40669
33091	14794
33091	19784
23725	10601
3582	34870
25337	33067
25337	4219
25337	24666
25337	27633
25337	13263
35040	28242
35040	1337
35040	12289
17444	15238
17444	6623
17444	36855
17444	22299
15900	10426
15900	919
4886	6781
4886	34714
4886	39194
4886	30949
4238	11445
4238	7403
4238	2282
4238	30801
4238	20232
4238	1627
4238	7089
4238	36357
4238	7098
4238	22432
4238	6477
4238	4878
4238	10878
4238	33448
4238	35740
4238	1644
4238	17959
26956	36009
26956	37175
26956	27499
26956	18884
3253	20218
12761	33596
76	31432
76	12769
76	24174
76	16672
37922	30336
37922	27822
24042	1323
12762	38242
12762	22457
12762	7267
12762	36212
12762	32002
12762	21719
18381	33715
4887	14638
24043	19782
24043	6351
24043	21713
24043	30693
13727	7586
19318	28223
19318	35739
19318	7896
19318	35558
19318	23914
19318	8589
19318	3144
33453	4084
9014	16658
9014	2127
9014	33277
9014	28109
9014	10150
33093	30432
33093	17732
39526	32957
39526	40315
39526	20759
39526	27170
6793	28877
1338	21524
23102	3253
23102	16975
3912	16473
3912	25944
3912	22126
3912	31621
3912	34565
3912	10110
3912	32966
8717	35694
8717	39790
13388	15777
17139	13700
28877	6793
13389	27267
7432	19627
19002	33456
19002	39658
19002	15413
19002	16978
19002	29357
19002	4114
27924	39352
27924	20095
27924	37464
27924	19191
6482	4235
27925	20519
27925	6465
27925	23704
27925	33245
27925	9779
27925	9163
27925	37446
27925	20413
27925	16683
15264	15895
38242	8541
38242	7267
38242	36212
38242	32002
38242	22323
38242	21719
8718	1329
38577	11453
4890	29359
28251	18337
24679	21192
24679	9030
26957	12321
22443	36313
22443	36358
22443	22770
22443	39379
22443	18262
22443	10146
22443	27832
12116	24187
37313	40291
24044	19500
24044	18570
24044	40315
29832	36515
31826	37592
31826	12104
31826	15413
31826	4114
21826	17624
21826	7951
21826	34263
17755	2466
12117	20547
12117	4702
27927	4510
27927	21373
14659	6164
19319	38554
19319	39412
19319	1231
5859	23674
5859	15214
5859	20819
9941	29152
9941	31431
2616	1303
2616	25001
20876	18952
20876	28869
20876	16694
20876	19834
15901	3446
15577	26323
14331	40093
21827	29476
5861	18814
5861	32957
5861	40315
28254	21214
28254	35233
28254	17268
28254	39674
28254	23899
28254	8233
28254	7636
34397	26929
34397	26823
34397	8247
34397	22025
16521	25930
16521	13033
16521	26312
16521	35867
32444	4210
32444	24338
32444	14316
32444	37784
32444	11675
20877	14945
20877	16690
20877	40325
20877	31028
21828	18244
21828	17944
21828	18887
38243	14627
38243	26932
38243	25485
38243	35259
38243	35925
7761	22946
21829	4761
21829	34936
22141	37572
22141	13371
22141	21524
8393	11335
35043	40318
39817	33736
39817	30806
39817	15268
22444	27924
22444	6487
22444	20095
2618	8401
2618	2451
2618	33281
2618	35899
2618	40314
23104	13033
20878	22273
27283	40621
4892	8688
35045	26603
36058	9611
7762	3881
28878	20546
28878	24514
28878	3062
28878	15413
28878	8581
4556	31112
4556	32643
32141	5546
32141	31440
32141	5731
32141	2509
28879	16473
28879	25944
28879	22126
28879	3912
28879	31621
28879	34565
28879	10110
9017	387
9017	15895
28551	10260
6484	35710
6484	28877
25009	10862
7763	39797
22445	16038
22445	19183
38578	33255
38578	31272
3915	1943
33097	23674
33097	15214
33097	28263
33097	6690
6795	32726
6795	33586
6795	20092
6795	27479
6795	31313
13728	28231
37923	40423
37923	3895
37923	42
37923	8706
31453	32131
31453	2311
17447	16314
17447	27795
7435	30116
7435	21648
7435	33606
7435	28109
7435	40289
7435	30028
7435	29376
7435	36254
7435	26854
5569	32105
5569	28696
5569	26808
1026	31384
1026	39526
1026	10614
1026	2377
1026	7253
1026	36849
1026	3413
1026	33607
1026	31299
1026	4768
9942	14851
6485	6439
6485	3554
6485	2891
6485	17137
6485	3472
19321	20719
25339	20382
25339	9792
25339	35596
38579	28869
38579	16694
39201	6760
19005	32782
19005	35242
2619	39789
11497	14809
33098	5369
33098	3744
33098	30311
33098	30317
33098	5699
33098	39679
33098	565
33098	22004
33098	39393
33098	39394
33098	39729
33098	26538
21831	14793
23106	37449
10290	7707
10290	21172
10290	1029
10290	17449
7436	8541
7436	2516
4893	632
4894	2289
4894	19642
4894	11336
16841	21790
15267	16658
15267	18231
15267	10150
15267	29376
15267	1847
39818	16184
39818	25194
20881	39801
20881	30471
20881	25330
20881	29998
20881	36207
39202	1962
39202	16961
39202	8241
39202	36546
39202	32347
12766	1506
30158	16849
30158	29543
30158	24813
30158	2127
30158	33277
30158	28109
30158	24856
30158	10783
21833	23745
21833	18521
21833	870
25670	17036
27284	33957
27284	38438
27284	16070
27284	31701
9308	26380
2896	5372
2896	28413
2896	39048
2896	11711
13729	25936
26652	252
25672	35730
25672	23243
25672	21981
25672	5050
25672	904
24371	8338
2311	21490
2311	32131
32144	20716
32144	10757
9309	1303
8396	15903
8396	40450
8396	551
8396	24813
8396	19479
8396	33277
8396	28109
8396	28776
8396	10150
22778	33596
11498	28109
17141	36882
1029	7707
1029	34043
1029	30127
1029	17449
26333	23261
26333	266
26333	1227
26333	11692
33100	6758
33100	11623
7765	14803
32770	8864
25971	32625
5571	781
5571	39033
5571	29701
3588	12106
3588	10103
16522	37870
16522	6364
16522	16087
32145	14487
32145	21719
20575	26904
20575	10258
20575	21674
20575	18888
11499	12458
11499	7610
12121	16495
26334	20427
9312	28869
9312	258
6487	32077
6487	27924
6487	22444
11195	36010
11195	8877
26335	8264
26335	17956
20576	22398
22143	30620
22143	40251
22143	16658
22143	10710
22143	39664
22143	11941
22143	33943
22143	39991
22143	39049
22143	28776
22143	23948
22143	602
22143	10777
22143	22665
32146	23103
15269	34347
15269	9771
15269	9789
15269	27453
15269	38738
15269	10768
15903	29543
15903	10710
15903	8533
15903	33277
20883	4047
20883	24857
20883	22972
6488	17086
6488	27432
6488	2473
6488	25188
33102	24637
33102	33425
33102	34535
33102	32319
29836	12451
719	25634
719	36666
719	16517
719	24804
719	27137
719	1824
719	36571
719	1234
25972	11946
26958	19315
26958	24049
6489	34042
6489	37878
6489	550
6489	16014
6489	25488
6489	18521
6489	29037
6489	22972
6489	7638
6489	21405
6489	4446
33768	7051
3255	35044
2622	20406
2622	5712
2622	37799
2622	2776
8397	8219
30487	24
30487	21036
30487	22949
30487	28410
30487	17019
39531	18969
39531	20837
39531	11039
39531	2176
6490	7739
6490	11380
32147	17086
32147	27432
32147	2473
32147	25188
24372	24348
24372	18522
24372	35236
8398	37165
8398	11075
39532	9783
39532	37168
39533	19642
22144	2605
22144	30983
22780	26277
22780	40603
29837	39804
4241	27278
37618	36032
37618	39798
37618	40315
6799	20092
6799	11659
6799	39380
6799	12948
6799	40024
30488	16008
30488	34239
30488	17009
2898	6007
20249	24009
20249	32606
20249	11711
29512	26932
29512	11034
29512	11968
29512	31017
27285	7743
27285	20095
29838	13233
32148	3886
32148	26689
32148	1498
32148	29700
32148	20456
40450	1496
3257	31798
3257	33107
3257	4069
20884	30815
20884	16033
20884	27472
20884	17294
8079	36863
8079	34900
8079	19510
8079	35624
16525	13892
37010	3392
37010	10724
37010	2160
37010	2161
37010	26178
37010	12334
6800	7073
6800	39027
6800	11031
6800	16047
31456	551
31456	24813
31456	31981
31456	40639
31456	8577
31456	14536
3590	3195
3590	32722
3590	16804
3590	37897
3590	14949
8725	7373
8725	30317
8725	38713
8725	2768
39204	2474
29173	10258
29173	6489
29173	550
29173	16014
29173	20092
29173	16345
29173	7638
29173	6385
10598	25933
10598	36325
10598	28786
36371	4761
21835	25283
21836	35215
15270	28869
17760	6007
2312	10258
2312	27434
2312	18212
2312	5394
2312	18548
2312	30668
2312	30043
2312	16708
20886	8541
20886	7001
15271	33399
15271	33596
30489	13045
28257	39966
28257	4762
1030	15456
21530	28196
21530	24953
11811	12061
11811	11034
11811	16056
33458	9592
33458	14541
37316	35741
37316	30620
37316	16658
37316	11941
37316	39991
37316	24856
37316	23948
37316	10777
37316	35624
12768	12105
12768	29502
12768	3072
12768	34566
19947	22272
19947	27144
31146	10110
31829	6444
31829	10454
31829	30053
26337	18869
36059	39490
36059	21194
36059	26318
36059	25192
22781	27874
22781	349
22781	18348
15272	18513
15272	23251
15272	9788
15272	20096
1977	36
1977	1669
1977	11034
9644	22750
9644	24341
9644	8994
9644	26636
9644	16037
9644	35903
9644	34572
17449	7707
17449	1921
8400	15101
20887	36039
38870	18211
38870	35558
38870	11029
38870	33313
38870	37221
7767	11181
15905	10835
15905	9621
15905	9000
15905	26632
15905	37309
15905	25516
13394	6742
13394	22977
20250	30668
19657	35877
19657	6950
19657	11654
8401	29788
8401	25946
8401	2618
8401	11498
8401	31456
8401	29543
8401	10710
8401	40263
8401	33277
8401	28109
8401	17927
8401	23918
8401	40639
8401	34899
8401	30047
8401	23955
8401	10783
8726	13701
396	32930
396	20754
31457	35400
19660	24020
19660	20555
19660	6950
19660	11654
7109	33432
7109	7582
7109	20415
7109	2160
5575	20203
5575	6452
5575	23386
5575	37201
5575	10147
32150	15430
9645	17282
27638	40636
27638	32320
27638	24559
27638	36243
14035	18971
14035	16012
14035	23932
14035	25202
14035	1524
14035	33654
20580	31017
20580	10160
5864	26281
5864	7389
5864	29142
5864	6052
27639	39048
27639	29077
27639	14551
23732	4042
1341	7065
1341	31435
1341	2610
1341	33759
1341	6666
37317	31441
37317	21334
37317	9489
37317	14813
37317	34250
37317	4436
38580	1019
34725	26301
34725	15457
33103	361
33103	26939
33103	17285
33103	3435
33103	24582
40451	4761
22451	27892
22451	21520
22451	9316
22451	8867
22451	33328
37620	32722
2313	11018
22783	13072
22783	34870
22783	2133
10887	24871
2902	15537
30163	32411
30163	40447
1979	35349
1979	10586
1979	33935
1979	36220
6187	3593
6187	26142
6187	27479
33460	35361
1342	32009
1342	28776
30164	24993
32447	33417
32447	19621
36372	22601
36372	24835
36372	33977
36372	8272
7438	11352
1031	38232
1031	15744
30494	21208
30494	26143
30494	30356
30494	17333
13732	30210
13732	33255
6188	1952
17451	13907
16531	30302
3919	37917
21839	2111
21839	17649
21839	36906
16197	11179
30496	17725
30496	4211
30496	28870
30496	39353
30496	31972
30496	2773
26656	35715
26656	4881
26656	38242
26656	3392
26656	28077
26656	10087
26656	8541
26656	5699
26656	18232
26656	33930
26656	39976
26656	17623
26656	32328
26656	12956
26656	29056
26656	26838
26656	2516
26656	40328
26656	39729
26656	17334
26656	11711
19948	36635
19948	26962
19948	25202
19948	1524
19948	31030
19948	33654
27640	12458
27640	21054
27640	7268
27640	18254
27640	23922
27640	32328
27640	8579
27640	2516
27640	37505
27640	36576
26657	29474
26657	25170
18063	16033
18063	10736
33107	31798
33107	4069
9025	25281
9025	20821
9025	8244
9025	4436
32772	38832
12123	12424
12123	4720
12123	3420
12123	22958
12123	27804
12123	35925
12123	8580
27287	36321
27287	23393
27287	27609
27287	16252
27287	21656
27287	1484
27287	14524
27287	4427
27287	2773
27287	35616
27287	21401
28882	28869
28882	16694
28882	19834
4246	4854
4246	18033
4247	3756
4247	22284
10600	31958
30820	8364
30820	6991
10601	30951
10601	40318
21533	18263
1343	29827
13398	12757
7111	29786
17144	3254
17144	37628
17144	5372
17144	16008
17144	32299
17144	11930
17144	39679
38872	16358
21224	12755
20891	18946
20891	24804
12771	25622
12771	35704
28561	12956
21534	9012
7112	39145
7112	3195
7112	10232
7112	32722
7112	16804
7112	37897
7112	14949
7112	29310
32773	26263
32773	28247
32773	35297
26342	22734
26342	14930
26342	7896
26342	37444
26342	9503
26342	18868
29843	16728
4563	34859
4563	8233
4563	7636
33108	8528
33108	19178
33108	11034
33108	16056
33108	39703
9646	22769
14039	31299
31834	32432
31834	11179
25979	39027
3258	35358
3258	6444
3258	31829
3258	7271
3258	5071
3258	23305
3258	30053
3258	18271
38874	11780
38874	18244
23112	14347
27642	14008
27642	31431
37929	14004
18065	11034
39535	9781
39535	36844
14667	37175
24049	19315
24049	12608
24049	26142
24049	17275
24049	29380
26962	21076
26962	23932
26962	25202
26962	31030
24376	35586
24377	10880
24377	16356
24377	20108
24377	7613
24377	5737
24377	5104
24377	10162
33109	17419
21840	32331
25345	21648
25345	24813
25345	27779
25345	16023
25345	21044
25345	27475
25345	20724
25345	37466
25345	33313
33463	32442
14668	16331
9028	15436
34401	24991
34401	15437
37319	3593
37319	18521
37319	1814
37319	18869
37319	30043
37319	18889
10890	7087
10890	36516
10890	20729
40150	19300
11813	12416
11813	2594
11813	22786
11813	28082
11813	30637
11813	12922
11813	27472
11813	17294
11813	13280
18389	40450
24051	27797
14041	11490
21225	39193
21225	6007
21225	21077
17454	23103
9030	39148
9030	21192
10604	2861
10604	38718
38876	8995
3593	26612
3593	26337
3593	25161
3593	870
3593	17939
3593	18869
18066	20868
18066	31965
27935	38764
14344	25192
14344	39417
11505	32763
14042	13018
30823	5864
30823	6052
33775	4509
33775	28503
33775	1944
33775	31119
33775	14945
33775	10876
33775	27921
33775	26823
23735	8208
23735	31318
32152	30772
32152	34869
32152	30324
32152	16990
32152	28132
17146	10605
20254	40022
38880	2453
38880	19196
38880	38118
10294	7722
10294	31101
10294	17592
22148	33632
21844	26931
13399	3747
13399	8857
13399	29362
31835	27260
31835	20411
8409	31621
36373	13685
36373	12344
5868	26320
5868	62
5868	40276
5868	14526
5868	21723
5868	11711
3922	3411
19014	20710
19014	6352
19014	39034
19014	27797
19014	10150
19014	33985
1644	3232
1644	30801
1644	20232
1644	1627
1644	7089
1644	36357
1644	7098
1644	22432
1644	6477
1644	4878
1644	10878
1644	33448
1644	35740
12774	12719
12774	27143
12774	40315
405	3224
7772	26314
37930	11786
37930	21203
37930	3779
37930	33333
38881	17113
38881	13068
26345	21219
26345	30999
9316	22451
4565	1228
16202	38532
16202	14197
16202	15159
2906	21990
2906	14226
2906	32013
21536	33947
24383	19479
16535	25279
16535	1592
16535	13345
16535	13682
28263	20819
12478	20867
12478	18871
29518	23704
29518	20413
29518	9817
33777	14643
33777	34239
33777	18559
13400	36360
35412	12321
25981	2293
35754	19902
35754	30438
35754	7755
12129	23722
12129	27144
23117	23309
37015	26145
37015	23569
37015	2516
37015	17654
29178	17711
29178	40427
2907	35918
22786	2594
22786	11813
22786	30637
22786	27472
22786	17294
27645	22739
27645	27294
34093	17430
34093	28077
34093	16056
34093	16378
34093	26173
34093	39721
34093	7653
34093	40672
39210	29317
10608	11753
10608	36962
10608	6758
10608	28850
10608	9485
40456	15456
35053	23261
35053	11692
34095	12424
34095	27804
34095	31311
39211	36325
29846	36358
29846	18262
33781	35383
20896	2861
3926	26812
15586	31431
9320	4761
37017	28502
14347	23112
14347	12664
28888	27795
5870	39151
7117	25665
5232	4761
30825	38719
22150	11034
20256	27579
4253	4399
15913	31388
15913	40111
15913	33596
15913	16335
16844	16052
28265	33596
33468	15427
25988	3874
25988	34054
25988	238
7774	23539
20257	28542
20257	37756
12135	23392
1039	20382
1039	2154
14968	1300
14968	10122
32451	11786
17153	25281
17153	20821
17153	8244
17153	4436
19956	24317
19956	4692
19956	21652
19956	17289
19956	29059
19956	31017
19956	10160
19956	3472
84	16314
84	28085
84	8902
84	19834
14349	33759
14350	23384
14350	6666
1042	25676
1042	26185
1042	35621
13094	24572
37628	23393
37628	26320
37628	17144
16541	12458
16541	27640
16541	7610
24695	40095
24695	21714
6201	703
6201	18672
6201	11623
6201	34216
39834	36056
6497	36849
6497	3413
6497	33607
6497	31299
6497	40325
13098	19275
13098	28776
19345	11767
16849	24813
16849	33277
3603	17961
40463	40318
24698	35013
24698	29998
26358	37604
23431	11018
23431	7283
10613	23077
5585	27590
5585	19473
5585	36849
5585	16690
36702	10273
36702	27921
36702	15412
36702	26823
36702	18559
36702	23934
34107	31130
34107	30300
9653	25283
9653	38733
4918	2460
4918	28784
4918	9846
13414	5066
6212	38204
6212	4375
6212	28740
25029	37870
25029	6364
25029	16087
21231	2460
21231	9846
14357	17306
2339	34662
416	1329
416	15125
35078	14593
35078	35253
37947	1003
39230	35349
39230	21490
39230	33245
39230	33255
39230	23251
16552	18552
2933	22726
2933	23393
2933	25955
2933	34082
2933	16518
2933	17898
2933	29993
2933	28387
2933	25818
2933	19797
2933	4720
2933	27804
2933	35925
2933	15769
2933	22025
2933	37485
2933	39719
4585	26883
29543	33277
29543	28109
38273	40095
38273	21714
13753	12766
13753	38893
13753	14798
13753	1506
29546	9283
40182	9021
40182	11395
33811	14487
33811	21719
20926	6442
20926	10262
20926	25323
20926	34379
20926	22132
20926	13385
20926	8715
20926	26327
20926	38409
20926	33957
20926	31701
20926	32347
20929	29543
24724	14596
24724	17118
24724	5066
40507	35394
20612	10579
20612	40433
20612	14796
20612	33325
20612	18884
28294	33329
7816	16008
7816	34239
7816	11661
7816	17009
4289	38554
4289	21349
4289	39412
4289	1231
15632	25944
15632	28879
15632	31621
15632	34565
15632	32966
19062	16193
13781	7415
4608	33749
29228	2753
39594	16495
39594	15727
39594	4435
8791	10724
21281	6385
14106	11988
15361	16788
15361	17253
15361	39972
15361	20749
27389	39420
29943	3259
7579	21524
7579	34268
19144	28198
19144	36554
19144	1847
28377	13356
22265	20249
22265	39653
22265	3392
22265	26178
22265	12965
22265	11698
36491	40294
4369	29350
4369	2776
4369	613
29305	18528
29305	20146
40600	24240
7581	39193
39948	40625
39948	35899
39948	17927
39948	36568
16653	31130
16653	30300
16653	39954
16653	13583
545	15855
545	10849
545	20411
545	27144
32576	17086
32576	40407
27435	36181
27435	28077
27435	14504
27435	11034
27435	16056
27435	16378
31264	10277
31264	30621
31264	8219
31264	20409
31264	17698
3391	17592
32290	11799
32290	7271
32290	5071
32290	33298
32290	32325
32290	16389
32290	31689
31950	28384
31950	15448
29014	14789
29014	4772
21978	0
18209	29797
18209	25654
18209	18364
12266	6769
12266	32320
12266	19510
16315	21360
9773	6444
8853	13072
36493	17388
36493	2171
36493	11711
11011	3215
11011	3571
11011	18871
11011	11073
26465	5372
26465	11930
26465	39357
26465	39679
26465	22017
4695	8347
4695	1476
4695	30323
4695	34907
4695	16073
21334	21816
21334	28705
21334	1508
21334	8244
21335	39347
21335	20092
21335	31668
21335	6385
21335	4446
18814	40315
19462	26806
19462	30700
7584	35702
7584	5848
27436	361
17256	6164
17256	2147
3739	1797
3739	35911
4044	38557
4044	26636
4044	11069
33916	30474
20080	32136
39953	11799
39953	33298
39953	32325
39953	16389
39953	39081
39010	24373
39010	34859
39658	21691
39658	4114
40606	368
40606	24222
14475	28229
14475	40294
14475	3452
14475	25208
14475	10479
14475	40669
7241	12741
26468	12623
26468	1498
31952	26808
31952	38717
31952	23558
31952	31299
31952	37464
31952	6367
31952	15783
225	30624
30950	26808
30950	23900
26127	24020
36830	5817
34216	703
34216	11623
14792	17265
14792	36519
14792	30348
14792	12662
4379	8398
4379	30960
7894	12908
7894	16693
7894	32974
14181	26291
3743	9902
3743	9482
3743	37444
3743	32013
3743	39732
10082	23608
21339	33718
21339	12602
550	34042
550	12067
550	26325
550	21335
550	20092
550	7638
27440	31992
27440	20434
27440	10131
27440	2164
27440	9823
27440	22040
6003	22726
6003	34082
6003	29993
6003	16690
6003	9180
6003	5737
6003	31028
16012	14035
16012	25202
16012	1524
16012	33654
3747	27571
3747	12458
3747	8857
3747	17614
3747	7610
3747	29362
3747	8579
22926	29014
22269	21475
22269	40111
22269	20847
22269	4870
22269	33596
22269	28739
23880	21
18816	40392
5374	21790
5374	18366
5374	31818
5374	9150
5374	26524
21341	6758
551	29543
6934	29030
6934	28142
17900	2516
18516	24003
18516	12105
3066	33438
3066	6961
9143	62
9143	35577
9143	19502
9143	18559
9143	37469
9143	29712
9143	25561
4049	32633
2727	10254
8533	29543
9779	23704
16016	29357
16016	2489
16016	4114
16016	2182
2460	1960
2460	9846
4381	30983
6007	39193
24521	30802
19466	11135
11637	7630
35226	20092
35226	17275
35226	26833
14482	1318
26474	14638
26474	27432
26474	26122
26474	29659
26474	2473
26474	35571
26474	28109
26474	25188
26474	30028
26474	29719
26474	38121
36833	15241
31617	37878
8861	40022
6633	26806
6633	10438
6633	10450
6633	27808
6633	23926
6633	26180
6633	17955
6633	38760
6633	18583
6633	30700
33924	6758
9479	7743
9479	3843
8208	19597
8208	14336
7590	7660
29022	19826
14796	10579
14796	40433
14796	18884
21344	30311
21344	33601
21344	39393
21344	27490
21344	8579
21344	39394
21344	39729
21344	21723
21344	26538
21344	11711
21344	22078
29314	29305
29314	39725
16325	5808
16325	18348
16325	11786
16325	35029
13224	0
19785	24339
19785	28547
24176	25211
24176	33327
24176	6991
11018	34989
18818	1501
18818	1212
21345	14945
21345	18365
21345	27445
21345	16690
21345	19213
21345	40325
21036	24
21036	8541
21036	22949
21036	7610
21036	18254
21036	32328
21036	29056
21036	26838
21036	17019
21036	2516
21036	37505
16021	17257
16021	24810
16021	29358
39959	35032
39959	11951
34224	22419
34224	38558
12906	3428
12906	10744
6942	12289
6942	15125
31272	29662
24181	9771
24181	9789
24181	27453
24181	37439
24181	38738
24181	10768
36508	14825
36508	6690
9480	8420
5382	14611
5382	11165
5382	18047
5382	28077
5382	11030
5382	11034
5382	31660
5382	16056
5382	39703
5382	37493
5382	19526
5382	11989
36836	33749
27779	25345
34544	19594
39669	11138
39669	26932
39669	16056
39669	16378
39669	31017
19473	39951
19473	29993
19473	36849
19473	13558
19473	16690
19473	37459
19473	10460
19473	40325
19473	31028
15421	30765
15421	9301
15421	33245
15421	29662
15421	6028
30632	20236
30632	30037
30632	33979
19161	40407
19161	26123
19161	5401
19161	29376
19161	36254
19161	29381
34867	2302
34867	31983
37762	9781
11642	23095
37155	17283
37155	32016
35235	25940
35235	23393
35235	17106
35235	21518
35235	34082
35235	28387
35235	3413
35235	4720
35235	10736
35235	15135
35235	35925
35235	15769
35235	31028
35235	25217
37156	17732
25161	39792
25161	38396
25161	20092
25161	28406
25161	39380
25161	3106
3075	37166
3075	31689
6015	40294
5038	24813
5038	8861
5038	16965
5038	36847
5038	1833
3756	13364
3756	9482
3756	22284
3756	19797
3756	4720
3756	27804
26134	30317
26134	22951
26134	39686
26134	9496
26134	39393
26134	39394
26134	9199
36840	33052
36840	20395
7252	37604
23892	3445
36195	40406
34870	10237
34870	3763
34870	12320
34870	7288
32924	5693
32302	35349
32302	19473
32302	6968
9148	29066
23894	35033
23894	3759
23894	3777
23894	27813
23894	14220
23894	10758
23894	29365
6637	15125
6637	10438
6637	6351
6637	20415
6637	20452
21666	9172
28389	1488
26800	24002
26800	10254
26800	4543
22938	30627
8863	23615
37439	9789
37439	27453
37439	10768
6639	51
6639	8561
39356	9611
39356	30952
30637	11813
30637	24527
30637	17294
4063	17086
4063	14638
4063	27432
4063	2473
4063	25188
4063	6367
4063	29719
26803	36321
26803	10257
26803	6161
26803	16252
26803	1484
26803	30001
26803	34256
26803	4427
25165	39025
27113	16014
27113	23952
24527	13549
24527	26142
24527	16033
24527	21687
24527	26827
24527	3115
24527	23932
32592	29030
32592	1200
32592	18863
8544	15456
6640	11799
6640	33298
20397	14936
24187	7755
24187	17939
16026	40315
4065	30474
22280	29827
1182	32301
24528	39193
16027	12719
16027	39526
16027	12774
16027	18814
16027	32957
16027	27143
16027	40315
19476	8051
19476	19161
19476	8895
26804	32016
16972	22728
16972	20819
16972	34273
234	34999
12614	37604
24825	12646
38398	26602
6346	19006
10724	4720
10724	2161
12914	4859
12914	32152
12914	34869
12914	30324
12914	16990
35887	20893
31279	2459
31279	26797
31279	19817
31279	8259
31279	7949
31279	11064
1788	34713
18823	10229
18823	15215
18823	5518
18823	19609
18823	1940
36852	2768
28711	38532
6949	28076
6949	24529
6949	10102
6949	9201
6949	10474
15423	9779
15423	12909
15423	16041
15423	31028
30323	27440
30323	40655
26806	24323
26806	9614
26806	25952
26806	31266
26806	19462
26806	40269
26806	35253
26806	13258
26806	23926
26806	26180
26806	5737
26806	29068
26806	35291
26806	31037
26806	18583
21670	16173
21670	5081
18526	23711
18526	31633
18526	6372
33930	35741
33930	3392
33930	6348
33930	36554
33930	10151
16331	27282
16331	14668
5395	24961
5395	40423
5395	36041
5395	16039
5395	10774
37772	21816
37772	8702
37772	28923
37772	10143
37772	9536
2127	29543
36200	1229
20091	38242
20091	3747
20091	2459
20091	31279
20091	7267
20091	36212
20091	32002
20091	8259
20091	7949
20091	21719
20091	22663
22605	18814
22605	33255
22605	20096
22605	19500
22605	40315
10727	10736
34554	32118
34554	31130
34554	30300
34554	39954
30324	32451
30324	34869
30324	16990
39676	2266
31630	3215
31630	18871
31630	11073
21995	26268
21995	12726
21995	7580
21995	31618
21995	29996
21995	39972
21995	16979
21995	18835
21995	21059
21995	6962
21995	16070
21995	4755
40620	1922
40620	24346
40620	32443
40620	10117
40620	14824
40620	27798
20400	1318
20400	14482
20400	27826
40621	24208
40621	632
17914	19640
17914	26325
17914	24570
560	2176
870	10258
870	1183
870	20092
870	29675
870	10751
870	30043
4069	31798
6952	18833
22284	23366
1186	2473
1186	17288
30001	10257
30001	16252
30001	1484
30001	236
30001	39034
30001	36537
30001	4427
7915	34391
9792	35596
9792	29359
36519	30348
36519	12662
14805	23704
33277	29543
20403	13054
18528	13449
18528	29305
18528	34864
18528	31623
18528	34596
18528	33320
18528	14536
19170	15249
39365	3571
16337	37761
16337	29026
16337	15125
16337	40636
16337	32320
16337	18559
26490	35349
35895	29314
35895	18528
9158	15790
13879	3137
21360	33456
21360	16315
21360	24532
21360	4114
21360	4778
35896	7630
31632	10262
31632	37910
31632	9146
18240	10251
18240	6377
18240	29384
38059	1595
38059	6758
38059	26308
16674	12105
16674	27476
16674	5112
873	3392
873	10710
37166	40292
37166	11958
37166	6974
37166	12665
27462	2109
27462	5090
39680	28223
39680	14022
39680	35739
39680	7896
39680	35558
39680	14811
39680	10736
39680	23914
39680	8589
39680	26192
39680	3144
34558	23616
31285	24835
11646	30443
11646	31005
30642	3874
30642	30311
30642	3752
30642	30317
30642	12928
30642	39393
30642	21723
30642	11711
7260	17599
7260	39355
7260	13578
7260	3108
7260	30354
7260	34259
15736	1595
15736	26308
15736	12469
15736	15098
15736	13860
15736	30627
15736	30354
4391	22728
4391	20819
4391	34273
4071	14803
4071	25535
4071	40650
4071	32013
5400	14180
23558	31952
27122	6372
20406	18658
20406	13072
20406	17133
20406	12320
20406	38754
19797	12424
19797	25818
19797	4720
19797	22958
19797	16053
19797	27804
19797	8580
19797	37485
238	3874
238	34054
238	30311
238	26130
238	30317
238	33601
238	18828
238	39393
238	39394
40275	3189
40275	32118
40275	11015
40275	5044
40275	36880
40275	31701
11349	26931
11349	17419
8866	30624
8866	39732
16676	37578
16676	35603
35251	9500
32599	6758
32599	24199
32599	24202
3089	20529
3089	32323
3089	15768
3089	34259
5402	33297
31637	11799
31637	39976
31637	32325
31637	16389
18529	22726
18529	32404
18529	34082
18529	12894
18529	29993
18529	9482
18529	3413
18529	33607
18529	39034
18529	35925
18529	15769
18529	40325
18529	31028
9163	23704
1797	35911
16035	34874
32600	24644
32600	13018
16036	12266
36205	2726
36205	21029
36205	32932
36205	33971
8555	11494
8555	11019
8555	8255
28720	20382
28720	6030
28720	27131
28720	31999
8867	27892
8867	33328
25174	34258
31289	27817
31289	29732
37446	20519
37446	32110
37446	6465
37446	9779
37446	20413
37446	16683
37446	30041
22294	16321
22294	25530
39682	35943
17281	30311
17281	3752
17281	39393
39032	14014
39032	24999
37448	10450
10735	34344
10735	989
10735	36666
10735	5062
10735	1234
18244	32300
18244	18887
32311	24871
6651	8997
6651	20864
27791	30059
5062	34344
5062	36666
5062	1234
5712	13072
5712	24847
5712	30690
36532	3752
36532	39393
35580	26792
35580	26130
35580	18828
35580	11034
35580	27817
35580	17019
35580	40672
3420	23366
13882	7268
13882	26838
13882	2516
13882	36576
4080	32794
4080	11624
4080	14813
4080	34250
4080	4436
10110	25944
4723	35727
4723	31809
4723	26171
4723	19834
31974	15115
31974	30039
21373	12424
21373	21813
21373	38224
21373	23415
21373	17898
21373	9482
21373	28387
21373	25818
21373	20093
21373	22284
21373	4720
21373	3420
21373	16053
21373	27804
21373	31998
21373	22025
21373	39719
32942	38248
32942	15413
32942	20381
32942	12966
32942	3135
11356	10254
17283	37155
20714	30474
18845	10542
18845	6746
18845	17086
18845	39488
18845	34712
18845	28385
18845	6946
18845	7252
18845	15422
18845	16033
18845	10736
18845	2140
18845	28109
18845	29693
18845	31657
18845	34260
18845	35289
18845	29719
14817	22131
14817	11623
14817	15119
23563	30105
23563	2247
23563	4550
23563	17618
23563	14523
23563	1212
19498	16156
19498	4401
1496	29543
11357	12105
11357	5369
11357	37142
11357	30311
11357	35236
11357	39394
11357	31690
11357	37803
11357	11711
567	20865
567	39198
567	8542
567	4715
567	34240
567	36211
567	19809
567	13578
567	30354
567	34259
567	593
567	22078
37784	4210
37784	24338
37784	14316
37784	11675
30017	34355
30017	12894
30017	3068
30017	9482
30017	37158
30017	14805
30017	39034
30017	7639
30017	39721
30017	40325
30017	31028
30017	17965
16683	33245
16683	9779
16683	9163
8562	17917
8562	7284
8562	23942
8562	36258
16985	1498
11655	36635
11655	27587
11655	38382
11655	16012
11655	868
11655	10736
11655	23914
11655	29683
11655	21076
11655	25202
11655	1524
11655	33654
22004	19940
22004	5369
22004	9139
22004	31608
22004	3744
22004	38712
22004	32308
22004	14812
22004	565
22004	12928
22004	35918
22004	39393
22004	39394
22004	4445
22004	39729
22004	21723
22004	11711
17285	361
17285	26939
17285	7426
17285	21349
17285	24582
248	2451
248	33281
248	40314
32606	22265
32606	33930
32606	873
12303	33260
12303	2773
12303	35616
12303	21401
12303	22339
27471	14647
27471	13098
27471	40251
27471	10710
27471	28109
27471	38078
27471	34260
27471	28776
27471	33985
12305	22284
12305	35925
29679	21648
29679	36847
29679	18549
29679	12639
29679	1833
6658	25001
22619	35608
15437	24991
28109	29543
13245	34344
29340	15457
10448	30781
10448	2458
10448	22270
10448	34221
10448	15727
10448	26184
16991	32097
16991	11777
16991	40292
16991	36573
38078	34675
2745	16660
2745	37441
1201	29362
1201	27490
1201	8579
21684	24344
21684	394
22301	23704
22301	4767
15747	30781
15747	13355
570	8010
10744	12906
10744	3428
29681	31690
9800	4828
2142	36859
2142	32980
4087	14025
4087	9788
36538	4521
19500	16026
19500	20096
19500	18570
19500	40315
24544	24323
24544	25952
24544	27632
24544	31266
24544	19462
24544	35253
24544	13258
24544	23926
24544	29068
571	39175
9497	35741
9497	33930
9497	6348
9497	13568
9497	15135
9497	36554
9497	910
9497	10151
25830	20226
25830	22931
12308	11015
12308	27812
12308	22023
12308	33963
37454	24807
32315	24031
32315	27452
11039	18969
11039	28228
11039	560
14823	25328
23568	34051
23568	6454
23568	10853
23568	28385
23568	19786
23568	6946
23568	7252
23568	37158
23568	236
23568	14805
23568	8228
23568	18845
23568	7606
23568	33297
23568	1518
23568	26180
39987	12451
39987	35565
13247	33063
13247	33456
13247	16315
13247	24532
13247	4114
13247	4778
28112	4745
29685	22424
31981	31456
31981	39351
22008	11461
22008	20546
22008	38094
4090	6452
4090	37165
1508	12081
1508	21816
1508	13558
1508	35584
1508	8244
23279	13067
28744	8061
5071	31689
34245	29543
20720	38387
20720	27143
20720	40315
16691	29706
29689	24351
29689	24177
28416	25485
28416	5382
28416	11034
28416	4733
28416	39721
28416	17965
37180	9290
31984	7398
16692	10251
25519	22626
33949	1329
7930	38396
7930	20092
7930	24537
7930	39380
7930	34250
7930	592
7930	33658
8878	17306
29693	18845
11660	13677
7611	26851
17294	12416
17294	2594
17294	16033
17294	27472
39379	36313
39379	36358
39379	22770
39379	18262
39379	10146
6661	37604
37181	34581
13895	38109
6362	24665
26504	8994
26504	34904
28114	5828
28114	29998
1510	5817
1510	14638
1510	9780
1510	13266
1510	34260
33294	30463
33294	21664
33294	27782
33294	17929
33294	3777
33294	38440
33294	12334
33294	2773
33294	35616
33294	21401
40639	16658
40639	31623
40639	24856
40639	22027
40639	14536
31654	20454
36215	26604
36215	34225
36215	30055
10120	20765
30342	28198
890	39150
890	11927
40294	28229
40294	10479
40294	40024
16052	5158
16052	35867
7614	1234
37461	7375
37461	30016
37461	40315
6035	29543
35916	37449
6364	37870
7615	38210
7615	26797
7615	30317
7615	238
7615	22951
7615	39686
7615	34240
7615	39393
7615	39394
7615	8259
26827	2300
26827	13549
26827	26142
26827	21687
26827	3115
26827	23932
38090	29680
38090	31303
35918	17386
21070	16037
21700	6758
21700	2508
20724	25345
20724	29543
20724	21648
20724	27779
20724	16023
20724	15735
20724	24856
20724	11058
1207	39027
1207	11031
1207	28144
1207	10157
39046	26131
39046	25553
36879	34072
19817	32010
22310	18382
22310	15119
12942	6164
12942	30995
12942	4761
36544	36037
36544	20744
34900	5396
31658	38564
31658	26396
31658	28711
31658	13589
20116	20438
32319	24637
32319	33425
32319	34535
32319	10426
32319	33973
33619	33098
33619	5369
33619	30311
33619	3752
33619	30317
33619	8542
33619	22951
33619	12302
33619	17281
33619	19809
33619	39393
33619	12646
33619	39394
33619	17018
13584	24033
13584	35737
13584	384
13584	2308
13584	29040
14835	12275
14835	36193
14835	8541
14835	26838
14835	2516
27132	26471
27132	21037
27132	11034
36222	28441
22967	15457
18558	13365
18558	22268
18558	1786
18558	35894
18558	17289
18558	9808
18558	36897
32615	20095
32615	33312
32615	18583
32615	30700
39050	38204
39050	18033
39050	19511
39050	31335
13587	32085
13587	25484
13587	603
33297	5402
6973	12424
6973	21518
6973	28387
6973	4720
6973	16053
6973	27804
6973	22025
6973	39409
6973	39719
6973	13284
256	36012
256	34989
24856	29543
24856	40639
11055	19594
22630	40138
29046	1839
29046	17698
5081	16173
17008	28107
3116	8673
3116	32432
3116	6325
3116	35867
3116	34574
38435	27137
38435	16701
38435	4426
34582	38090
8892	35565
33298	39953
7939	9263
7939	7398
7939	32429
40300	32636
6671	27633
10459	4231
10459	12470
10459	34566
37793	11460
37793	36666
37793	6932
37793	10735
37793	5062
37793	13245
37793	39393
37793	1824
37793	28435
37793	36571
29362	39198
5427	17419
23579	8534
23579	21656
23579	26797
23579	11928
23579	8542
23579	39679
23579	28401
23579	7610
23579	37188
23579	31031
23579	22663
23579	14550
36883	22759
18866	21813
26171	4723
26171	19834
37188	16008
37188	8534
37188	21656
37188	11930
37188	39679
37188	11647
37188	27123
37188	17620
37188	28110
37188	10746
37188	19817
37188	899
37188	33316
37188	38748
37188	11064
37188	22038
37473	20440
39705	6976
35598	29777
35598	26468
35598	26196
35598	20456
38738	9789
38738	10768
36885	30474
36885	36550
26172	38185
897	1300
897	10122
897	4769
7287	34997
7287	2133
26518	2310
26518	4761
13906	27144
14520	3571
14520	20867
14520	39365
14520	18871
25844	31388
25844	26298
25844	9300
25844	4700
31313	30945
31313	33586
31313	17275
31313	30668
33629	18856
35924	38822
35924	13368
35924	36244
35602	32133
35602	11928
35602	11028
13908	10712
13908	11646
32325	39953
27489	31633
27489	27144
30035	26921
23929	10237
23929	13072
23929	3582
23929	34870
21076	36635
21076	25202
21076	1524
21076	31030
21076	33654
7942	27818
899	8534
899	17620
899	17922
899	19817
899	37188
899	29056
899	33316
899	13270
899	38748
899	12964
899	11064
899	22038
21077	39193
8577	29543
12646	3874
12646	26130
12646	24825
12646	35580
12646	11034
12646	39393
12646	33325
12646	11711
24861	37762
27140	13914
27140	25857
38740	39193
4745	2263
36230	21076
39708	5378
29701	33749
36231	5808
36231	24807
36231	900
21079	16495
21079	21652
17939	7638
17939	603
17939	34611
35603	37578
21391	32329
32625	25971
32625	238
20120	10754
15771	30624
7630	40084
7630	11483
7630	34859
7630	11637
7630	7611
7630	20112
7630	26851
7630	6997
22316	10736
6369	39412
38099	29543
9823	20434
9823	2164
6676	33068
31316	15862
32957	39526
32957	40315
7946	33260
7946	39353
7946	27782
7946	16993
7946	2773
7946	35616
7946	21401
7946	22339
16389	32290
16389	39953
16389	6640
8580	12424
8580	13364
8580	9629
8580	13539
8580	28387
8580	1179
8580	25818
8580	19797
8580	4720
8580	3420
8580	22958
8580	27804
8580	35925
8580	40643
8580	37485
8580	17328
14527	4545
14527	394
14527	29989
14527	24176
14527	21684
31005	10712
32329	35358
32329	6444
32329	11799
32329	9005
32329	21996
32329	19177
32329	7271
32329	40288
32329	5071
32329	24207
32329	19194
32329	31689
32329	18271
32329	28448
260	3
260	21797
260	27144
27495	29450
1518	23704
1518	14805
1518	33940
1518	16041
1518	20108
1518	7613
1518	19213
1518	40325
35930	26900
37197	16811
37197	14793
37197	13912
37197	32013
30041	37446
30041	16683
30041	19213
11966	608
23299	18057
23299	22158
23299	35295
23299	2784
40308	37271
40308	2126
40308	38724
38102	26323
29055	10277
29055	26808
29055	33639
29055	11711
29056	8534
29056	8541
29056	11930
29056	17620
29056	31679
29056	26838
29056	12964
29056	2516
34588	20136
21709	26323
12649	25859
12649	602
40009	33086
40009	18550
38103	21211
9193	21829
9193	5105
36552	28250
36552	27508
33635	22265
33635	18510
33635	19154
33635	873
29706	8391
29706	32587
29706	30958
29706	23255
29706	11027
29706	16691
29706	33984
5433	13040
33967	29543
23933	1598
23933	29992
23933	7590
23933	12610
23933	7252
23933	10736
23933	2140
23933	28773
23933	20452
23933	7660
17016	2312
18871	3215
31679	36193
31679	8541
31679	39355
31679	7268
31679	32323
31679	32328
31679	29056
31679	26838
31679	22033
31679	2516
11380	5516
11380	9614
11380	14642
11380	6490
11380	3746
11380	22595
11380	2474
11380	16356
11380	20108
11380	24221
11380	5737
36238	29543
24561	15130
24561	33327
26838	2516
25538	26167
7635	23711
7635	37773
7635	31633
7635	6372
15449	17623
15449	17331
15449	19526
26524	18366
26524	31818
32636	6644
32636	40300
25540	22619
25540	35608
32007	21524
20442	11018
4106	24514
4106	9161
4106	23911
4106	29359
4106	9818
4106	8582
4106	30692
4106	40667
25852	12721
25852	3557
25852	40303
32009	40251
32009	10710
32009	28776
28138	11034
20743	37604
9521	11446
6054	40649
15780	1476
15780	34907
15780	16073
9196	11647
9196	565
9196	7949
12965	36321
12965	27609
12965	39653
12965	3392
12965	32579
12965	33934
12965	12334
12965	6987
31010	14831
32010	2459
32010	11930
32010	26145
32010	4715
32010	8259
32010	7949
32010	12964
269	40022
29709	31396
29709	4121
1220	19930
1220	25659
1220	15891
1220	16037
18875	22931
12966	3135
11976	32347
21714	19218
11683	39954
11683	38067
11683	33957
11683	38438
11683	31701
33318	5378
29710	26275
29710	2453
29710	30356
11064	32010
18878	3872
7297	40138
7297	21706
7297	12666
21090	18960
21090	13702
21090	23429
591	14350
591	6666
40016	32290
36556	3205
23597	37763
1222	38185
1222	26172
1222	39709
30050	38866
30050	9801
40315	24044
40315	18814
40315	34537
40315	24190
40315	20096
40315	38719
40315	30016
40315	11041
40315	32957
40315	27143
40315	18570
39717	6983
39717	29376
34263	38726
34263	17624
34263	7943
34263	7951
34263	20754
28772	26339
28772	12900
28772	3068
28772	7252
28772	33607
28772	37459
28772	26823
28772	10460
17019	11459
17019	21036
28773	6746
28773	39488
28773	28230
28773	5854
28773	7590
28773	28385
28773	7252
28773	7264
28773	8228
28773	2140
28773	18845
28773	15135
28773	7606
28773	11375
28773	5750
2171	17388
2171	5369
2171	36493
2171	30317
2171	39393
2171	39394
2171	21723
19207	15231
19207	29992
19207	5098
13274	24049
32966	16473
32966	31621
32966	34565
24865	12721
24865	3557
24865	13547
24865	40619
24865	40303
24865	26851
14850	14936
14850	20397
4430	10447
4430	31689
13276	12301
13276	9528
5740	8537
5740	39713
17318	30758
17318	4833
27503	39713
37491	30474
37491	20694
22648	6165
22648	22328
20132	10228
20132	30465
20132	29305
20132	33245
20132	20146
23305	29778
23305	31829
23305	19177
23305	7271
23305	40288
23305	10454
23305	30053
23305	18271
25543	4525
25543	25961
25543	4114
31016	26325
31016	550
31016	25867
4435	16495
4435	11803
4435	15727
4435	16400
12336	5206
12336	28566
12336	26128
12336	35233
12336	10738
12336	15747
12336	40296
39718	28109
39718	24553
39718	31334
39718	36568
31689	11799
31689	20378
31689	3075
31689	6640
31689	10447
31689	7271
31689	5071
31689	33298
31689	4430
17645	3196
29065	11770
29065	24653
28147	10278
16397	35621
32340	31112
31690	17649
31690	37803
17646	10278
17646	24684
17646	24559
17646	28147
11384	19594
32967	6165
20748	21660
20748	32310
20748	39060
20748	17037
21399	6693
1525	18884
19211	3572
19211	28385
19211	7252
19211	9156
19211	7264
19211	8228
19211	2140
19213	18365
19213	21345
19213	33940
19213	20108
19213	7613
19213	5737
19213	40325
28149	383
28149	38400
40655	8347
40655	1476
40655	30323
40655	39975
40655	20434
40655	34907
40655	16073
4436	31441
4436	20096
4436	14813
4436	4080
4436	34250
17024	37796
21400	5571
4763	14509
4763	33646
24572	13094
28436	17714
28436	12264
28436	27116
28436	28101
28436	11946
28436	38726
28436	5075
28436	27817
4764	35715
4764	12105
4764	14827
4764	31690
4764	37803
11980	33957
11980	39712
11980	31701
12973	36517
12973	14199
35943	39682
11073	3215
26845	18552
13926	35558
13926	22014
13926	37207
5104	25215
5105	21829
9205	905
21718	32118
21718	851
28156	21652
28156	14498
28156	36873
28156	29368
37217	18047
37217	30621
37217	28077
37217	11030
37217	14504
37217	11034
37217	31660
37217	16056
37217	16378
37217	39721
37217	29072
2514	14611
2514	8528
2514	5382
2514	19178
2514	14504
2514	11034
2514	31660
2514	16056
2514	16378
2514	39721
2514	29072
23604	8918
10473	11930
10473	11064
31328	38242
31328	22457
31328	7267
31328	36212
31328	32002
31328	21719
30689	16706
16082	19206
10151	33930
34267	38447
34267	25871
32649	25856
32649	24240
23606	12922
23606	34260
33649	14291
33649	14922
33649	20236
33649	11680
30056	886
32345	39659
32345	23911
32345	8582
32345	30692
32345	40667
32345	3475
27162	20218
17028	34324
17028	40252
17028	28387
17028	24529
17028	236
17028	4720
17028	20429
17028	1212
17028	22025
17028	12648
17028	39719
27507	37604
15787	29040
22332	35033
14232	12459
14232	39397
14232	2765
14232	32968
9531	9593
9531	32581
9531	39973
9531	10117
9531	6050
9531	37863
2516	5519
2516	8541
2516	11930
2516	7268
2516	3777
2516	14835
2516	32323
2516	32328
2516	26838
38456	31402
38456	2300
38456	236
38456	39034
38456	14530
38456	8275
25215	10880
25215	39027
25215	11031
25215	40641
25215	5104
10477	28698
10477	2477
11077	5808
11077	18348
11077	35029
11077	24807
11077	16325
11077	40280
11077	900
6995	27618
23952	16014
23952	27113
23952	27826
3135	31779
3135	20381
3135	12966
22036	23415
22036	35925
39723	28095
18579	6794
32650	26519
24246	37604
24246	14649
24246	3908
24246	25504
24246	29033
24246	12636
24246	10450
24246	3776
24246	27507
24246	39732
20138	33413
1229	35023
603	32085
603	12644
20759	19297
20759	39526
20759	9788
20759	33935
20759	6968
20759	36220
20759	32957
22659	5044
22659	38067
22659	36880
11698	27609
11698	3392
11698	30675
11698	12965
11698	12334
11698	6987
38118	6781
38118	19196
35948	30954
35948	38423
35948	38090
35948	15461
35948	25869
11699	36966
11699	21652
11699	23914
11699	31299
39076	32118
39076	11015
39076	5044
39076	22023
39077	17726
39077	6013
17332	19324
17332	28385
17332	36527
17332	40301
17332	5098
17332	16071
17332	26193
17332	18583
39725	29305
39725	34596
21411	30311
21411	39048
32652	25821
32652	18871
32652	23307
10776	17956
40328	19605
40328	35715
40328	28077
40328	24814
40328	17623
40328	11711
11988	24857
22660	26636
34924	21178
34924	6165
29724	2583
29724	14642
29724	37444
29724	20108
29724	7613
29724	5737
38760	12416
38760	39353
38760	28721
38760	12922
38760	14204
38760	13575
38760	27808
4769	1300
4769	14968
4769	10122
4769	897
22337	39343
6386	21652
6386	6054
14237	31119
27832	36358
27832	12922
27832	38078
27832	39379
27832	18262
31703	14647
31703	6474
31703	30620
31703	40251
31703	16658
31703	11941
31703	35904
31703	20136
31703	10777
286	24952
6690	23674
3139	38090
32348	19594
28441	5868
28441	39014
28441	40276
28441	22017
28441	14526
28441	37803
8918	23604
29082	15895
29082	19317
29082	11934
29082	39424
9845	29477
9845	19940
9845	16008
9845	3744
9845	21660
9845	23894
9845	4395
9845	15139
9845	39048
9845	2494
9845	27813
9845	14220
9845	10758
9845	29365
3795	6644
3795	40300
12666	40252
12666	7297
39727	24309
39727	5192
39727	20249
39727	33930
39727	6348
39727	30675
39727	12956
39727	36554
39727	5111
14550	21656
14550	11928
14550	8542
14550	11028
14550	33294
14550	38440
14550	21401
14550	31031
14550	11711
25866	39193
25866	21077
32975	11343
4118	36532
4119	35023
22664	38852
22664	25323
22664	19935
22664	20926
22664	37226
7653	34859
7653	11356
7653	5441
7653	40672
40022	40407
40022	13386
40022	21648
40022	24813
40022	21038
40022	886
40022	27475
40022	37466
40022	33313
40022	17649
40022	10150
40022	29376
40022	33985
14239	3413
14239	36220
13607	21508
13607	4397
39080	26815
608	11966
14551	30474
14551	18871
24879	4768
609	7731
609	40423
609	42
609	36041
609	5395
609	10774
37505	2516
7654	1003
7654	22760
7654	10109
7654	23285
39420	14328
19531	13722
34273	15214
34273	20819
34273	33097
34273	28263
34273	6690
22038	37613
22038	37188
8275	31402
8275	10257
8275	6161
8275	29828
8275	26803
8275	236
8275	30001
8275	39034
8275	38456
33654	18971
33654	14035
33654	31311
33654	23932
33654	25202
33654	1524
33654	2776
24251	37200
35952	6164
16406	15855
40336	24031
40336	18871
5752	26808
5752	25560
14553	30210
27170	32957
27170	40315
10491	11962
18583	30700
7003	27813
7003	10466
7003	8588
7003	9845
7003	21726
38463	9933
22040	1508
22040	20434
22040	2164
22040	9823
22040	40325
40667	9161
40667	23911
40667	8582
9846	1960
9846	27923
9846	2460
14556	3193
10783	16849
10783	16658
10783	24813
10783	33277
28448	32329
27515	1909
27515	6436
27515	3909
27515	6367
27515	14524
27515	35929
2182	23678
2182	16016
2182	16986
2182	29357
2182	2489
2182	4114
22988	8998
19218	4427
19218	21714
35953	16508
35953	23940
20146	29305
20146	24856
20146	34596
20146	33320
24582	361
24582	17285
19536	31617
25561	35577
25561	37469
40672	7653
37226	37604
25562	32770
13935	32109
13935	24848
13935	25852
30700	31266
30700	6946
30700	26806
30700	26180
30700	18583
7660	5854
7660	7590
7660	28385
7660	6946
7660	15422
7660	8228
7660	2140
7660	18845
7660	15135
7660	11375
7660	23933
17967	394
17967	19206
4126	28869
4126	24532
4126	4114
28164	16509
28164	20567
28164	37449
24590	20225
24590	19629
31732	361
31732	26939
31732	17285
31732	3435
31732	24582
21771	39027
21771	11031
21771	40641
21771	25215
