7708	30145
34659	6127
1583	30983
23045	2277
23045	27483
34660	6819
34660	15726
675	21088
5800	34992
23365	15557
23365	25985
14917	36550
32400	7794
24002	11809
28502	31960
6438	26266
6438	22750
6438	39179
6438	8994
6438	34713
6438	36060
6438	34904
6438	4761
6438	24240
7368	10856
30106	36334
30106	8379
30106	19942
30106	11678
30106	28148
30106	37806
19902	11829
39149	1592
39149	13345
13988	1950
13988	34727
13988	29031
13335	33983
970	28546
30432	8331
6440	21790
6440	27900
6440	29813
6440	18366
6440	31818
6440	26524
30766	28097
30766	29040
30766	39377
8331	2266
8331	17732
8331	38558
12715	35046
29451	33739
18334	12286
18334	37175
10832	18557
31089	25363
31384	25363
8661	17117
16471	9311
37575	21658
20512	39179
20207	1501
17707	7639
34992	7377
34992	13687
34992	9621
34992	9000
34992	37309
34992	2477
34992	25516
39153	35215
39153	1227
3872	31474
6127	16150
22099	20229
22099	10447
22099	7271
22099	5071
22099	30053
23056	22119
23056	7742
10564	28248
10564	32206
22102	6781
22102	32640
33723	17422
27888	27875
27888	37589
27888	37785
6754	9634
6754	11035
15862	26945
39490	30380
1602	27263
1602	28535
1602	27617
1602	39388
8347	9954
8347	37498
35001	22276
35001	15749
1605	36019
1605	9634
1605	11035
27594	362
27594	24207
27594	32329
27594	18271
27594	35957
1310	29477
1310	35033
1310	13580
1310	18858
13348	25617
13348	5083
15866	15851
15866	25943
15866	2301
7071	8699
37894	32126
11142	2300
11142	12922
11142	27514
30123	15236
4192	2177
40101	36032
40101	39798
1941	10876
1941	27921
1941	30200
1941	36849
1941	26823
1941	13904
1941	40325
4195	34749
4195	26183
25299	3392
25299	10710
7075	8349
7075	3215
7075	24031
7075	3571
7075	28869
7075	11011
7075	18871
7075	11073
16805	5238
12080	4175
12080	8709
30793	3785
10572	37883
10572	5073
10572	13589
10572	15159
25637	6217
22110	25363
40407	17422
37285	17422
18347	15457
29140	23709
26923	27888
15545	17104
37899	18656
37899	29016
37899	22279
37899	30065
32107	28263
32107	5371
23071	27892
23071	21520
23071	22451
23071	9316
23071	33328
35372	25642
10854	18557
25952	25372
25952	39079
24649	40445
16169	22108
10254	28546
25642	10259
25642	23094
25642	7765
25642	14803
38840	400
38840	16210
4856	7247
7396	20260
18351	24
18351	26320
18351	8541
18351	16993
18351	31679
18351	26838
18351	16081
18351	2516
24983	3571
24983	14520
24983	18871
31	25363
34063	9518
6158	28078
6158	15152
18666	38561
18666	30474
18666	10286
18666	18218
18666	19834
24651	14328
11160	1217
10856	13362
10856	27267
10856	32446
10856	6330
23697	7437
16813	23708
16813	34072
16813	36990
16813	26804
16813	36879
16813	32016
26298	34396
35010	17422
35375	4042
35375	33980
7399	2177
33065	36993
33065	6217
8685	28850
8685	27621
8685	13705
26299	36635
26299	40095
26299	16033
35016	23056
35016	22119
35016	7742
35016	23544
35016	33631
16492	22594
17728	9500
39179	7891
15236	18940
15236	20521
15236	18522
15236	9788
23403	9772
15557	23365
8693	29140
5542	32414
5542	19644
5542	2110
5542	24172
17422	30116
17422	15253
17422	4583
17422	24813
17422	8861
17422	23904
17422	40289
17422	17649
23709	29140
15881	36358
15881	39379
15881	18262
15881	10146
35381	12277
35381	10426
2879	29850
2879	12142
2879	6211
2594	6500
2594	7922
26310	15752
25324	26945
29813	21790
29813	31818
29813	26524
12742	30380
27621	3191
27621	34070
27621	44
27621	13373
27621	31431
27621	35032
27621	57
27621	30474
27621	9485
27621	3415
13705	8685
13705	37224
30139	3563
30139	33759
30139	15430
22762	35571
22762	29719
5848	17422
4543	11809
20550	3895
20550	42
24353	11479
36359	26945
708	26626
708	16348
708	17658
35390	971
35390	10853
35390	38844
35390	38578
32129	33739
26945	25324
26945	1180
26945	31316
26945	38110
2886	11794
2886	9311
2886	21361
28546	10254
28546	21048
28546	37786
28546	38088
28546	5441
28546	4440
36993	700
36993	17430
36993	6217
36993	26130
36993	18828
36993	11034
36993	4733
36993	5075
36993	26173
36993	27817
36993	40672
24039	19629
5209	19939
36995	40622
39190	24573
7426	36504
38862	14011
38862	7407
38862	8713
37613	22482
37613	30308
37613	3409
37613	19167
22135	19184
5854	26502
25333	33776
25333	23742
1017	33739
37307	14328
37307	34859
33758	25651
3576	36181
3576	14504
3576	16056
3576	28164
19939	5209
19939	29727
37309	34992
35396	38093
11806	18677
11806	22028
19944	1976
32764	11335
27923	25021
18378	17288
18378	39714
24678	36326
24678	33759
24678	15099
24678	29378
13387	36349
13387	36361
5858	25677
75	36993
16519	4544
16519	23090
16519	27919
23418	23115
30153	39061
15900	15596
4238	31473
18688	8701
18688	7428
24368	35383
24368	9320
24368	17592
24368	37175
2615	34371
33093	8331
27925	7106
19003	10593
19003	32643
19003	13609
25338	39175
7106	20519
7106	27925
7106	9779
7106	20413
7106	16683
3913	9267
34396	26298
4891	4912
4891	4443
33454	30624
39527	2137
39527	5098
31826	22277
28252	5549
28252	16979
28252	38072
9016	22272
9016	27144
5859	35046
14033	4904
2617	17726
2617	6013
2618	25363
15902	2187
19004	36635
19004	27587
19004	4550
19004	38382
19004	16012
19004	17282
19004	3420
19004	11655
19004	36230
19004	25202
19004	33654
7762	35618
28878	6819
4556	18699
4556	11214
4556	5390
4556	34908
1339	6758
1339	18030
1339	10754
1339	23587
35046	29776
35046	23674
28552	35577
28552	37469
28552	25561
4557	11194
4557	24807
4557	28118
7435	17422
18383	11160
18383	4397
18383	1217
18383	8264
12471	27163
30155	19904
30155	34704
30155	10284
30155	36550
1026	21864
35745	27509
6486	32750
33098	14214
21832	13682
2620	14793
2620	34874
2620	39972
2620	18544
2620	13251
2620	13912
2620	4755
22447	2252
22447	11786
32142	4
32142	6793
32142	28877
32142	6484
11809	1586
11809	24002
11809	11165
11809	4543
11809	9003
11809	34859
11809	12894
11809	9482
11809	14487
11809	5716
11809	3774
11809	18556
11809	31028
20880	30443
20880	38043
20880	28784
16841	6440
30158	16209
30158	15150
21220	40407
21220	40641
25340	13035
25340	33088
29172	21208
29172	15285
29172	8787
29172	7502
29172	35580
29172	254
29172	32625
29172	21719
18690	38204
23419	27144
14663	6164
24682	6690
7765	25642
32446	27267
6798	27144
10596	4394
38244	6164
10883	10277
10883	8219
10883	20409
33101	8074
33101	16400
5862	362
8078	17714
8078	35715
8078	3392
8078	26797
8078	6348
8078	565
8078	17623
8078	17943
8078	31322
8078	40328
8078	39729
8078	11711
22779	39731
39819	26954
39819	19168
8721	33421
19656	35720
19656	8994
11500	31388
11500	33399
11500	40111
11500	33596
11500	11062
38869	2879
25972	6217
22780	18557
27285	1941
27285	25708
27285	614
3257	17104
3257	34087
31456	24056
31456	14054
4244	24176
10598	24388
12473	970
12473	1651
12473	20376
12473	38435
12473	20130
12473	22338
2312	7302
36059	30380
22449	23418
22449	31460
22449	23115
9644	39179
9644	36060
19325	15522
19325	31112
19325	29362
1642	30061
24048	17753
35048	32952
23729	15099
8402	3795
24375	19587
32149	30020
32149	15156
32149	11390
14338	31383
14338	27237
14338	32425
14338	18666
14338	703
14338	6165
14338	35727
14338	31809
14338	21819
14338	26636
14338	711
14338	30474
14338	10284
14338	10286
14338	11623
14338	33916
14338	24176
14338	30631
14338	15119
14338	23271
14338	4723
14338	30669
14338	19834
14338	25211
14338	14551
28258	37910
28258	34379
28258	33312
28258	18583
14963	35361
14963	29474
34398	8660
34398	22138
5574	4761
15907	31272
14339	19309
27638	39053
13731	36338
13731	26325
13731	31016
13731	11988
13731	25867
16530	22728
16530	7710
16530	33099
16530	12767
16530	28263
16530	36508
16530	4391
16530	23284
16530	6690
16530	34273
21532	34713
21532	4761
35747	36060
7437	23697
7437	23284
26959	3200
37011	15279
37011	36182
37012	29499
37012	38412
37012	4393
37012	8893
30162	20808
30162	30779
30162	1328
23732	30515
9945	22438
1341	24063
26340	19206
22451	23071
22782	15557
7110	32414
7110	40640
21837	7929
29174	29452
29174	14611
29174	28077
29174	5382
29174	11034
29174	31660
29174	16378
29174	11989
36060	32432
36060	8994
36060	17592
36060	11053
36060	4761
36060	15457
37621	12105
37621	29665
33460	19034
721	24874
4901	11015
4901	39076
6494	27144
6494	22644
31458	16314
31458	23261
9023	36373
9023	31272
10292	18676
15580	10262
15580	27291
15580	8872
30495	39802
30495	23278
1032	31272
16197	36060
28880	32131
28880	11660
30165	33312
5226	35236
5226	30020
26656	8078
19948	17471
15277	4761
15277	5105
15277	34936
20581	12112
32448	34344
32448	36666
32448	7762
25012	19475
25012	15125
25012	13252
34728	11461
34728	20546
34728	22008
34728	38094
22784	3446
17144	18351
17144	11546
18386	4114
18386	4778
39823	14328
39206	6189
39206	33255
39206	18555
6189	33255
6189	18555
78	20508
78	19309
78	14339
37013	19904
37013	31458
37013	4691
37013	23261
37013	36550
1344	3224
18064	18020
31834	36060
20582	31458
20582	7237
20582	9776
20582	40329
10888	20819
10888	23284
400	2841
400	6132
400	33415
400	3890
400	38840
400	2474
400	24221
400	37493
14040	17288
14040	40024
17764	9786
22454	10295
22454	28889
22454	10115
29513	18952
29513	26636
29513	19206
29513	16082
9947	25310
25345	17422
9315	21482
9315	367
9315	33422
9315	17733
33464	21826
33464	7910
33464	34263
5578	11758
5578	14328
7770	16012
7770	16053
7770	25202
7770	7297
7770	33654
37319	37629
40149	30951
34091	22001
35408	33049
35408	24323
35408	25952
35408	31266
35408	19462
35408	23926
35408	26180
35408	29068
35408	31037
33772	0
33772	14330
33772	20907
33772	21978
18388	14639
18388	35032
18388	35737
6190	3875
6190	31441
6190	11624
6190	14813
6190	4080
38584	27587
38584	40116
38584	4415
12125	7925
403	28869
403	24815
403	16694
15279	37011
19950	9284
29176	3189
29176	14936
29176	32118
29176	11015
29176	2457
29176	20397
29176	23269
29176	12308
29176	9810
29176	10142
29176	31701
29176	39076
9948	15213
9948	10257
9948	16252
9948	2109
9948	863
9948	26803
9948	30001
9948	36537
9948	30040
9948	4427
9948	34915
9948	10145
12126	7592
15584	16844
15584	21700
9949	7398
9949	32429
9949	31433
39209	15728
39209	36527
39209	39690
39209	26193
39209	17332
80	20883
80	39672
80	18833
80	21400
23114	19144
23114	22014
21842	33410
724	12055
724	10849
724	20411
724	30655
724	16374
724	27144
724	3798
33110	25964
33110	31640
33774	9940
18066	31458
18066	34921
38878	13051
38878	7755
38878	11667
38878	38753
27935	36993
5867	30624
15910	11799
15910	10447
15910	7271
15910	4430
31149	3877
31149	40669
26344	22173
34730	23364
34730	18985
25015	11058
21843	5382
21843	11034
21843	16056
3921	3253
3921	27162
3921	30061
1346	13369
1346	37156
16200	40088
16200	4833
16200	10865
16200	5839
16200	17318
28884	35591
28884	21708
12477	23932
12477	33654
2315	16160
2315	12952
2315	33307
23115	11194
23115	23418
23115	38259
23115	24807
23115	224
23115	36231
23115	7953
17766	17617
14345	13568
14345	3769
2316	25284
2316	38524
2316	3555
2316	23704
2316	28385
2316	6946
2316	7252
2316	15422
2316	37158
2316	14805
2316	20413
2316	18845
2316	7606
2316	23568
2316	2161
2316	27812
36064	10484
20255	37623
15280	36316
15280	32746
15280	5062
35409	35016
35409	7742
35409	23544
35409	20702
35409	27142
35409	33631
19331	16800
19331	24689
19331	5369
19331	34859
19331	18512
19331	12273
19331	28714
19331	35896
19331	20406
19331	11356
19331	7630
19331	39394
19331	24303
1035	18355
25350	15268
17455	34859
17455	18512
17455	11032
17455	11356
17455	21384
39536	703
39536	6165
39536	11174
39536	28869
39536	19649
39536	10284
39536	16314
39536	35903
39536	36550
39536	4761
27643	34082
27643	16518
27643	28387
3923	39183
3923	5843
3923	25965
3923	37756
3923	6359
6194	17725
6194	16495
6194	16030
6194	31972
6194	266
35411	29150
35411	26638
33776	25333
2904	13072
2904	34870
16201	12922
16201	10736
8085	6175
32153	31314
32153	4439
31836	32347
19332	10833
9316	23071
11814	2300
11814	30637
11814	3413
11814	12922
11814	33607
11814	14204
11814	31299
11814	38751
11814	13280
5869	19626
24381	31130
24381	16653
24381	30300
24381	39954
24381	13583
37623	11770
37623	24653
37623	20255
24382	17010
2623	39658
2623	4114
38588	32911
38588	33255
38588	30999
16535	39149
35052	40625
35052	1847
4566	8208
10893	33325
3595	9846
38251	8349
38251	20867
38251	30474
38251	18871
25982	22619
25982	35608
24689	40163
24689	39559
24689	14514
24689	5441
8410	36060
36693	1974
36693	33916
36693	15119
36693	14551
23424	1003
23424	10109
23424	11034
23424	23285
23424	7654
33111	34688
38883	20709
38883	29682
21537	4905
21537	12131
21537	21088
26965	12900
26965	7639
3925	6195
30168	22977
33779	29344
35755	37604
35755	38852
35755	19935
35755	7252
35755	22664
35413	24623
35413	23922
35413	16379
35413	38755
16842	16984
12775	5205
12775	14328
12775	36894
2319	6964
10296	36327
10296	37761
10296	35577
10296	610
25351	17112
25351	12657
14967	6758
29519	11181
12777	36532
12777	35580
12777	35592
12777	17019
18070	20864
18070	16008
18070	8534
18070	11930
18070	17620
18070	10746
18070	37188
18070	899
18070	8259
18070	33316
18070	38748
1347	35382
1347	15792
21845	13738
21845	27137
21845	20130
10608	8685
19015	37165
19015	31658
25679	1312
25679	33245
25679	18236
40457	33251
20895	36056
8411	1786
8411	17289
30169	29477
30169	17144
30169	5868
30169	5884
30169	7916
30169	39679
30169	3428
30169	7949
30169	8588
2624	9000
2908	4397
26661	36019
26661	9634
26661	11035
17770	19279
17770	20091
7114	18981
7114	35023
7114	31816
7114	8709
25984	24993
19017	33453
19017	30314
19017	20389
19017	22011
19017	37190
7116	23253
18071	11946
18071	11034
28264	21403
28886	16842
28886	40252
28886	28387
28886	24529
28886	4720
28886	22025
28886	12648
28886	16717
28886	17028
4905	675
4905	25334
4905	21088
15912	10849
2625	31429
2625	38118
9034	24312
9034	33052
9034	20395
9034	27171
28887	18370
28887	3579
28887	28258
28887	2136
28887	32615
28887	33312
28887	5098
28887	17332
28887	18583
28887	30700
13402	21475
13402	31388
13402	33399
13402	40111
13402	16537
13402	14348
13402	33596
13402	32607
13402	37199
13402	11062
10895	28085
29520	18697
4568	18020
4568	25333
29521	286
12131	23403
12131	9772
12131	549
12131	37794
39538	11664
29179	20753
19953	19904
19953	10255
19953	25317
19953	30155
19953	29989
19953	28085
19953	36550
19953	6991
40154	24351
23118	38223
25985	15557
29847	8975
29847	13365
29847	22268
29847	1786
29847	17289
29847	9808
29847	18558
29847	36897
11507	16177
11507	29330
11507	16680
11507	27144
25986	32969
12132	6197
4907	33245
4907	18212
4907	5060
4907	35578
4907	38457
31464	24874
28889	10295
16203	11034
16203	16378
16203	39721
25353	11034
15587	4375
40156	32422
40156	33735
40156	16828
40156	17257
40156	24810
40156	23940
29180	9161
29180	23911
29180	8582
16537	21475
16537	11062
26348	34859
19018	29459
19018	11034
19018	26173
35055	8705
35055	26168
3260	29727
22788	5433
22788	20197
39826	16169
39826	30481
35756	21405
25681	5523
38253	15529
38253	38524
38253	28868
38253	9211
38253	31037
36065	16011
24054	33940
9954	30323
9954	8244
33783	40315
30826	36366
30826	22630
2322	15848
2322	36860
38885	976
35757	12456
6197	12132
6197	16037
25988	18351
2323	20913
2323	20197
38254	33606
38254	28109
18393	1958
18393	37000
18393	24227
7775	9776
30497	15895
30497	11934
30497	29082
30497	39424
9955	27144
11509	20092
9649	5721
12480	1490
18695	26167
29849	27144
29849	11997
24386	32770
24386	4372
24386	27452
17152	6931
17152	37458
35056	35236
35056	30020
35056	17626
20898	38564
20898	26319
20898	15159
5235	13089
5235	31961
5235	37806
39539	29775
39539	15845
19662	16080
32156	37578
32156	22759
32156	22438
32156	34219
32156	35603
4909	1524
37321	11359
35057	3563
25683	3874
25683	30311
25683	35918
39213	20381
18696	20508
18696	32422
18696	33735
18696	16828
18696	31283
18696	23940
13404	38423
1348	32129
1348	2148
1348	33623
11202	28092
11202	23261
11202	266
25354	5852
24692	31614
13092	703
13092	34566
37626	32085
37626	12067
37626	16014
37626	23265
25018	36666
32451	15236
27649	8085
36376	4556
21849	36996
5580	37175
4254	20536
4255	1786
4255	20452
40158	30478
23121	11442
23121	4255
23121	28578
23121	1786
23121	15126
23121	17289
23121	3472
1349	15457
23738	16030
23738	31972
23738	266
32776	25291
32776	22283
25685	19215
28569	5081
35414	26283
35414	40
35414	25965
35414	2894
35414	15457
21850	16012
21850	33654
9036	14330
9036	29533
9036	38270
9036	13224
26351	38751
1350	28092
36695	27453
36695	10768
4256	39802
4256	15891
4256	394
4256	21684
26663	34669
26663	8085
15285	29172
5872	15119
5872	22310
16538	32144
19958	26636
19958	26815
19958	37175
19958	29374
2325	18014
2325	25645
2325	28539
2325	17120
2325	17309
11512	29797
11512	18057
37323	19321
23740	6165
23740	14851
16205	266
31469	14193
11205	40159
11205	31289
19339	10426
33784	33409
33784	28406
16540	29775
23741	19485
36067	38095
13734	37168
24388	36325
24388	35739
17772	39146
17772	20821
17772	9270
17772	26473
17772	16022
17772	30636
17772	30637
17772	12922
17772	17294
17772	24562
17773	39175
17773	25338
17773	1171
25687	19640
25687	31617
25687	25867
38887	25618
38887	36
38887	11034
28890	25283
28890	24956
28890	3554
28890	6028
28890	2160
28890	17943
28890	15785
30830	32404
30830	14945
30830	2300
30830	12894
30830	6003
30830	12900
30830	3068
30830	863
30830	7253
30830	13558
30830	3413
30830	18529
30830	12922
30830	33607
30830	39034
30830	14204
30830	16690
30830	13575
30830	20108
30830	9180
30830	7613
30830	27808
30830	10460
30830	34256
30830	5737
30830	7639
30830	31028
12482	17636
34406	29705
28570	32419
28570	8534
6806	7109
6806	1786
6806	6028
6806	17289
6806	20452
14970	13867
15286	30474
15286	28869
15286	16694
31154	24055
31154	39541
86	24688
15287	1586
15287	24002
15287	1315
15287	11165
15287	4543
15287	31138
15287	11809
15287	14676
15287	26154
15287	17331
15287	19526
11206	28869
11206	34103
11206	16694
11206	19834
19663	8994
8734	36666
8734	35618
40459	10575
11513	22438
11513	31287
11513	35603
11513	29058
37019	9776
25021	1960
25021	9846
8413	10258
8413	38396
8413	20092
8413	26142
8413	28406
8413	34250
8413	40024
40159	40139
40159	12284
40159	31289
40159	24228
40159	35616
8414	14554
13407	15566
25022	5533
25022	38730
25022	11667
39832	7618
15288	31680
34408	31154
34408	25356
34408	24055
34408	1985
2627	1314
2627	1524
34409	1998
10609	3881
10609	11799
10609	25678
10609	39953
10609	17609
10609	32325
10609	16389
25990	8673
25990	32432
25990	4880
14350	28889
14350	24063
20585	13549
20585	24527
20585	26142
20585	21687
20585	26827
20585	23932
2910	13699
3927	35010
3927	2452
3927	39033
3927	29376
3927	36254
25356	31154
25356	34408
25356	24055
25356	39541
4911	35714
4911	10284
22153	35033
22153	32310
22153	35627
10610	25339
10610	9792
3928	31431
1650	35358
1650	11208
1650	6686
24694	37165
24694	15159
40160	29998
40160	22944
40160	38412
40160	36207
40160	34571
40160	38443
37627	16694
12483	40460
12483	29687
1651	38435
1651	27137
1651	16701
1651	4426
11207	14627
11207	14633
11207	5194
11207	26932
11207	29512
11207	25485
11207	28387
11207	22284
11207	4720
11207	21373
11207	11034
11207	16053
11207	11968
11207	39719
11207	31017
8736	3213
24056	30158
24056	31456
24056	25345
24056	21648
24056	24813
24056	11024
24056	20724
24056	10783
39214	18641
39214	34082
39214	2933
39214	17898
39214	28387
39214	22284
39214	4720
39214	15769
39214	39719
39214	40325
36696	30105
36696	2247
36696	9614
36696	10417
36696	3746
36696	236
36696	10102
36696	33940
36696	16356
36696	29683
36696	20108
36696	9180
36696	7613
36696	4738
36696	14523
36696	1212
36696	9201
36696	40325
36696	16717
36696	17028
22790	5533
11515	16400
29183	1234
5236	31386
40460	12483
40460	29687
23426	36652
23426	8416
37935	25170
6807	15788
9323	36025
9323	38541
37020	20826
37020	18351
37020	3265
37020	11930
37020	8542
37020	39355
37020	10758
37020	29056
37020	26838
37020	2516
36377	16199
36377	36518
36377	3136
36377	13609
20258	37870
20258	6364
32452	16828
37021	32136
37021	20080
27944	13722
23427	32432
23427	35867
23427	3116
23427	3793
21851	5382
21851	11034
27650	37886
27650	5382
27650	11034
33470	28515
33470	32450
33470	34868
10898	7618
20902	1234
8415	4904
8415	20427
32779	5543
32779	12744
33113	18828
20586	25291
20586	4734
10899	2288
32453	19940
32453	3744
32453	21660
32453	565
32453	6363
32453	39048
32453	14214
32453	27490
32453	38748
32453	21714
32453	39729
32453	11711
37628	18351
11208	35358
11208	1650
11208	7271
11208	5071
11208	33298
11208	6686
3262	3571
29854	12132
29854	6197
24695	6947
8416	36652
19342	34358
19342	9933
12484	15529
12484	38253
12484	32911
12484	18818
12484	11699
12484	31037
35058	23251
21227	39206
21227	6189
16845	24033
16845	35737
16845	28097
16845	29040
16845	39377
16845	13584
11209	13082
33114	16654
5582	37584
25689	6444
1985	31154
1985	34408
1985	25356
1985	24055
1985	18074
37326	27248
37326	39546
37326	1484
37326	26803
37326	14204
37326	13575
37326	4427
6496	13280
4569	3063
4569	15104
17775	38523
17775	12747
17775	33086
17775	394
17775	32780
16206	21656
16206	19167
16206	4715
16206	12303
16206	19810
16206	31327
16206	22339
36068	24551
20259	32432
39216	17097
39216	6165
39216	2597
39216	9305
39216	31958
37937	20
37937	6165
37937	30813
9324	2452
9324	30620
9324	16658
9324	10710
9324	11941
9324	39991
9324	23921
9324	36238
9324	26530
9324	33977
9324	23948
9324	602
39217	6758
39217	32740
39217	30624
39217	37760
25690	6758
25690	26523
8087	3910
8087	15774
87	24874
2911	14330
2911	33772
2911	21978
2911	7286
10299	26636
37022	32432
37022	26938
4570	705
4570	30324
4570	21676
4570	35276
4570	37507
2912	27248
2912	28224
2912	30637
2912	28721
2912	12922
2912	14204
2912	13575
2912	27808
2912	38760
5238	9614
5238	33255
5238	36866
5238	20108
5238	7613
5238	3783
5238	1518
5238	5737
5238	19213
5238	40325
5238	29724
34102	31154
34102	34408
34102	25356
34102	24055
34102	39541
34102	1985
34102	8090
15590	29476
32780	38523
32780	17775
1986	21790
1986	18366
1986	31818
1986	5374
19021	25634
19021	36666
19021	28760
16542	22099
16542	31829
16542	3258
16542	7271
16542	5071
16542	10454
16542	23305
16542	30053
25358	12632
25358	16068
25358	8909
3600	9508
3600	9817
34103	16694
36069	1646
732	4517
732	18672
732	35256
732	30679
732	37481
16543	38247
16847	25035
16847	20389
26353	27590
16207	25283
14351	30624
14352	6165
32781	2300
32781	24527
32781	26142
32781	21687
32781	26827
38256	12474
38256	16052
37023	33601
37023	3428
37023	10744
37023	38435
37023	14218
37023	20130
3929	26330
2629	13270
2629	12964
1653	17648
5873	24378
5873	27144
14971	30624
15290	16160
15290	12952
15290	33307
36378	11034
4257	11522
11210	16349
18699	10593
18699	4556
18699	36376
18699	5390
18699	34908
18699	32643
37939	29827
37939	10077
37939	22000
8737	11217
6202	31154
6202	34408
6202	25356
6202	24055
6202	39541
6202	1985
6202	8090
6202	6041
26355	7623
34104	31402
34104	6161
34104	863
34104	26803
34104	30001
34104	39034
34104	20429
34104	30035
34104	30040
34104	38456
34104	8275
14045	12631
18396	29452
18396	37886
18396	30126
18396	29174
18396	25353
18396	11034
18396	31660
18396	39703
18396	29072
28268	16694
32157	40270
11211	698
23742	25333
39218	34859
39218	11032
39218	905
23428	25189
19962	26636
2630	18681
32456	20511
37629	26337
37629	6187
37629	18869
37629	11988
11819	19902
11819	18212
11819	30668
33115	25281
33115	4695
33115	1476
33115	27440
33115	26502
33115	1508
33115	20434
33115	10131
33115	9823
33115	34907
33115	16073
33115	40655
33115	22040
22793	8026
22793	28869
22793	34103
22793	24176
22793	16694
37329	2898
29186	6946
35060	24311
22155	4542
22155	35032
22155	39411
29856	4400
40161	36552
40161	27508
37330	26306
37330	33255
38891	29842
38891	25988
38891	238
31471	2266
31471	24390
14673	26320
14673	11711
39219	6165
24389	24678
24389	3141
2631	18348
2631	35029
2631	11194
2631	224
2631	40280
2631	900
2631	11077
23743	18969
23743	560
23743	11039
7781	20864
7781	6651
7781	12665
1043	38382
1043	21713
9651	10266
9651	21524
9651	7442
28892	37810
26967	6938
26967	1786
26967	17289
7120	17943
21542	6165
19666	21027
30501	36348
30501	35911
25360	8389
25360	35216
25360	5707
25360	36863
25360	19824
25360	5443
6809	34701
6809	30464
6809	39804
6809	16018
31472	20741
31472	26882
36697	39658
36697	25524
36697	25543
18397	36635
18397	18971
18397	6179
18397	14035
18397	26962
18397	12477
18397	32161
18397	16012
18397	11655
18397	21076
18397	23932
18397	25202
18397	1524
18397	31030
18397	33654
18397	6389
12141	20508
12141	21175
24390	2266
16209	21648
16209	31623
16209	37466
16209	14536
16209	10150
16209	33985
16209	40022
19965	25281
19965	27248
19965	2300
19965	80
19965	11814
19965	32781
19965	30637
19965	28721
19965	12922
19965	10736
19965	14204
19965	13575
19965	27808
19965	4436
19965	19835
19965	13280
19965	38760
36070	34082
36070	39951
36070	6003
36070	22592
36070	29993
36070	36849
36070	14804
36070	33940
36070	16690
36070	31299
36070	40325
36070	27830
33786	35032
1044	30683
29187	27144
37331	13733
37331	1525
37331	18884
35419	36258
7782	33099
7121	32414
7121	7110
7121	40640
29857	29483
40163	35873
40163	32310
40461	13671
40461	5522
40461	10736
40461	23914
40461	31657
40461	20124
40461	25557
29858	13356
8738	33291
7122	37302
8418	26268
8418	15361
8418	17253
8418	31618
8418	34874
8418	21995
8418	39972
8418	26147
8418	18835
8418	21059
8418	6962
8418	13246
8418	32317
8418	16070
8418	4755
8418	20749
8418	17037
11212	3253
18076	38852
18076	19935
18076	8715
18076	35755
26665	14602
16848	36635
16848	18971
16848	27625
16848	14035
16848	18397
16848	17471
16848	16012
16848	23932
16848	25202
16848	1524
16848	31030
16848	33654
37025	252
28269	2482
28269	21087
36698	32734
28574	3253
8419	22272
30832	6165
30832	31809
30832	19834
6810	37604
6810	17155
6810	7252
23124	19625
23124	31132
23124	3575
23124	5211
25994	12420
735	13018
4573	26158
4573	36552
35063	7252
35063	20099
35063	35276
28575	2594
28575	11813
28575	10736
28575	2140
28575	23914
15593	81
15593	22593
8088	33759
6811	16467
6811	8078
6811	39976
6811	17623
6811	12956
6811	15449
6811	11711
29188	34859
29188	27132
29188	22637
7446	18583
7446	30700
8421	24326
4260	17104
4260	34087
4912	4891
25995	14670
5583	24667
5583	22454
5583	10115
9957	30432
9957	15437
4913	10848
4913	11160
37940	13903
36072	36056
8423	6746
8423	28385
8423	39350
8423	7252
8423	16033
8423	12922
8423	18845
8423	7660
38259	24807
13409	5570
13409	6684
38591	31476
38591	20130
22794	37800
9325	18212
9325	30668
9325	16708
13736	3914
13736	5721
36700	6165
36700	19648
36700	19485
36700	19833
22157	35867
22157	7926
22157	16361
22157	12344
22157	23616
24060	22724
24060	35016
24060	7742
24060	26467
24060	23544
24060	40614
24060	27142
24060	33631
24060	18576
24060	2177
26969	22033
15594	21709
15594	4443
39220	32941
39835	2486
39835	29385
10903	4521
10903	14316
10903	11675
32458	33086
88	2607
25025	24807
25025	224
23430	20
23430	34381
23430	29164
23430	19942
23430	37937
23430	11678
21853	40403
20260	7396
20260	34082
20260	16518
20260	4720
20260	10736
20260	11968
14051	29189
14051	21375
14051	25517
5875	15529
5875	20207
5875	28112
12782	9781
12782	6976
6204	22988
38261	4222
14974	2607
7124	34082
7124	15769
32784	12093
32784	13542
32784	39685
32784	17955
28578	4255
28578	23121
28578	1786
28578	20452
28578	3472
30506	35394
30506	16314
30506	31972
30506	1227
30506	11692
33117	20204
7447	10244
7447	2884
22795	17726
22795	6013
25363	28109
22796	10436
22796	11032
22796	5441
38262	14602
38262	40096
9652	38223
18079	11813
30177	5854
30177	7590
30177	28385
30177	39690
30177	37497
30177	7660
1045	34565
1045	23906
1045	10110
9038	31810
9038	403
9038	37763
9038	16694
9038	23597
3263	20225
3263	19629
4574	32911
4574	31614
25997	16058
35065	38243
35065	11968
23746	23750
23746	35596
16851	1193
16851	12957
4575	3602
7785	986
7785	2471
26971	33432
26971	7109
26971	9028
26971	7582
26971	33280
8739	0
8739	14330
8739	21978
8739	7286
14975	39789
14975	14319
14975	33970
18400	25317
19667	2254
19667	39517
19667	12286
19667	5384
19667	21372
30507	29483
30507	25165
30507	31966
12783	20523
737	20225
737	19629
25026	31431
14054	14536
19668	35033
19668	8588
6205	26638
21229	19502
8090	31154
8090	34408
8090	25356
8090	24055
8090	39541
8090	1985
39221	24315
39221	15537
36381	13882
36381	32628
36381	8259
36381	36576
29189	4222
29189	14051
29189	12285
29189	21375
22797	27587
22797	40116
22797	4415
5584	26660
12784	6165
12784	29513
12784	25525
12784	14851
92	33052
92	36840
26973	23384
26973	1341
26973	14350
26973	24063
21854	33763
21854	1228
19024	30354
19024	2773
34735	39658
34735	3068
34735	4114
10904	35867
10905	32290
10905	3075
10905	19177
10905	32325
23747	4402
37333	2299
37333	32331
6814	16167
6814	1330
6814	16314
6814	28085
6814	27829
18704	20899
18704	24181
18704	9789
18704	27453
18704	10768
34412	16314
12785	6758
12785	31431
12785	35032
93	5808
93	11194
93	24807
93	40280
93	900
37632	4833
37632	16200
37632	17318
13102	5217
13412	15287
13412	40008
13412	17943
28579	36359
27295	23713
27295	26638
27295	11028
27295	902
27295	39403
19348	11958
19349	11385
35067	6466
35067	24385
24393	18390
27651	38185
27652	26612
27652	37629
27652	25161
27652	870
27652	29675
1989	30959
37027	36
37027	29835
3936	36325
39837	8534
39837	27114
39837	28110
39837	8259
39837	38748
31473	11445
31473	7403
31473	30801
31473	22432
31473	6477
31473	4878
31473	35740
31473	4238
31474	3872
16852	10575
23126	28558
23126	571
28580	32075
15596	33102
15596	34535
15596	20716
15596	33973
26360	16183
3938	10473
27296	31981
2634	31404
2634	32106
2634	20257
22160	28875
40464	16654
40464	8913
14354	14938
19967	2317
11824	9788
7787	6964
24063	23384
24063	10295
24063	28889
13413	34389
7449	26325
37028	7592
36703	18675
20905	4880
6207	37286
20587	25377
18402	7906
15597	18528
15597	39725
2917	16813
2917	12148
2917	33807
2917	15413
2917	33957
2917	38438
2917	11683
2917	31701
22161	28871
22161	30336
22161	11378
22161	27822
16210	24002
16210	2841
16210	1315
16210	38840
16210	11165
16210	4543
16210	31138
16210	14956
16210	11809
16210	17331
16210	19526
31841	39802
31841	4545
31841	37919
31841	394
31841	21684
31841	14527
31841	4761
36704	29374
33791	9931
33791	13707
19350	32131
16853	9273
16853	35712
16853	23393
16853	26954
16853	35235
17155	28230
17155	37604
17155	38852
17155	19935
17155	35755
17155	18076
17155	6810
17155	4690
17155	7252
17155	15422
17155	14805
17155	18845
17155	23568
17155	6661
17155	33308
17155	22664
3605	39953
12146	34239
12146	18252
21545	16508
21545	23940
21545	35953
9326	6165
10301	26899
10907	6377
5586	10426
5586	10757
5586	11385
17777	18518
17777	3424
17777	6036
17777	31668
17777	32327
17777	1829
17777	18888
37334	26904
37334	8413
37334	11364
37334	31681
37942	33759
16854	3764
32785	8337
411	14330
411	21978
411	7286
25365	3930
17156	11784
31157	21497
31157	12129
34736	7906
32161	36635
32161	26978
32161	17471
32161	11655
32161	23914
32161	21076
32161	25202
32161	33654
18080	5523
4577	34394
4577	10889
4577	40025
10615	35886
17157	33758
17157	25189
1353	7906
1353	15457
27298	37566
2334	13083
2334	16207
2334	10097
16855	10244
15292	27661
27299	30481
27299	39826
31475	2898
31475	37329
37633	25658
37633	30668
40166	20822
40166	22629
16546	12304
16546	7620
37943	4222
37943	39225
29861	36502
24699	11034
34737	39801
17158	17300
2920	14338
2920	11053
2920	14551
16856	18348
16856	24807
25694	1009
25694	22796
25694	10436
25694	11032
16211	28112
16211	8877
24064	34377
24064	6172
24064	38255
34106	36692
34106	34400
34106	34741
31476	38591
39839	16371
7450	31138
7450	15287
7450	19526
20588	394
20588	26663
31843	34398
31843	23542
17463	23590
25999	30471
25999	4393
25999	36207
25999	6366
25999	8893
25999	38443
21856	18828
1047	21660
1047	4395
18404	3593
18404	18212
18404	18521
18404	23283
18404	10751
18404	34250
18404	27166
35070	2846
35070	35361
35070	9611
35070	4565
35070	16397
35070	35621
35070	16728
20907	0
20907	8066
20907	7286
15917	15457
1654	26808
1654	37464
1654	9532
1654	5752
1654	25560
31158	12284
31158	34239
37030	6438
37030	22750
37030	35720
37030	24341
37030	8994
37030	34713
37030	26636
37030	36060
37030	16037
37030	35903
37030	34572
37030	4761
37030	24240
8091	17645
9039	21664
9039	16993
9039	35616
27300	39352
27300	20095
27300	37464
25695	30950
25695	23900
28270	8766
28270	39997
34413	16662
37031	34564
37031	1800
37031	22008
33792	8975
33792	13365
33792	29847
33792	22268
33792	17289
33792	9808
33792	21066
33792	18558
33792	36897
28581	32419
28581	38242
28581	3747
28581	20091
28581	7267
28581	36212
28581	32002
28581	21719
27301	33749
27301	36836
14976	21525
14976	28778
14676	8680
14676	21216
14676	15287
25696	38524
25696	11335
25696	23898
25696	1501
37634	9273
33121	26913
30836	23730
6210	12408
6210	34370
6210	36674
6210	20235
6210	22136
12149	34258
738	8243
738	18866
738	35925
738	37485
738	34276
35764	29164
35764	19942
3943	19968
8426	3068
8426	14804
8426	3413
8426	33607
23749	18355
23749	1035
1655	9925
1655	3569
1655	16663
15598	30443
15598	14232
13740	13667
34738	5372
23750	23746
3265	37020
21857	13035
21857	31435
20589	6053
21858	26636
21858	16314
21858	36550
19670	24376
95	36884
33793	34997
11521	22304
21859	2295
21859	17133
21859	11032
21859	38754
29190	2605
29190	6644
29190	30983
29190	40300
29190	20140
5878	11946
5878	28436
11826	19904
11826	26296
11826	35215
11826	1227
11214	4556
11214	12904
11214	34908
25697	40103
25697	5577
27951	19015
27951	37165
27951	31658
27951	13589
31844	10728
31844	28099
31844	12637
25698	35890
33122	9808
33122	37492
10616	39525
10616	37336
10616	4583
28894	25347
28894	35760
28894	4258
11522	20536
4266	8539
4266	16969
4266	25522
4266	17026
19969	22001
19969	4720
19969	3420
32163	15457
34415	6384
25366	14522
4918	25021
39840	7601
4580	1483
35765	4397
14977	13331
17466	11786
17466	11496
39841	38548
11523	36
11523	11034
739	42
739	20550
11524	34114
21860	17104
34739	6791
37336	21038
30839	30326
30839	28440
40466	34060
40466	8058
40466	39225
4581	32414
4581	40640
38898	24044
38898	19500
38898	18570
6211	27487
6211	1234
13414	23121
32166	4585
9328	16027
28272	35886
21230	14953
35423	43
35423	27912
35423	30502
25367	38391
25367	23903
25367	7947
23751	38052
17467	19473
17467	36849
17467	16690
17467	35276
26975	2508
16857	33067
16857	4219
16857	27633
16857	25337
16857	13263
27953	34706
24702	14328
24702	14556
13104	19930
13104	394
14978	39489
25368	38412
25368	13892
25369	16209
25369	29305
25369	40639
18081	9000
21231	25021
24703	560
33475	10889
36705	34
30182	18009
30182	40146
30182	35586
16548	17447
16548	16314
16548	28085
10910	22726
10910	27584
10910	14945
10910	16853
10910	6003
10910	22592
10910	9779
10910	7253
10910	36849
10910	14804
10910	3413
10910	18529
10910	33607
10910	16690
10910	31299
10910	5104
10910	31028
10910	27830
8743	14035
8743	4901
8743	22147
8743	23269
8743	36880
39543	38523
39543	33086
39543	17775
39543	32780
39543	38505
17159	33976
36076	4519
36076	51
36076	31845
36076	6639
36076	8561
30511	28869
20908	30836
14057	2335
15918	20864
15918	37014
15918	16008
15918	11930
15918	7916
15918	4715
15918	6651
15918	17620
15918	10746
15918	30023
15918	19817
15918	37188
15918	8259
15918	33316
15918	38748
15918	11064
33123	18555
28273	21076
28273	33654
25370	6746
25370	28385
25370	6946
25370	15422
25370	18845
25370	29693
25370	32615
25370	33312
25370	28773
25370	18583
25370	30700
35075	32131
35075	31453
35075	16990
29863	5506
29863	15457
33476	24
33476	35715
33476	18351
33476	12458
33476	21036
33476	39679
33476	22949
33476	38416
33476	37453
33476	7610
33476	18254
10617	1594
10617	22459
10617	5369
10617	9139
10617	8534
10617	30311
10617	30317
10617	11930
10617	33601
10617	30642
10617	17620
10617	22004
10617	31308
10617	37188
10617	39393
10617	39394
10617	29056
10617	30379
10617	4445
16858	40145
27655	1969
27655	457
27655	3746
27655	16356
27655	20108
27655	5737
14678	14037
14678	9784
14678	33322
20591	4219
34416	21076
37636	24874
2338	16252
2338	1484
2338	26803
2338	4427
18082	13907
29528	23393
29528	35078
29528	35253
29528	5111
9330	33098
9330	5369
9330	30317
9330	33601
9330	22004
9330	14214
9330	26538
413	18671
413	36677
24394	7790
39224	11335
10911	37165
26676	13914
6500	11142
6500	2594
6500	19315
6500	2300
6500	26958
6500	11813
6500	28262
6500	32781
6500	3610
6500	3948
6500	1476
6500	28388
6500	30637
6500	30323
6500	15424
6500	8565
6500	16073
6500	40655
6500	29380
6500	40024
35424	19277
35424	21664
35424	16993
35424	2773
35424	35616
35424	21401
21549	7590
21549	28385
21549	7252
21549	8228
21549	11375
29864	30463
29864	28776
29864	17649
29864	23948
13106	37325
13106	13863
13106	29330
36077	5533
36077	33648
98	11335
32788	18957
32788	33088
32788	23886
32788	4384
32788	39371
32788	10139
32788	27825
32788	38757
32788	14542
14356	14678
14356	28076
14356	9784
14356	33322
39544	40114
39544	10863
39544	35023
33124	5378
33124	29701
7453	8264
21862	28230
21862	21549
21862	29992
21862	28385
21862	7252
21862	14805
21862	16041
21862	7606
21862	33297
21862	28773
21862	26193
34740	27440
34740	12915
34740	8229
34740	16073
34740	5443
26366	30432
26366	8331
26366	9957
26366	15437
32789	29543
32789	10710
32789	33277
32789	28109
32789	23921
32789	26530
32789	28776
3267	25494
3267	9786
3267	29030
3267	1200
3267	16688
3267	18863
3267	25864
17470	10545
17470	5052
25700	13539
25700	6351
25700	12923
415	32432
415	36060
415	25990
415	23427
415	1812
415	3116
2922	39356
2922	29330
21232	34389
26001	40103
38899	28869
38899	20876
38899	22793
38899	16694
38899	21390
38899	19834
10302	28869
10302	22793
10302	38899
10302	16694
10302	21390
21233	34394
21233	4251
3610	11142
3610	32784
3610	29037
3610	14204
3610	13575
26977	30700
16214	5803
16214	23077
16214	37599
1990	17726
1990	6013
24704	35042
4268	3593
4268	11988
12150	20580
12150	29059
19672	8694
6502	6934
6502	6359
22801	9659
40170	10736
742	12900
742	863
742	31299
742	7639
742	3145
22468	29333
22468	10450
1357	27432
1357	33313
1357	17649
31480	31614
31480	35899
10303	9899
10303	38719
3611	33734
29865	12055
29865	724
29865	39539
29865	31633
29865	30655
29865	27144
29865	3798
1049	13895
30840	16389
6815	15729
6815	12915
6815	2474
6815	15749
6815	26511
22162	24378
22162	5873
99	2924
99	1205
29530	15855
29530	27260
29530	545
29530	20411
29530	16406
6213	9901
6213	9476
6213	1786
6213	17289
19029	9800
11526	10849
11526	27144
30184	33245
30184	21648
30184	26530
1991	413
35076	8369
26368	27448
26368	10456
21550	33718
21550	376
21550	20543
21550	15121
21550	40618
39546	27248
39546	16252
39546	31037
39546	18583
33479	8709
33479	3910
12151	38718
13415	8331
11527	26123
11527	29381
12152	18971
12152	26962
12152	16691
12152	29706
12152	33984
35425	20856
22469	18698
22469	15714
22469	19817
22469	7949
9656	39397
34741	34400
34741	34106
34741	25484
34741	37164
34741	13587
34741	603
33794	5565
12488	20197
40172	31441
40172	20569
40172	20096
40172	14813
40172	4080
40172	592
40172	4436
35426	3599
1050	40388
25372	39209
25372	30177
25372	221
25372	27440
25372	29993
25372	15728
25372	13558
25372	39690
25372	26502
25372	1508
25372	9823
25372	5116
39226	33291
15601	2266
33796	15885
33796	27924
33796	35877
33796	39352
33796	6950
33796	20095
33796	17635
14680	23121
27656	26840
27656	19212
8094	17742
1657	27267
1657	32446
24395	29804
34109	33438
34109	5052
34109	25862
7793	5858
7793	25677
7793	22265
7793	12284
7793	27515
22802	31390
22802	38848
22802	22756
22802	39813
22802	23272
35077	6782
35077	6177
35077	26192
40469	6758
20594	16183
31160	10545
7794	32400
7794	21656
7794	17599
7794	11930
7794	8542
7794	39679
7794	4715
7794	19810
7794	3777
7794	31327
7794	34275
26978	36635
26978	26299
26978	16033
26978	14523
26978	1524
26978	33654
7127	26356
1992	12154
26678	744
38593	39517
38593	23922
38593	23924
38593	39060
12786	6758
12786	22588
12786	9485
11219	6758
11219	14312
35427	39192
35427	25216
2637	30831
2637	2015
2637	34565
36383	21856
36383	11032
13742	10272
13742	18372
26002	11515
22471	9028
22471	26971
22471	39976
22471	33280
22471	15436
4922	24002
4922	4543
4922	9003
4922	26800
4922	14487
4922	5716
4922	3774
4922	17331
15297	27636
23752	7599
23752	7618
22472	8581
22472	1835
10305	361
10305	26939
10305	27436
10305	36504
10305	6018
10305	12922
10305	7607
10305	3435
10305	15760
10305	24582
17471	6179
37339	19280
37339	14615
744	26678
33126	6758
33126	24193
3271	376
29531	7618
1360	37011
1360	36182
23434	26504
25374	22619
25374	35608
25374	28763
1658	6623
1658	33616
26679	33088
26679	32604
26679	40318
27657	3253
7795	38558
33798	28270
33798	29191
33798	39997
19352	13667
100	33331
24067	35044
13743	17008
31481	10254
31481	28546
31481	31150
31481	34859
31481	11356
31481	12635
31481	37786
31481	38088
31481	5441
31481	4440
19030	21387
101	7707
101	30127
101	15282
2638	32588
10912	23366
10912	28387
10912	4720
10912	3420
10912	12632
10912	14820
10912	11363
10912	7297
36707	19904
36707	6165
36707	30155
36707	37013
36707	28085
36707	14851
36707	33327
18408	1647
21552	35361
35428	36648
35428	39373
35428	21100
3946	8994
36708	4761
9962	31286
9962	38754
40470	12915
11529	27253
11529	8709
11529	15130
18086	15557
18086	16052
35429	29059
33481	30467
33481	22438
33481	26956
33481	38087
33481	18884
33481	9841
5244	33399
5244	21338
37033	32600
37033	13018
19354	20826
19354	37020
19354	25828
8095	11174
10913	6217
10913	26130
10913	18828
10913	11034
10913	2784
22474	11194
16550	32761
16550	37752
16550	30335
24705	26277
24705	36995
24705	22780
24705	40603
12154	39832
12154	10898
12154	7618
2926	36037
2926	3568
2926	36544
2926	20744
6819	34660
6819	16813
6819	28878
6819	15726
6819	17910
6819	33957
6819	38438
6819	8581
6819	39712
6819	16070
6819	11683
6819	32016
6819	31701
23754	13701
15604	14007
15604	35256
1052	6639
1052	8561
4923	361
4923	26939
4923	10305
4923	27436
4923	36504
4923	6018
4923	12922
4923	3435
4923	39412
4923	24582
28586	11216
19972	36
19972	11034
19972	27476
19972	14828
7458	25281
33482	28869
33482	26663
21237	20
13416	21479
17160	39343
17160	39967
17160	26532
11829	6489
11829	746
11829	16014
11829	25161
11829	20092
11829	39380
11829	3106
11829	6036
3614	13738
3614	18860
3614	40008
102	12915
102	15749
102	26511
23755	12772
25375	5803
25375	32431
25375	23077
25375	20532
25375	11807
35431	9799
6214	5160
6214	32109
34418	16156
34418	4401
9333	32347
39229	35383
39229	8994
39229	20694
39229	34904
31162	32109
31162	13935
33799	10593
33799	4556
33799	11214
33799	12904
33799	13609
37341	39653
11530	34394
11530	2317
17161	6002
17161	8233
17161	7636
17161	15155
21238	17801
34110	18400
34110	15788
35432	39826
17781	3593
17781	4268
17781	15921
17781	26485
17781	25509
17781	25530
17781	11988
10618	39018
39550	4522
38901	39976
38901	12956
21239	16548
21239	17479
21239	28085
21239	266
27659	14214
28588	21403
37034	25697
22803	3881
22803	39953
40472	25615
40472	24172
38594	38464
27304	0
27304	14330
27304	8739
27304	21978
103	13571
103	19834
29533	14330
29533	8739
29533	411
29533	27304
29533	21978
29533	3426
1362	3886
1362	12623
30189	7423
9335	1849
33483	14330
33483	21978
29534	7407
29534	26639
29534	8713
40473	16789
31164	37932
20595	24983
20595	3571
20595	14520
20595	18871
13745	34225
13745	29041
13745	36215
13745	31668
13745	592
13745	30055
13745	18889
9045	37894
9045	3446
21864	27590
21864	36070
21864	6003
21864	3068
21864	29993
21864	7253
21864	36849
21864	3413
21864	33607
21864	16690
21864	31299
21864	40325
14359	35361
14359	29187
29535	38545
34111	22272
34111	8222
18409	34
18409	724
18409	30655
18409	16374
18409	27144
18409	33654
29191	25330
29191	33798
29191	11227
29191	40025
35768	33399
35768	11202
35768	33596
35768	28092
35768	266
35768	34921
36710	23723
33800	560
33800	2176
14360	11799
14360	32290
14360	25166
14360	32325
14360	16389
33127	1217
34419	36860
23436	38732
23436	27154
23436	32978
4269	19904
4269	28085
4269	36550
26681	25618
12787	7719
12787	21403
11531	33431
37036	6818
35079	40146
32171	22782
32171	25985
32171	19794
7129	22759
7129	34219
31482	34343
31482	31972
27661	15292
27661	39545
35080	2452
35080	16658
35080	10710
35080	235
35080	33277
35080	11941
35080	28109
35080	26530
35080	33977
35080	28776
35080	10777
10308	28241
20596	5377
20596	4405
6506	38893
33484	25852
34113	6452
34113	14522
33801	31686
14682	9294
27957	18672
27957	10284
27957	30679
27957	39415
13417	37189
35081	2319
35081	3397
35081	6964
26682	40652
1993	8247
15298	34250
15298	30668
26683	22790
26683	33648
20267	35621
19032	4223
19032	34390
2640	3397
2640	28775
2640	24874
9046	14681
9046	14980
9046	16406
18412	25015
18412	248
12157	24688
31846	10849
31846	27144
24069	34859
24069	11356
24069	3428
26982	10848
26982	28567
26982	27144
11220	40292
746	11829
746	20695
746	16014
746	16321
746	39380
746	6036
746	31668
746	23952
34742	17310
31165	19485
31847	1041
31847	7635
8430	35361
20597	26883
2928	15522
35082	2319
35082	6964
17477	1968
17477	11028
17477	35929
17477	31031
3948	19315
3948	28262
3948	12608
3948	26142
3948	29380
10309	7722
10309	31101
10309	10294
10309	17592
8744	8864
32795	10849
32795	13906
27306	31617
4924	6165
2929	24345
35083	35707
14361	11335
20910	11335
16860	39539
5882	23366
5882	4550
5882	19969
5882	863
5882	28387
5882	1179
5882	4720
5882	10736
5882	23563
5882	16053
5882	27804
5882	32617
5882	22036
1994	24993
1994	4877
1994	30164
1994	38884
19975	34696
19975	35727
19975	31809
24402	28885
6822	24688
6823	39192
6823	4882
6823	33245
6823	20096
6823	6351
6823	20415
30842	16801
30842	21660
30842	24829
30842	10773
30842	12665
30842	39729
35434	21648
35434	24813
35434	8861
35434	38078
35434	886
35434	23578
35434	275
29192	18969
29192	32311
18090	29168
18090	34874
18090	39712
18090	11683
6507	9611
34743	2473
34743	28109
34743	34260
5883	3253
7130	36691
32174	4570
32174	33245
32174	20096
32174	6351
29868	30810
4925	27267
4925	32446
5884	18351
5884	2896
5884	17144
5884	5372
5884	39679
5884	27123
5884	38416
5884	34238
5884	37453
5884	23579
5884	899
5884	610
17162	29149
13111	22453
11221	10876
37037	29043
37037	16080
4583	17422
4583	10870
4583	17649
4583	23948
4583	40022
5245	33396
5245	6444
5245	17943
1660	1595
1660	4701
1660	12613
7462	4394
7462	4091
31167	34549
31167	8568
31167	14513
31167	17944
31167	24234
2931	14551
38268	25560
16553	17422
16553	25345
16553	24813
16553	8861
16553	19784
16553	27779
16553	21038
16553	21044
16553	28109
16553	23578
16553	6983
3274	26369
3274	24874
32796	22109
1661	7047
1661	24993
1661	30164
1661	1994
9659	22801
34420	38874
34420	18244
34420	39720
16861	19615
16861	8068
8747	8254
21865	34376
6215	28223
6215	27939
6215	39680
6215	8589
6215	26192
27663	23907
21554	22002
16862	10880
17478	36012
17478	11135
17478	11018
33485	30432
33485	8331
39553	16354
27308	30130
1662	15098
1662	19520
19976	1337
19976	12600
19976	40271
19976	31031
6216	38558
30845	11470
30845	34078
30845	6934
30845	9786
30845	32592
30845	30358
30845	28142
32176	39705
23437	21475
23437	31388
23437	33399
23437	20847
23437	13402
23437	15913
23437	40256
23437	33596
23131	23297
23131	33976
17163	23558
38904	36961
25032	32310
35084	35394
35084	16314
35084	35215
35084	28085
35084	11953
35084	1227
15607	8393
15607	4692
21242	12649
21242	25859
21242	23948
21242	31702
21242	36568
2641	30819
22805	27590
22805	14945
22805	19473
22805	16690
22805	25217
14980	35361
14980	33763
14980	4565
14980	35070
14980	39356
36712	2861
36712	1961
36712	33267
25381	29173
25381	30668
25381	25530
25381	21405
26685	3084
6508	23743
34746	252
37640	39689
37640	11395
34421	31804
34421	18277
10311	21484
10311	34397
22476	12097
37641	30668
37641	6385
12791	16213
12791	11534
12791	13277
12791	17956
16554	20095
16554	19191
2933	39214
39844	39504
39844	3767
14063	1779
1055	15529
1055	38524
1055	1501
1055	34915
33129	18671
2341	3099
33487	8026
33487	28869
33487	11206
33487	34103
33487	22793
33487	24176
33487	16694
749	16314
749	9146
749	22978
749	12659
9660	26314
34115	40168
34115	4701
34115	15736
34115	4737
34115	30354
6825	13056
6825	31453
6825	20096
6825	38456
6825	8275
24709	33718
18092	29153
18711	9791
30515	35375
30515	38236
30515	4042
30515	12894
30515	863
30515	26486
30515	30001
30515	39034
30515	6987
30515	33980
30515	38456
30515	11698
30515	10489
30515	8275
36388	28154
3616	10848
18093	2330
20912	36321
20912	12284
20912	15120
20912	34239
28589	21816
28589	39690
28589	1508
28589	8244
28589	23933
11532	35904
751	27144
18413	34691
18413	36056
18413	887
18413	29080
24406	13676
24406	3927
24406	20746
24406	36254
32797	21490
32797	20521
32797	33245
32797	33255
32797	9788
35087	22413
35088	21208
37344	21234
37344	4087
15921	33648
26983	36652
26983	15277
26983	8416
2642	35867
2642	16361
2642	31686
21866	85
21866	36855
26984	358
26984	19475
26984	15125
14367	26606
14367	39661
14367	27144
14983	17104
14983	40621
27312	19917
27312	37925
27312	38247
4584	33086
29540	6200
6826	10568
6826	5719
18414	7116
18414	23253
18414	10115
16864	28229
16864	38708
16864	23559
16864	40294
16864	31314
16864	22023
16864	24882
16864	40669
109	30183
109	2640
109	3397
6217	17430
6217	26130
6217	18828
6217	11034
6217	4733
6217	22637
14984	1310
14984	8074
14984	33101
14984	13580
14984	18858
32799	20200
32799	6987
32799	11698
31169	10556
31169	36327
31169	1317
31169	28870
31169	33260
31169	39353
31169	34239
31169	16993
31169	21074
19978	9791
19978	27144
11224	14033
11224	27785
11224	20427
11832	5870
12161	13705
12161	2518
26005	14330
5592	10853
5592	22421
5592	15272
27960	26465
27960	39976
27960	12956
27960	17334
13115	1041
32178	1329
36082	6946
32801	15246
32801	34239
32801	2487
32801	24863
36389	106
9049	1945
9049	17757
9049	1984
9049	30178
9049	39022
9049	36238
9340	16852
36713	36
36713	27476
32802	23115
26372	34874
26372	4071
26372	14226
26372	32013
26372	1528
3950	27438
3950	15766
15924	5721
14368	4772
7131	33121
5594	28095
5594	40643
5594	5092
23135	18348
23135	35029
23135	11194
23135	24807
23135	224
23135	40280
23135	900
23135	11077
421	6052
30846	39670
30846	38052
30846	26816
30846	1834
24073	11756
35091	31278
35091	25509
12793	26160
12793	17943
34117	20694
28591	12786
38269	36325
38269	28409
38269	11993
38269	10785
9050	27144
9341	14831
17784	35715
17784	24814
17784	22276
17784	17623
17784	11711
11537	28869
11537	1019
11537	11206
11537	16694
11537	21390
34747	2594
34747	11813
34747	27112
34747	18584
26373	18065
26373	39689
26373	31983
37952	10712
27316	33086
27316	19834
12795	30679
17165	35013
17165	29998
30518	30668
30518	1829
26374	2594
26374	35054
26374	30637
26374	9156
26374	2140
6219	23597
6219	22660
21557	34106
21557	25484
21557	37164
21557	13587
21557	603
27317	39343
27317	21045
11225	35358
11225	1650
11225	11208
18094	22015
34748	37324
22480	30956
22480	20114
26686	27952
26686	39976
1664	2319
1664	3397
1664	6964
1664	38089
12490	30150
12490	14667
12490	14856
34749	22744
34749	4195
34749	13583
34749	26183
38270	14330
38270	9036
38270	26005
38270	22628
19979	19834
28900	21202
37953	32127
18095	33776
5249	34276
37346	10593
37346	12264
37346	33270
37346	32328
35093	14627
35093	34355
35093	26932
35093	29512
35093	4318
35093	22284
35093	4720
35093	21373
35093	11034
35093	11968
35093	31017
26007	18995
35439	21231
35439	9846
39557	11799
39557	22231
39557	39953
39557	32325
25035	16847
25035	32171
25035	19794
28901	18390
28901	24393
23764	6660
20270	9629
20270	4247
20270	22284
20270	40286
17479	17447
17479	16548
17479	21239
17479	16314
17479	28085
17479	266
29198	13075
29198	35741
29198	9497
29198	10151
29198	11694
1999	21825
1999	27952
1999	22265
35440	36231
3617	40602
3617	23309
26986	38245
26986	9031
12162	29180
12162	24514
12162	9161
12162	28720
12162	23911
12162	29359
12162	9818
12162	8582
12162	1215
12162	4106
12162	30692
12162	40667
38908	33651
40481	39955
40481	29340
40481	293
422	15537
34751	23115
34751	36231
753	39705
33132	21990
22166	29
22166	20905
22166	34225
22166	22281
22166	18267
17786	13428
17786	30050
40482	7060
40482	16167
40482	6165
40482	24988
40482	1330
40482	10588
40482	711
40482	38250
40482	28085
40482	27454
40482	3441
40482	30673
40482	14228
40482	32344
40482	27829
40482	14551
40483	2841
40483	33415
40483	3890
40483	38840
40483	4543
40483	31138
40483	11809
40483	24192
40483	24221
40483	37493
40483	17331
40483	19526
20599	33949
29871	23103
3952	24579
6515	21222
34752	29185
34752	23597
13750	36056
13750	25844
10622	29780
10622	1193
1665	457
1665	36184
36391	19956
36391	29059
23765	35739
23765	19318
23765	39680
2643	1961
2643	33091
2643	17915
2643	19501
2643	14839
34119	2458
34119	33625
423	19904
423	26296
423	25317
423	14017
423	35215
423	23261
423	1227
39558	25965
22167	35227
30520	1651
14688	21524
14688	16697
6220	22728
6220	5859
6220	35046
6220	16530
6220	25479
6220	36508
6220	34273
13424	11194
13424	23115
9342	25320
4278	14001
7800	40083
7800	19299
9343	24671
9343	19642
9343	14347
424	15895
5252	2841
5252	33415
5252	3890
5252	38840
5252	2589
5252	22424
5252	400
5252	40483
5252	24221
5252	37493
25386	37010
25386	26486
25386	10724
25386	2161
25386	18280
16557	12344
5596	39343
5596	11941
5596	33318
5596	9536
35094	33651
6517	22782
37643	6165
754	34394
754	10889
12797	2310
15613	0
8099	4178
6518	28270
6518	31680
40484	26602
40484	38255
40484	24064
18416	36
18416	11034
6519	40429
6519	28390
6519	3448
9051	26602
9051	33327
40485	26803
36718	25368
36718	4393
36718	13892
36718	33976
32805	6018
16221	39682
16221	35943
38909	39553
38909	20028
425	34394
425	34276
16558	7064
16558	6508
16558	37473
16865	5808
16865	11194
5253	5808
5253	36066
5253	38259
5253	25025
5253	24807
19038	8331
27962	38558
27962	32981
37644	3576
37644	33983
10313	40162
22810	33654
18716	29871
13428	33088
13428	23425
22482	19277
22482	9631
22482	34729
22482	10617
22482	8534
22482	21656
22482	30308
22482	11930
22482	3409
22482	33601
22482	39679
22482	27123
22482	17620
22482	10746
22482	19817
22482	37188
22482	9510
22482	38748
22482	30379
22482	22038
20918	31706
8101	16845
8101	28097
8101	29040
8101	39377
8101	19512
8101	33651
18717	29802
18717	34868
25038	32777
26012	32769
8752	2607
8752	727
8752	7790
8752	39955
8752	24542
11837	25334
11837	11194
11837	23115
11837	93
3277	23366
3277	38209
3277	4720
3277	35260
3277	35925
3277	22025
3277	39719
2001	31455
2001	23898
3278	6758
23768	22304
32807	24240
6829	4891
6829	4912
6829	30037
22169	24637
22169	33425
22169	34535
11227	23672
11227	10892
11227	33798
11227	29191
11227	21068
38273	6947
33135	6487
33135	20095
33135	37464
28903	14804
28903	40325
31173	32007
429	29989
429	39019
22483	5721
17789	13539
17789	3765
16870	39724
117	14286
35098	2932
15616	4545
15616	21684
30197	28502
9346	4776
27322	6351
6831	8068
33136	32173
33136	22231
33136	32325
33136	16389
31174	17731
17166	21076
16225	25618
16225	2261
16225	18552
16225	26845
7801	426
30523	14816
4282	38766
12492	19921
12492	18220
1062	6758
24712	16349
23138	23286
22484	8086
22484	27144
8435	35361
2941	10438
2941	30645
2941	26193
3620	33067
3620	4219
3620	27633
3620	25337
15928	29483
35779	8710
24412	1009
24412	25694
24412	10436
24412	11032
24412	5441
33807	2917
33807	17910
33807	33957
33807	38438
33807	16070
33807	11683
33807	31701
33807	18583
27674	25651
27674	34371
27674	11512
27674	11219
27674	30679
9973	1026
9973	28386
9973	27475
9973	31299
32468	31458
32468	35215
4935	3089
4935	6363
23772	19786
23772	1800
23772	38094
26693	26274
26693	25981
31491	35875
35781	4891
35781	30037
6837	8413
6837	12902
6837	11364
6837	31681
31495	36697
31495	39658
31495	25524
31495	25543
2015	37867
2015	22126
2015	34565
2015	23906
27971	11442
27971	19956
27971	24183
27971	29059
2016	23418
2016	31460
2016	23115
23449	39206
23449	6189
23449	18555
26381	37925
4939	10229
4939	5518
16570	16467
16570	8078
16570	39976
16570	17623
16570	12956
16570	15449
16570	11711
33498	7728
20612	25158
11546	33098
11546	17144
11546	5369
11546	21656
11546	30311
11546	21344
11546	32299
11546	30317
11546	11930
11546	3409
11546	33601
11546	19167
11546	39679
11546	4715
11546	238
11546	19810
11546	35918
11546	35616
11546	31327
11546	30379
11546	14550
11546	26538
11546	11711
8449	16012
3295	4521
3295	14316
38921	24208
12811	18393
12811	38408
4290	2261
4290	18552
4290	26845
18114	4521
18114	24338
18114	14316
18114	3295
18114	29040
18114	11675
3310	12284
3310	35235
3310	34239
3310	26507
3310	2773
36412	16199
36412	36518
36412	3136
36412	13609
30224	11191
30550	18697
30550	24871
16255	20264
16255	34867
37674	15296
16257	6768
6549	20133
6549	34923
32832	23115
32832	35071
32832	224
32832	900
29231	20451
4306	11160
4306	32177
11253	4397
8789	39156
8789	11696
789	16080
29236	38204
29236	36
29236	28740
29236	31335
37988	10593
37988	36376
37988	11214
37988	12904
37988	5390
37988	34908
37988	32643
30884	22157
9391	4563
9391	34859
9391	39010
9391	26143
9391	8233
9391	9508
9391	7636
8138	33450
39884	29172
39884	8910
17827	35741
17827	36863
19405	36996
19726	38270
20028	35361
20028	10889
20028	35070
20028	7453
20028	18089
20028	13111
20028	39553
20028	38909
20028	37660
20028	3397
20028	6964
20028	38089
20028	28775
20028	28161
4318	2261
4318	14627
4318	34355
4318	26932
4318	6177
4318	29512
4318	2933
4318	25485
4318	28387
4318	22284
4318	4720
4318	3420
4318	21373
4318	11034
4318	35925
4318	11968
4318	39719
4318	31017
34157	27137
34157	20130
22217	34737
18459	20826
18459	26320
18459	11930
18459	39355
18459	3108
18459	10758
18459	29056
18459	39414
35821	20596
35821	5377
3673	23704
3673	2316
3673	6946
3673	7252
3673	15422
3673	37158
3673	14805
3673	18845
3673	7606
3673	23568
3673	1518
36440	20741
36440	26882
20657	22619
20657	35608
20657	25540
20657	28763
15970	27144
15970	22644
14738	32400
14738	11546
14738	21656
14738	17599
14738	11930
14738	8542
14738	19167
14738	39679
14738	4715
14738	34238
14738	19810
14738	3777
14738	31327
14738	34275
22231	11799
22231	32325
7196	29043
7196	16080
6890	21830
37109	28502
12223	6961
15057	35361
15057	29187
38025	12473
38025	1651
38025	34157
38025	1202
38025	20130
29293	15430
9453	32911
9453	33255
9453	24194
9453	30999
9453	29380
9453	8275
40245	32939
32910	25363
1764	6440
1764	21790
1764	31818
1764	26524
31263	29459
31263	30126
31263	11034
22265	37341
22265	28111
4042	35375
4042	33980
6326	31400
6326	13369
10412	21194
8527	10849
8527	34
8527	724
8527	15912
8527	545
8527	31633
8527	16374
8527	27144
8527	3798
10413	30311
10413	35918
10413	37200
11010	21859
11010	13540
11010	22943
11010	5712
11010	18863
18813	4907
30617	8232
12265	24326
4691	19904
4691	37013
4691	30506
4691	31972
26465	39372
221	24308
221	3897
221	35211
221	32585
221	5116
10415	21473
10415	26615
10415	33739
10415	1952
10415	32129
10415	24193
10415	4761
10415	15788
29308	30950
29308	26808
29308	38717
29308	23558
34860	981
34860	25299
34860	873
34860	9518
12893	36358
12893	18262
33917	38852
33917	18370
33917	5566
33917	39209
33917	35755
33917	28887
33917	31266
33917	4045
33917	27445
33917	36527
33917	2136
33917	6661
33917	32615
33917	33312
33917	26180
33917	5098
33917	17332
33917	22664
33917	18583
33917	30700
23877	32347
18512	34859
18512	35896
18512	11032
18512	11356
25151	21652
25151	40652
10080	34874
10080	4071
10080	14226
10080	32013
10080	1528
26467	18576
26467	2177
4045	18370
4045	32615
22922	28075
22922	35236
22922	30020
3062	5051
9775	23566
12603	2861
12603	992
12603	1961
12603	36712
12603	12160
32578	25659
32578	11082
29019	10889
29019	4761
27438	30687
31609	39713
31609	27503
36185	26119
36185	16321
36185	27113
9471	21186
9471	11653
9471	31668
9471	33648
20693	14522
16659	34073
6330	27267
6330	32446
6330	20124
26791	38251
26791	31630
3397	2319
3397	6964
3397	38089
27440	33115
27440	26502
3747	19201
21340	30169
21340	12928
22269	34921
8530	27911
28383	39802
28383	1040
12274	21990
12274	40625
12274	17927
12274	32341
3402	5187
3402	2611
3402	15457
5374	6440
5374	1986
26792	6217
20082	36652
20082	32432
30307	18209
6934	30845
40261	19924
40261	31810
40261	37763
40261	24561
40261	2772
34219	30467
34219	22759
9143	3427
9143	24552
19465	10262
19465	27291
19465	8872
859	20543
859	24519
859	37761
859	5707
859	18559
13541	28085
13541	18573
13541	23597
13862	21534
13862	32311
9778	13589
9778	15159
17259	10833
17259	37325
17259	13863
17259	29330
28700	19904
5377	20596
5377	1234
4050	28751
860	7954
2727	28546
38040	18337
38040	24214
36504	361
36504	26939
36504	27436
36504	3435
36504	24582
11635	29168
11635	34874
11635	33957
11635	39712
11635	11683
30308	20864
30308	16008
30308	8534
30308	21656
30308	11930
30308	7916
30308	4715
30308	11647
30308	6651
30308	17620
30308	10746
30308	19817
30308	37188
30308	8259
30308	7949
30308	13270
30308	38748
30308	32010
30308	14550
39346	42
39346	8706
39346	20550
39346	11801
29666	6019
2461	2137
2461	5098
17261	39488
17261	30177
17261	8426
17261	28385
17261	36849
17261	13558
17261	33607
17261	18845
17261	14818
17261	39690
17261	26502
17261	31299
17261	3781
17261	28773
34539	6758
6938	26967
21658	5230
24813	17422
12904	10593
12904	4556
9144	30830
9144	12900
9144	39034
9144	39690
9144	21383
9144	10460
23542	8660
23542	34398
6009	30049
11924	37941
11924	4397
11924	38436
20384	9942
20384	14837
34223	31954
34223	15765
34223	36242
8861	17422
33925	24540
16965	17422
14796	25158
13864	10774
30628	8673
30628	32432
30628	25990
6334	9408
6334	20397
6334	31636
6334	21392
6334	14850
27106	7625
7905	30150
32585	21334
32585	221
32585	13558
32585	37459
26130	6217
23888	27804
31960	28502
31960	25363
1175	32085
1175	13587
1175	603
5381	24856
5381	33320
5381	20146
25158	10579
25158	14796
25158	12930
29994	22619
29994	35608
29994	25540
10718	13722
10718	21859
10718	20406
10718	11032
25490	30781
38393	8701
38393	14952
38393	18688
17903	38723
39959	34366
25491	557
25491	30992
25491	4424
25491	2769
30314	20389
30314	37190
23889	8541
23889	21048
23889	14835
23889	31679
23889	26838
23889	38748
23889	2516
18225	20411
18225	11372
18225	27144
18225	40315
23544	22119
23544	20702
21987	28728
23252	1607
23252	34358
23252	9933
23252	35397
23252	10291
23252	38463
39350	6746
39350	27440
39350	14793
39350	7252
39350	8228
39350	20434
39350	10131
39350	2164
39350	22040
38044	36316
38044	34344
19160	2759
4053	38094
11929	16315
11929	21360
11929	21691
11929	28432
11929	4114
27447	2244
27447	26122
27447	29659
27447	38121
14483	33399
14483	11202
14483	1350
14483	35768
14483	33596
14483	28092
14483	34921
21037	6217
13226	23094
39962	15560
39962	29702
8211	6438
8211	6165
8211	6045
8211	14851
37154	21489
37154	31636
33270	10593
33270	39198
33270	12264
33270	13894
33270	34908
33270	32643
19161	20746
4057	13349
15726	34660
15726	27284
15726	33957
15726	39712
15726	11683
15726	11980
15726	31701
28706	20907
28707	3205
28707	19614
28707	36
28707	28849
28707	6177
28707	30484
28707	12264
28707	10084
28707	12904
28707	28101
28707	11946
28707	11034
28707	24206
28707	5075
28707	29702
28707	23582
28707	22637
27450	21195
27450	11335
27450	22284
26799	17010
2121	8078
2121	26656
2121	31322
2121	11711
3756	39214
231	9596
231	33460
231	18394
231	24853
38047	23079
38047	34078
38047	14674
10423	37033
7256	4761
33926	12922
33926	23914
17910	33957
17910	38438
17910	13594
17910	33312
17910	5098
17910	31701
17910	32347
17910	18583
24820	7060
24820	38223
24820	35023
24820	8860
25163	23079
25163	11470
25163	34078
25163	6934
25163	9786
25163	29030
25163	18863
25163	30358
25163	28142
5384	12286
32302	17467
32302	22959
12910	26128
12910	28084
12910	11032
12910	10738
12910	26175
12910	12336
26800	28546
26800	11809
26800	4922
26800	31481
16969	10426
16969	25522
16969	16384
16969	1223
16969	11390
35882	12424
35882	16518
35882	17898
35882	28387
35882	25818
35882	19797
35882	4720
35882	35260
35882	22958
35882	27804
35882	8580
35882	37485
556	7785
2469	19904
2469	6165
2469	35394
2469	28085
2469	16376
2469	22322
2469	14851
5043	35023
5043	30506
5043	28085
22277	37592
22277	31826
22277	15413
34873	23117
34873	21554
34873	22002
34873	23309
25164	7458
25164	19161
25164	250
3077	2873
32303	2861
32303	1961
32303	4881
32303	18510
32303	33267
32303	23588
32592	3267
11024	31456
11024	24056
11024	16209
11024	24813
11024	40022
9488	10310
9488	20378
9488	38422
9488	18271
6344	5803
6344	37599
27114	39837
27114	2459
27114	11647
27114	7610
27114	32628
27114	37200
20397	6334
20397	9810
31278	11360
31278	30372
21668	26661
14188	23937
867	1348
867	2148
867	19834
13871	2921
13871	29340
34551	6950
34551	11654
34551	17635
6019	30451
6019	29666
5390	4556
5390	12904
5390	34908
26804	16813
16972	35046
26485	13731
26485	35756
26485	4268
26485	17781
26485	34914
26485	31016
26485	11988
26485	16408
3409	20864
3409	34729
3409	22482
3409	16008
3409	8534
3409	21656
3409	30308
3409	11930
3409	7916
3409	39679
3409	11647
3409	27123
3409	6651
3409	17620
3409	10746
3409	19817
3409	37188
3409	9510
3409	8259
3409	33316
3409	7949
3409	13270
3409	38748
3409	14550
24825	36993
24825	6217
11933	2247
11933	4550
26486	1308
26486	35375
26486	10257
26486	6161
26486	8078
26486	30515
26486	25386
26486	16252
26486	4042
26486	35216
26486	1484
26486	10724
26486	15436
26486	30040
26486	34256
26486	33980
8547	24176
8547	15438
8547	14527
8547	6991
17271	26636
17271	4231
17271	30145
9153	35621
8548	31146
8548	6338
4066	19625
4066	40145
28090	5038
28090	36847
28090	1833
28711	4569
24826	2486
24826	22023
24826	4439
24188	35349
6020	4514
6020	29989
32927	10258
32927	1487
32927	5394
32927	1183
32927	870
32927	29675
24189	11530
15120	13698
15120	12284
15424	11142
15424	19315
15424	28262
15424	12922
15424	39685
15424	29380
7913	7131
1791	8398
1791	4379
1791	16973
1791	27496
1791	10147
1791	11075
25166	11799
25166	39953
25166	32325
25166	16389
28092	34921
40617	29777
21041	11786
21041	4552
19167	19277
19167	19154
19167	21656
19167	8542
19167	4715
19167	567
19167	19810
19167	17929
19167	3777
19167	37188
19167	7946
19167	12965
19167	35616
19167	6987
19167	21401
19167	11698
19167	14550
17609	25678
17609	39557
17609	39953
17609	16389
24192	33415
24192	3890
24192	38840
24192	400
24192	2474
24192	24221
24192	37493
7600	23710
7600	24659
7600	10089
7600	11369
7600	12643
7600	36904
7600	33998
17610	4890
17610	29359
15122	36372
4069	17104
4069	34087
35890	5158
35890	24006
33932	6489
33932	550
33932	35220
33932	17939
33932	7638
21673	25363
32931	34276
14493	13337
14493	6758
14493	28869
14493	11623
14493	18218
14493	2132
14493	16694
14493	30669
33277	25363
5051	26167
33278	14328
33278	34859
33278	22669
38056	35375
38056	33245
38056	33980
37164	32085
37164	13587
1188	4700
1188	23927
1188	2176
14193	31469
14193	18830
38057	14330
10730	8668
10730	5808
10730	18348
10730	11194
10730	24807
10730	40280
10730	900
10730	11077
38058	4263
10731	34574
12617	11034
12617	38726
12617	13903
12617	38096
32598	38248
32598	23269
32598	39712
32598	12966
32598	3135
32598	22659
873	25299
36523	36838
8552	37878
8552	16805
15126	14790
15126	894
15126	3472
30968	9263
30968	7398
30968	32429
30968	31433
4390	30668
4390	1829
21998	15409
24195	34418
4391	35046
3414	30432
3414	24991
3414	34401
3414	15437
3414	26825
3414	18859
8222	34111
30005	38839
30005	7910
16343	31950
28717	10552
28717	35001
28717	22276
28717	15749
28717	37488
32937	8997
32937	20864
32937	34729
32937	6651
32937	17922
32937	11661
32937	13270
40275	9810
30006	26636
5710	13583
5710	4114
5710	3475
18828	6217
33938	19004
33938	14035
33938	26962
33938	16848
33938	17471
33938	16012
33938	23932
33938	25202
33938	21713
33938	1524
33938	33654
25505	27924
25505	20095
25505	37464
25505	17635
25505	38116
26150	8244
6956	2871
6956	35274
35251	17728
27464	12424
27464	17898
27464	22001
27464	15769
27464	40643
27464	39719
27464	13284
34561	25965
34561	3599
241	18047
241	10277
241	31264
241	8219
241	20409
241	28443
16346	24701
16346	13568
18830	14193
22609	8389
22609	5443
23269	8743
23269	34234
23269	30677
5056	35608
22291	5523
22291	25681
22291	18080
18531	23597
6957	12600
6957	11928
6957	40271
6957	35602
6957	23585
6957	31031
39369	19333
8868	39214
8868	39951
8868	22592
8868	15728
8868	33940
8868	30017
8868	39690
8868	9180
8868	10460
8868	40325
12922	25363
32601	88
23904	17422
21676	38844
21676	4570
21676	34869
21676	12914
21676	30324
21676	16990
21676	28132
21676	37507
1492	8702
1492	37459
37446	7106
19800	28728
29334	31272
2136	18370
2136	5566
2136	28887
2136	20926
2136	2728
2136	32615
2136	33312
2136	5098
2136	18583
18532	20864
18532	34729
18532	16008
18532	8534
18532	8541
18532	6651
18532	17620
18532	10746
18532	37188
18532	38748
20711	33479
30971	35770
40630	28204
40630	30348
40630	25530
40630	33634
40630	28774
26494	11780
26494	35382
26494	13067
26494	21828
26494	18244
13566	2499
39372	16142
39372	18351
39372	37015
39372	26465
39372	11930
39372	39357
39372	38416
39372	36222
39372	18860
39372	14518
39372	2516
39372	17654
39372	28440
5711	19800
5711	28728
34235	17110
6650	26627
6650	29847
6650	26967
6650	22268
6650	35894
6650	38717
6650	9808
6650	8895
6650	21389
6650	26534
6650	25560
23561	4514
23561	30506
23561	16314
23561	6020
23561	19834
26154	31299
26154	25217
19492	27144
11943	13677
11943	32131
11943	31453
11943	11660
39374	29452
39374	37886
39374	18047
39374	28077
39374	8528
39374	5382
39374	19178
39374	35259
39374	11034
39374	31660
39374	16378
39374	39721
39374	2514
39374	29072
32604	37755
31643	10565
31643	27639
31643	29077
6959	8994
37168	8661
22953	4222
23275	31810
23275	37175
3767	39779
3767	19350
33944	11918
35580	36993
35580	6217
4080	6190
4080	19965
4080	20590
22002	27108
22002	22300
22002	22024
1800	11461
1800	20546
1800	4053
1800	34564
1800	22008
1800	38094
18843	21524
18843	37947
11653	33648
33946	29476
9795	35360
9795	7085
9795	24176
9795	15438
9795	14527
9795	6991
15133	30467
15133	16037
13241	18559
13241	25561
34567	732
34567	35256
34567	30679
2479	3555
2479	1501
34883	11141
34883	25558
19805	12284
19805	11028
19805	34239
19805	26507
25827	28776
35256	732
35256	30679
32942	31020
11356	28546
22300	10731
1802	17104
1802	26643
23563	11933
28105	24344
28105	4545
28105	394
28105	21684
37783	11937
37783	29344
14818	39690
14818	2187
23910	11646
22955	28085
22955	18573
1496	17422
39038	26638
10113	1968
10113	18252
10113	36903
2742	28212
2742	40023
27469	35361
16040	14328
9796	10277
9796	10883
9796	8219
9796	20409
6656	22775
5064	25299
5064	22265
5064	873
33287	11637
34887	39680
34887	26192
34887	38502
11655	19004
11655	32161
6358	27822
12632	40252
12632	24529
12632	14820
12632	11363
12632	16068
12632	7297
12632	8909
33611	11034
33611	37217
32606	37341
32606	28111
18849	12902
25514	13364
25514	4714
25514	32602
22618	24218
20420	2160
20420	33655
4083	8905
4083	9531
3427	36327
3427	25988
3427	37761
3427	35577
3427	15136
3427	610
16046	12648
27471	25363
17286	30354
22959	20521
22959	25364
22959	32302
34244	6758
34244	20830
34244	702
34244	26308
34244	32435
34244	25965
34244	33088
34244	12135
34244	30627
34244	31644
34244	25838
34244	10754
34244	20120
34244	15457
7272	1019
7272	16694
31979	35708
16357	24623
16357	16820
16357	6801
16357	23922
16357	11965
16357	38755
38078	25363
17289	37492
36871	15457
10116	10258
10116	20695
10116	30009
10116	13596
29681	2904
3769	14345
40636	39053
4088	33438
4088	6961
26502	20821
26502	30177
26502	27440
26502	1508
26502	20434
26502	10131
26502	2164
26502	9823
26502	22040
34888	38268
34888	5594
34888	28095
34888	40643
4405	20596
4089	27584
4089	14945
4089	36070
4089	39951
4089	6003
4089	22592
4089	29993
4089	16690
4089	31028
9497	5243
28111	37341
28111	3392
11951	34366
38727	35001
23915	40291
4729	9332
4729	5703
6029	12284
6029	2487
17290	3927
17290	11527
17290	26123
17290	19161
17290	29381
10451	5396
10451	34243
10451	3439
886	17422
37786	28546
7275	10284
23568	2316
23568	21862
23568	3673
23568	31688
18851	4058
22622	15727
22622	24551
18544	2620
18544	34874
18544	13251
18544	13912
18544	4755
18544	4114
13246	31618
13246	39972
13246	18835
13246	21059
13246	32317
13246	20749
13246	40665
15138	6758
13247	28432
29344	37189
8565	11142
8565	19315
8565	2300
8565	26958
8565	28262
8565	3610
8565	3948
8565	39846
8565	26142
8565	12922
8565	29071
8565	29380
17927	17422
4730	23251
25518	8051
25518	39381
25518	29719
25518	613
31981	27296
18251	38822
38083	13731
38083	31617
38083	31016
14511	19594
14511	5858
14511	25677
14511	11055
14511	38750
22007	5424
30983	1583
36875	3204
36875	29359
36875	12952
36875	2759
39989	31384
39989	361
39989	16033
39989	10736
39989	21381
19810	21656
19810	3777
19810	7946
19810	35616
19810	21401
19810	31327
8239	8974
8239	23094
8239	3748
15140	15790
22010	15904
11363	24529
11363	14820
11364	18652
11364	8413
11364	20092
11364	21674
11364	31681
35266	34103
35266	16694
18546	40108
18546	36882
28416	6217
22011	30314
22011	20389
22011	37190
4732	25618
4732	12111
4732	11821
19187	22654
4091	7462
4091	17011
24545	3223
24545	27267
24545	32446
10118	24172
21064	28250
21064	8204
21064	36552
21064	27508
28418	6001
28418	27112
28418	8559
9805	2300
9805	1484
9805	30637
9805	12922
9805	14204
9805	13575
9805	27808
9805	38760
25837	37909
25837	19930
25837	394
25837	21684
25837	16694
4409	386
4409	37307
4410	32400
4410	29477
4410	2896
4410	30169
4410	5372
4410	30308
4410	38711
4410	3409
4410	39679
4410	38416
4410	39372
4410	28413
4410	14518
4410	899
4410	36232
4410	7946
29348	25363
21692	29344
1812	8673
23919	21085
23919	11385
9810	14936
9810	32118
9810	37320
9810	11015
9810	2457
9810	20397
9810	23269
9810	12308
9810	10142
9810	14850
9810	39076
40639	25369
2148	32129
39996	13988
23284	35046
10120	24326
20111	25363
26825	30432
26825	34401
26825	15437
16052	15584
19188	21044
19188	32009
19188	10150
21067	8056
21067	10277
21067	4880
39997	7059
39997	17100
39997	20855
39997	8766
39997	29727
16366	29670
16366	10736
16366	23914
16366	29683
38088	28546
3438	32328
3438	2516
10121	4699
10121	24546
11954	15457
3439	10451
21068	18065
3442	35618
32952	35048
33614	24874
1815	28516
1815	2892
1815	28078
1815	15145
9502	22098
9502	18673
31302	12727
19506	14681
7278	15529
7278	38524
7278	23898
7278	16675
7278	1501
7278	34915
22309	18652
22309	4882
22309	23253
39700	22283
39700	21409
5724	21832
2155	36361
2155	11053
16372	40408
16372	36906
18257	36321
18257	12430
18257	27609
18257	2912
18257	16252
18257	25203
11049	26339
11049	3068
11049	15728
11049	36849
11049	10727
11049	16033
11049	10736
11049	13272
20725	26310
20725	25205
17300	38385
17300	21102
6667	15601
2488	25021
2488	2460
10456	27448
37466	17422
10125	33449
17301	38067
36545	17757
36545	13398
36545	25363
36545	30178
36545	40251
36545	10710
36545	8533
36545	2127
36545	28776
36545	23948
36545	10150
36545	33985
15142	35727
15142	31809
15142	4723
18859	30432
18859	8331
18859	33485
4418	24178
4418	34240
4418	9182
39051	7755
27482	5542
27482	14648
27482	8268
39052	10845
39052	6165
21073	12459
25526	34729
25526	31279
25526	17620
25526	30023
25526	8259
25526	7949
25526	13270
26169	2471
26169	6385
31662	3906
31662	6640
31662	33707
24552	33939
24552	10744
23291	35256
15758	34237
14214	3744
14214	26797
14214	5699
14214	565
14214	39729
14214	11711
6041	31154
6041	34408
6041	25356
6041	24055
6041	39541
6041	1985
6041	8090
39053	29489
39053	40636
39053	12642
39053	32320
39053	24559
33623	36359
33623	15788
32617	30105
32617	2247
32617	35695
32617	4550
32617	30154
32617	26803
32617	11933
32617	236
32617	26489
32617	32932
32617	3420
32617	14504
32617	9201
32617	39409
27809	27905
27809	37615
9506	16314
9506	35215
9506	28085
9506	8902
9506	32344
9185	14328
9185	34859
9185	23555
21387	11340
27810	705
27810	4881
11670	21219
37468	4699
37468	13920
17302	34263
13903	1625
13903	11034
31310	19614
31310	36
31310	11034
31310	22628
31310	38096
33625	2458
33625	37797
13591	18971
13591	35011
13591	4550
13591	17471
13591	23563
13591	23932
13591	1524
13591	33654
27135	33774
38436	4397
14216	0
14216	20907
23578	21044
14517	31470
14517	37028
8573	38399
8573	8242
37188	18070
37188	22482
37188	30308
37188	3409
37188	19167
4421	12748
4421	27472
4421	38730
4421	11667
4421	39706
30032	25658
30032	35220
30032	5414
30032	11659
30032	2774
9816	20555
9816	17635
35598	40617
3781	28385
3781	6946
3781	15422
3781	16033
3781	10736
3781	2140
3781	18845
3781	23914
3781	29693
3781	28773
3781	35289
33959	31431
33959	35032
16059	7370
16059	17742
8575	17011
8575	33329
9510	20864
9510	34729
9510	22482
9510	16008
9510	8534
9510	21656
9510	30308
9510	11930
9510	3409
9510	7916
9510	11647
9510	27123
9510	6651
9510	17620
9510	10746
9510	3777
9510	14835
9510	37188
9510	10758
9510	8259
9510	31679
9510	26838
9510	7949
9510	38748
9510	11064
9510	2516
9510	22038
7286	0
7286	14330
7286	20907
7286	21978
15766	8353
15766	12479
1513	28412
35923	4893
35923	11395
27811	16978
27811	29333
27811	36873
27811	13912
27811	29368
27811	1528
27811	4114
22313	9781
22313	37762
22313	24861
22313	6976
10129	13383
10129	2452
10129	39033
12323	12314
12324	7942
23294	265
20731	34704
34253	23729
13264	4381
13264	30983
12646	36993
12646	6217
3782	36
3782	11034
7290	18871
2760	40481
39059	23704
39059	29333
39059	16041
39059	40325
21390	28869
21390	20876
21390	16694
27142	22119
27142	23544
27142	20702
27142	33631
35277	23068
36230	28273
1211	17422
10132	376
10132	16495
10132	22436
10132	11803
10132	15121
14219	12142
14219	16991
14219	1824
14219	36250
14219	12665
14219	36571
16386	24344
33631	22119
33631	7742
33631	23544
33631	20702
33631	27142
7626	19302
22024	22606
22024	10731
25849	30512
38098	26661
19195	8243
19195	34276
14839	1961
14839	33091
14839	17915
14839	19501
20735	11442
20735	4255
20735	23121
20735	19475
20735	1786
20735	15125
20735	17289
23582	6217
11060	1595
11060	22759
11060	37175
17012	23731
16064	11058
16064	12649
31670	2578
31670	3883
31670	19294
23931	10118
23584	7375
23584	37461
23584	40315
15150	10870
15150	30158
15150	20929
15150	10710
15150	24813
15150	33277
15150	35904
15150	10783
9514	12276
33308	27632
33308	17155
33308	7252
33308	15422
33308	18845
33308	16041
33308	24544
33308	25537
4750	10845
4750	6165
35604	36044
35604	18212
35604	20092
35604	34250
19513	18952
19513	21514
19513	29692
19513	16694
7945	5819
7945	19640
7945	26119
7945	31617
7945	25867
7631	22111
7631	34733
38100	23251
38100	5737
32628	27114
4102	8709
31316	26945
14840	16490
14840	37179
30677	22147
30677	23269
30355	32153
30355	31314
24558	26604
24558	21816
24558	18833
24558	8244
16067	27817
16067	12665
23588	2861
23588	1961
23588	36712
23588	33267
34908	10593
34908	4556
34908	18699
34908	11214
34908	12904
34908	32643
27494	12055
27494	16540
17639	33291
1519	3738
7291	9901
7291	21389
29703	31390
29703	3253
29703	22802
29703	27128
29703	28434
30041	7106
5734	26837
37478	21827
6048	2860
6048	26490
6048	26530
10762	40614
21710	26308
21710	38059
9192	25643
9192	17112
36552	21064
2167	35236
2167	30020
29707	35215
29707	28085
36553	23409
36553	31958
21085	23919
21085	11385
29058	19958
18569	30781
18569	15727
6977	252
6678	38067
6678	17301
6678	4114
6678	34922
32632	26130
32632	26800
32632	37786
32632	38088
902	23713
902	27295
902	6967
23933	30177
23933	28589
23933	17261
23933	26502
38105	20867
3785	8534
3785	26145
3785	2736
3785	11647
3785	17620
3785	12928
3785	23569
3785	37188
3785	8259
3785	29365
3785	34259
3785	22038
11682	11546
11682	8534
11682	30311
11682	21344
11682	39679
11682	17620
11682	17922
11682	32328
5435	10235
5435	7758
28136	5749
2168	18555
33315	23251
33315	18555
40011	6117
11969	6165
5436	32799
5436	14209
26524	6440
5095	38242
5095	17770
5095	20091
5095	11647
5095	7267
5095	19809
5095	32002
5095	8259
5095	7949
5095	21719
5095	31328
37483	14300
19201	27571
19201	3747
19201	20091
39061	19315
39061	7639
39061	3145
34914	37319
34914	17781
34914	33586
34914	27479
34914	18869
34914	27166
29061	38519
8263	34078
8263	6934
8263	30358
8263	28142
12963	6438
12963	29185
36891	10889
36891	2462
36891	30018
18573	28085
19202	26122
19202	29659
19202	27447
19202	38121
25205	20725
1217	22272
1217	27144
1217	26837
1217	17956
34260	25363
40652	15597
40652	4583
40652	32910
40652	35904
40652	19510
34593	3435
38750	376
38750	32605
29062	29797
29062	6165
29062	10284
29062	11335
29062	5094
29062	19834
18874	34358
18874	23252
29366	970
29366	346
29366	24677
29366	24804
29366	3427
29366	38435
29366	4426
29366	25560
16709	13054
16709	19322
16709	20403
34595	17777
34595	7930
34595	32327
34595	18888
21714	32453
16072	34661
16072	2300
16072	9954
16072	6500
16072	4695
16072	1476
16072	12922
16072	39685
16072	16073
16072	40655
16072	37498
21397	4071
37203	17130
25207	40318
10470	2300
10470	2912
10470	34225
10470	30637
10470	22281
10470	12922
10470	14204
10470	13575
10470	9805
10470	27808
10470	600
10470	24574
10470	38760
10470	7962
26183	9286
26183	3475
6055	5819
6055	33914
6055	9183
6055	27826
19829	12473
19829	1651
19829	38435
18576	2177
28767	6165
36893	29720
23937	3531
23937	3739
23937	1797
23937	6670
591	28889
591	24063
9198	25363
9198	27432
9198	1474
9198	26474
9198	10728
9198	21673
9198	7265
9198	28109
9198	29348
9198	34260
9198	29719
40016	13348
30049	32175
30049	6009
17317	16991
17317	14219
17317	28435
31015	36060
36894	14328
36894	34859
36894	14514
6375	8752
29713	7755
38753	23265
38753	38730
38753	30668
38753	33648
28432	19002
28432	16315
28432	11929
28432	21360
28432	21691
28432	31995
28432	4114
28770	36825
13272	38186
13272	26339
13272	3068
13272	15728
13272	3413
13272	33607
13272	31299
17019	28546
9202	23393
9202	39519
9202	34397
9202	25829
9202	8247
9202	12956
9202	5111
9202	17334
11067	9276
3462	21652
14850	9810
31688	21862
31688	28385
31688	6946
31688	14805
31688	35289
28434	8669
28434	19629
28434	10153
30363	36635
30363	19615
30363	21076
30363	23932
30363	25202
35617	33777
35617	39065
35617	3141
13277	9791
35618	7762
35618	28078
35618	20741
25542	2483
25542	40296
25542	4440
16075	9039
16075	12303
37492	33122
5442	13090
39410	4397
35939	24677
28147	39053
24235	28109
23598	4880
23598	15300
23598	23890
23598	34556
23598	7271
23598	40288
23598	10454
23598	18271
23598	2181
32340	7120
26188	18212
14535	33098
14535	5369
14535	30317
14535	22951
14535	39393
14535	39394
24237	21785
24237	15895
24237	30846
24237	25803
24237	38052
24237	34244
24237	15457
275	17422
275	24813
275	8861
275	23904
275	4084
275	28109
275	40289
275	269
275	17649
5444	31460
5444	560
5444	37473
5444	20440
37212	28223
37212	35739
37212	15428
37212	34887
37212	26192
37212	3144
37212	38502
28775	2640
28775	24874
36559	36855
36559	33952
7302	27232
7302	10258
7302	2312
7302	18212
7302	11659
1527	22729
1527	26320
1527	11961
1527	11711
7953	5808
7953	23115
7953	24807
7953	560
7953	40280
7953	11077
17647	36645
17647	13908
17647	28784
31020	22298
8910	25971
8910	35233
8910	254
8910	32625
8910	7961
39413	10578
39413	18370
39413	4045
39413	34901
39413	5098
39413	18583
39414	28570
39414	19354
39414	21656
39414	39679
39414	31327
21400	80
38756	10863
38756	19834
38756	27829
23945	27642
17322	8058
17322	39225
28153	30836
28153	17468
27824	10095
37494	3874
37494	18032
37494	33098
37494	25971
37494	25988
37494	10617
37494	9330
37494	5369
37494	9139
37494	30311
37494	21344
37494	30317
37494	26134
37494	33601
37494	238
37494	17281
37494	39686
37494	34240
37494	22004
37494	7615
37494	35918
37494	12646
37494	14526
37494	39394
37494	9199
37494	2171
37494	30379
37494	4445
37494	36576
37494	11711
32342	31264
32342	1839
32342	17698
17957	33735
17957	23247
17957	29999
12974	40622
24573	39190
36250	376
36250	719
36250	32579
36250	15125
36250	19181
36250	13245
36250	28760
36250	28435
36250	36571
34266	37776
34266	12956
34266	26185
4766	36635
4766	2594
4766	10736
4766	29350
37801	10258
37801	36044
37801	33245
37801	18212
37801	5378
37801	25161
37801	17270
37801	20092
37801	22962
29071	19315
29071	28262
29071	38053
29071	26142
29071	17275
29071	40325
29071	3145
8912	11504
6990	29330
5107	35581
17651	5858
17651	27121
17651	6051
10773	12665
18273	15859
10150	17422
599	13863
17958	6164
17958	35867
17958	3116
15785	24956
15785	17943
30371	6117
30371	32422
30371	33735
30371	18696
30371	31283
600	12430
600	37910
600	2300
600	2912
600	12922
600	14204
600	13575
600	9805
600	27808
600	10470
600	24574
17326	2625
33980	35375
33980	4042
37497	39488
37497	5854
37497	30177
37497	7590
37497	28385
37497	7252
37497	8228
37497	28773
29376	17422
29376	25363
37498	8347
37498	4695
37498	1476
37498	30323
34602	23729
34602	29984
34602	34253
24574	19289
24574	14204
24574	13575
24574	27808
34269	31409
10152	11034
18890	5188
18890	18249
16717	16842
16717	28886
16717	29685
16717	17028
16717	1849
6382	38852
6382	6946
6382	7252
6382	15422
6382	18845
6382	33308
6382	35289
6382	37226
31696	35215
31696	23261
31696	11953
31696	29066
17028	16842
4440	28546
11694	35741
11694	10151
25213	27790
31698	11034
21409	31082
7648	21087
7648	1525
7648	18884
19839	33604
31331	3141
31331	36576
17960	9808
28781	26661
28782	21813
916	7268
916	32328
916	2516
20453	28567
20453	13409
39724	3561
21102	17300
38116	27924
38116	22444
38116	33796
38116	39352
38116	20095
38116	25505
38116	37464
38116	19191
38116	17635
38116	40018
37499	14945
37499	30830
37499	36070
37499	10910
37499	21864
37499	12894
37499	6003
37499	29993
37499	9482
37499	18529
37499	16690
37499	31299
37499	13272
37499	7639
37499	19213
37499	31028
33985	17422
11696	39156
30378	25363
11700	7384
11700	1497
22336	31961
15169	19302
15169	7422
15169	7626
20140	2605
20140	22144
20140	30983
3793	32432
3793	7771
3793	23427
3793	35867
3793	13568
3793	3116
3793	4761
3138	5706
3138	14830
25554	36327
25554	33260
25554	26523
5749	28136
5749	29381
14545	3886
39079	25952
39079	31266
39079	39022
39079	23926
39079	29068
18580	1943
30381	32910
30381	1496
30381	31683
17657	22970
34272	17714
34272	20529
34272	20865
34272	13578
34272	30354
34272	593
1230	31268
1230	15103
1230	9806
32653	17093
32653	13380
32653	38566
32653	7906
32653	18871
27832	15881
27832	25363
19529	6165
19529	19024
19529	2773
19529	593
22984	17701
22984	4902
2518	8685
2518	13705
31706	18232
37504	39153
30383	4545
12348	26636
26536	26606
40022	17422
21414	34358
21414	16548
21414	17479
21414	28085
2180	5555
2180	19209
1847	25363
16089	27111
17335	732
18277	31804
7654	23424
28443	8219
28443	20409
610	3427
18895	19930
18895	16694
40334	32
40334	29998
40334	40615
40334	38412
40334	4393
40334	36207
40334	30650
40334	34571
40334	29357
40334	8893
40334	38443
40334	21392
40334	594
40334	2182
6389	12477
6389	12912
6389	24205
6389	23932
6389	1524
6389	33654
6697	6217
6697	26130
6697	30336
6697	11034
24253	25644
24253	27925
24253	7106
24253	9779
24253	15423
24253	37446
24253	20413
7959	8331
7959	39221
2519	24993
2519	30164
2519	18390
16407	24819
16407	17914
22040	33115
22040	221
22040	26502
18280	38178
18280	4510
18280	24005
18280	19149
18280	3756
18280	25818
18280	10724
18280	22284
18280	22958
18280	27485
18280	40643
18280	37485
26537	14804
26537	20126
26537	34932
8600	877
8600	28164
28446	28869
28446	20876
28446	16694
28446	21390
9846	25021
40670	28847
40670	17607
31039	2611
31039	3402
31039	15457
920	36346
33337	14922
33337	13048
33337	20236
33337	40608
33337	33649
33338	14602
33338	24353
33338	14025
33338	39956
33338	28407
21106	32439
21106	32939
22668	18334
22668	22438
22668	9841
40672	6217
40025	34394
614	20095
614	37464
614	19191
7660	30177
7660	26502
7660	3781
5454	20865
5454	21656
5454	21667
5454	12928
5454	13578
5454	30354
5454	593
17040	6165
17040	25651
17040	35907
35301	40134
35301	23889
35301	8542
35301	39355
35301	27123
35301	34240
35301	35918
35301	14835
35301	39393
35301	32328
35301	31679
35301	32643
35301	37494
35301	2516
37231	4057
17348	8709
17348	24176
17348	30383
17042	10727
17042	23914
12356	16864
12356	31314
12356	4439
12356	30693
30709	26638
2187	15902
24590	24039
11403	22421
11403	24029
31051	15522
36608	376
4803	32960
23029	17426
5139	35741
38505	38523
