0 6
1 4
2 3
3 6
4 5
5 3
6 4
7 2
8 3
9 6
10 2
11 5
12 1
13 1
14 6
15 2
16 0
17 5
18 6
19 5
20 4
21 1
22 5
23 6
24 6
25 6
26 6
27 4
28 4
29 5
30 1
31 1
32 1
33 6
34 7
35 0
36 4
37 1
38 2
39 4
40 4
41 7
42 6
43 1
44 0
45 1
46 1
47 1
48 4
49 3
50 4
51 4
52 1
53 1
54 5
55 1
56 1
57 2
58 1
59 5
60 6
61 6
62 3
63 1
64 5
65 1
66 1
67 1
68 0
69 6
70 1
71 3
72 4
73 4
74 6
75 4
76 7
77 6
78 2
79 6
80 2
81 1
82 0
83 5
84 1
85 6
86 3
87 1
88 1
89 6
90 1
91 3
92 4
93 1
94 4
95 3
96 5
97 1
98 6
99 6
100 3
101 1
102 6
103 6
104 0
105 4
106 4
107 4
108 1
109 7
110 4
111 3
112 5
113 7
114 4
115 7
116 6
117 1
118 4
119 4
120 5
121 5
122 5
123 6
124 6
125 3
126 5
127 6
128 6
129 6
130 5
131 5
132 6
133 1
134 6
135 1
136 2
137 4
138 6
139 1
140 0
141 1
142 5
143 4
144 5
145 5
146 1
147 6
148 1
149 4
150 1
151 1
152 6
153 1
154 4
155 3
156 1
157 1
158 2
159 1
160 1
161 4
162 4
163 3
164 1
165 4
166 5
167 4
168 1
169 6
170 6
171 1
172 5
173 6
174 2
175 4
176 5
177 5
178 3
179 6
180 1
181 1
182 5
183 6
184 6
185 3
186 2
187 5
188 6
189 2
190 3
191 1
192 6
193 1
194 7
195 1
196 7
197 1
198 4
199 1
200 1
201 6
202 1
203 3
204 5
205 1
206 2
207 1
208 5
209 1
210 1
211 4
212 3
213 6
214 1
215 3
216 2
217 4
218 4
219 5
220 6
221 6
222 5
223 1
224 6
225 1
226 4
227 1
228 5
229 4
230 5
231 5
232 6
233 6
234 6
235 6
236 2
237 5
238 0
239 1
240 6
241 1
242 1
243 6
244 1
245 7
246 7
247 2
248 4
249 5
250 3
251 7
252 6
253 1
254 6
255 5
256 5
257 5
258 6
259 6
260 6
261 6
262 4
263 6
264 3
265 6
266 6
267 6
268 1
269 4
270 1
271 6
272 6
273 5
274 1
275 2
276 6
277 1
278 6
279 5
280 1
281 0
282 1
283 7
284 5
285 6
286 6
287 4
288 1
289 1
290 6
291 6
292 1
293 6
294 6
295 4
296 4
297 5
298 6
299 4
300 6
301 1
302 1
303 5
304 6
305 4
306 4
307 5
308 3
309 6
310 1
311 4
312 6
313 1
314 5
315 5
316 2
317 6
318 6
319 6
320 6
321 6
322 6
323 2
324 2
325 1
326 3
327 6
328 2
329 3
330 6
331 7
332 5
333 1
334 1
335 2
336 1
337 2
338 2
339 4
340 2
341 7
342 5
343 3
344 6
345 6
346 6
347 1
348 0
349 2
350 5
351 6
352 3
353 6
354 0
355 5
356 1
357 6
358 6
359 6
360 6
361 1
362 1
363 4
364 1
365 1
366 6
367 5
368 0
369 6
370 1
371 0
372 4
373 1
374 6
375 6
376 5
377 6
378 2
379 5
380 6
381 1
382 3
383 6
384 1
385 1
386 1
387 1
388 4
389 4
390 6
391 5
392 6
393 4
394 1
395 1
396 0
397 0
398 6
399 2
400 6
401 2
402 1
403 4
404 1
405 2
406 0
407 6
408 6
409 5
410 7
411 4
412 2
413 1
414 0
415 6
416 0
417 3
418 6
419 6
420 5
421 6
422 5
423 5
424 5
425 6
426 1
427 2
428 1
429 1
430 3
431 6
432 1
433 2
434 1
435 6
436 1
437 0
438 4
439 5
440 1
441 2
442 2
443 4
444 6
445 6
446 6
447 5
448 6
449 6
450 6
451 0
452 6
453 2
454 1
455 6
456 4
457 0
458 5
459 2
460 4
461 3
462 3
463 2
464 2
465 1
466 4
467 2
468 0
469 6
470 1
471 4
472 1
473 6
474 4
475 6
476 6
477 3
478 2
479 6
480 1
481 6
482 6
483 4
484 6
485 4
486 6
487 4
488 3
489 4
490 4
491 2
492 1
493 3
494 6
495 3
496 1
497 1
498 2
499 3
500 6
501 3
502 6
503 1
504 5
505 6
506 4
507 1
508 1
509 6
510 6
511 1
512 4
513 4
514 1
515 3
516 2
517 2
518 6
519 5
520 5
521 3
522 6
523 7
524 1
525 1
526 3
527 6
528 1
529 2
530 1
531 1
532 3
533 6
534 6
535 3
536 4
537 2
538 6
539 3
540 6
541 2
542 6
543 5
544 3
545 1
546 0
547 0
548 1
549 1
550 5
551 4
552 6
553 6
554 5
555 4
556 2
557 5
558 1
559 3
560 1
561 6
562 6
563 5
564 6
565 0
566 6
567 5
568 6
569 2
570 2
571 3
572 5
573 4
574 0
575 4
576 7
577 1
578 6
579 3
580 5
581 5
582 6
583 1
584 3
585 1
586 1
587 3
588 1
589 1
590 4
591 2
592 6
593 6
594 0
595 5
596 6
597 1
598 6
599 6
600 1
601 4
602 5
603 5
604 4
605 2
606 4
607 6
608 0
609 6
610 7
611 4
612 3
613 1
614 3
615 5
616 4
617 5
618 6
619 6
620 5
621 1
622 6
623 6
624 0
625 3
626 6
627 1
628 3
629 4
630 1
631 1
632 6
633 6
634 1
635 0
636 6
637 1
638 3
639 4
640 1
641 2
642 1
643 1
644 4
645 2
646 0
647 2
648 7
649 2
650 1
651 1
652 4
653 6
654 7
655 3
656 5
657 6
658 6
659 6
660 3
661 2
662 1
663 6
664 1
665 1
666 1
667 5
668 1
669 3
670 4
671 6
672 7
673 1
674 4
675 1
676 1
677 3
678 7
679 6
680 4
681 1
682 5
683 3
684 1
685 6
686 5
687 6
688 6
689 6
690 6
691 1
692 3
693 6
694 1
695 5
696 7
697 2
698 2
699 5
700 5
701 1
702 6
703 1
704 1
705 4
706 6
707 6
708 5
709 5
710 6
711 6
712 1
713 1
714 4
715 4
716 1
717 6
718 3
719 1
720 6
721 4
722 6
723 1
724 3
725 2
726 6
727 6
728 3
729 5
730 5
731 6
732 6
733 5
734 1
735 6
736 6
737 5
738 1
739 6
740 5
741 5
742 1
743 0
744 6
745 5
746 6
747 3
748 3
749 2
750 4
751 4
752 7
753 1
754 7
755 2
756 4
757 1
758 5
759 4
760 7
761 3
762 6
763 5
764 1
765 1
766 3
767 2
768 1
769 3
770 6
771 3
772 6
773 5
774 6
775 1
776 7
777 7
778 5
779 2
780 6
781 2
782 6
783 5
784 7
785 3
786 2
787 2
788 5
789 6
790 1
791 1
792 0
793 4
794 5
795 6
796 6
797 5
798 0
799 0
800 6
801 2
802 4
803 4
804 3
805 1
806 2
807 1
808 3
809 7
810 6
811 6
812 6
813 6
814 6
815 5
816 6
817 5
818 6
819 5
820 1
821 7
822 6
823 0
824 5
825 2
826 1
827 1
828 2
829 3
830 1
831 6
832 7
833 1
834 4
835 3
836 6
837 6
838 6
839 4
840 0
841 6
842 2
843 4
844 5
845 1
846 3
847 3
848 2
849 6
850 2
851 4
852 7
853 2
854 6
855 6
856 4
857 6
858 1
859 1
860 4
861 3
862 4
863 6
864 3
865 6
866 3
867 3
868 6
869 6
870 2
871 5
872 1
873 1
874 6
875 4
876 6
877 2
878 1
879 2
880 1
881 4
882 2
883 3
884 5
885 1
886 5
887 1
888 2
889 1
890 2
891 1
892 3
893 6
894 1
895 1
896 1
897 0
898 3
899 6
900 6
901 6
902 5
903 6
904 7
905 7
906 6
907 3
908 6
909 2
910 3
911 3
912 1
913 6
914 2
915 0
916 6
917 5
918 1
919 4
920 4
921 1
922 3
923 3
924 6
925 6
926 2
927 1
928 2
929 0
930 4
931 4
932 5
933 5
934 7
935 2
936 3
937 2
938 5
939 6
940 3
941 1
942 6
943 6
944 5
945 6
946 4
947 6
948 5
949 6
950 1
951 6
952 1
953 3
954 1
955 6
956 3
957 1
958 6
959 5
960 1
961 1
962 1
963 6
964 4
965 5
966 4
967 7
968 5
969 6
970 4
971 4
972 2
973 6
974 1
975 3
976 6
977 5
978 1
979 0
980 3
981 2
982 5
983 5
984 2
985 1
986 7
987 1
988 1
989 6
990 3
991 2
992 6
993 1
994 1
995 5
996 5
997 5
998 3
999 5
1000 3
1001 3
1002 6
1003 5
1004 6
1005 4
1006 6
1007 0
1008 6
1009 1
1010 1
1011 6
1012 1
1013 3
1014 3
1015 1
1016 2
1017 6
1018 6
1019 3
1020 1
1021 5
1022 6
1023 6
1024 6
1025 0
1026 7
1027 1
1028 6
1029 1
1030 3
1031 1
1032 3
1033 0
1034 4
1035 1
1036 3
1037 2
1038 2
1039 1
1040 6
1041 2
1042 7
1043 1
1044 1
1045 4
1046 3
1047 7
1048 1
1049 1
1050 6
1051 1
1052 1
1053 2
1054 2
1055 5
1056 1
1057 1
1058 7
1059 0
1060 4
1061 5
1062 7
1063 7
1064 4
1065 5
1066 4
1067 6
1068 1
1069 3
1070 4
1071 0
1072 1
1073 5
1074 6
1075 1
1076 4
1077 1
1078 4
1079 5
1080 1
1081 6
1082 6
1083 5
1084 3
1085 0
1086 6
1087 1
1088 2
1089 7
1090 7
1091 3
1092 6
1093 6
1094 3
1095 1
1096 6
1097 6
1098 4
1099 5
1100 6
1101 6
1102 6
1103 1
1104 6
1105 6
1106 6
1107 1
1108 6
1109 1
1110 1
1111 4
1112 6
1113 6
1114 0
1115 5
1116 6
1117 1
1118 3
1119 5
1120 3
1121 4
1122 2
1123 1
1124 5
1125 4
1126 6
1127 6
1128 5
1129 7
1130 3
1131 5
1132 1
1133 6
1134 1
1135 0
1136 6
1137 6
1138 1
1139 4
1140 5
1141 0
1142 0
1143 3
1144 0
1145 7
1146 5
1147 0
1148 1
1149 5
1150 1
1151 5
1152 6
1153 2
1154 0
1155 5
1156 1
1157 2
1158 4
1159 1
1160 1
1161 1
1162 5
1163 4
1164 1
1165 6
1166 1
1167 6
1168 0
1169 6
1170 6
1171 5
1172 3
1173 6
1174 4
1175 1
1176 7
1177 5
1178 6
1179 1
1180 6
1181 1
1182 4
1183 3
1184 4
1185 4
1186 6
1187 4
1188 3
1189 4
1190 1
1191 7
1192 3
1193 5
1194 6
1195 3
1196 3
1197 6
1198 3
1199 0
1200 0
1201 6
1202 6
1203 0
1204 2
1205 4
1206 6
1207 0
1208 0
1209 6
1210 6
1211 6
1212 4
1213 2
1214 6
1215 4
1216 6
1217 1
1218 6
1219 1
1220 4
1221 2
1222 6
1223 6
1224 6
1225 3
1226 6
1227 1
1228 4
1229 0
1230 3
1231 0
1232 6
1233 5
1234 5
1235 6
1236 6
1237 5
1238 3
1239 1
1240 4
1241 3
1242 1
1243 2
1244 5
1245 4
1246 3
1247 5
1248 1
1249 6
1250 3
1251 1
1252 1
1253 4
1254 6
1255 1
1256 5
1257 0
1258 4
1259 4
1260 1
1261 1
1262 5
1263 1
1264 2
1265 0
1266 6
1267 3
1268 6
1269 3
1270 1
1271 6
1272 2
1273 1
1274 6
1275 1
1276 1
1277 4
1278 4
1279 1
1280 4
1281 6
1282 2
1283 0
1284 6
1285 3
1286 6
1287 3
1288 1
1289 4
1290 1
1291 1
1292 6
1293 6
1294 6
1295 1
1296 4
1297 3
1298 6
1299 6
1300 6
1301 6
1302 1
1303 5
1304 5
1305 6
1306 2
1307 0
1308 5
1309 2
1310 4
1311 5
1312 0
1313 2
1314 6
1315 4
1316 6
1317 7
1318 0
1319 1
1320 1
1321 3
1322 3
1323 5
1324 5
1325 3
1326 5
1327 6
1328 5
1329 6
1330 6
1331 1
1332 2
1333 6
1334 2
1335 3
1336 1
1337 3
1338 1
1339 3
1340 1
1341 0
1342 0
1343 3
1344 6
1345 4
1346 2
1347 4
1348 7
1349 6
1350 6
1351 6
1352 0
1353 4
1354 5
1355 7
1356 6
1357 6
1358 6
1359 1
1360 2
1361 4
1362 1
1363 5
1364 2
1365 6
1366 0
1367 5
1368 6
1369 0
1370 6
1371 1
1372 3
1373 1
1374 6
1375 5
1376 6
1377 4
1378 6
1379 4
1380 1
1381 1
1382 6
1383 7
1384 0
1385 1
1386 1
1387 0
1388 3
1389 2
1390 3
1391 2
1392 5
1393 6
1394 3
1395 1
1396 2
1397 1
1398 0
1399 6
1400 5
1401 3
1402 6
1403 1
1404 1
1405 0
1406 4
1407 0
1408 4
1409 4
1410 5
1411 2
1412 2
1413 1
1414 7
1415 6
1416 1
1417 4
1418 3
1419 1
1420 6
1421 6
1422 5
1423 6
1424 4
1425 1
1426 3
1427 6
1428 2
1429 4
1430 6
1431 6
1432 6
1433 5
1434 2
1435 6
1436 3
1437 3
1438 5
1439 4
1440 1
1441 1
1442 3
1443 1
1444 6
1445 5
1446 5
1447 6
1448 3
1449 5
1450 1
1451 0
1452 1
1453 6
1454 1
1455 5
1456 6
1457 4
1458 4
1459 2
1460 2
1461 1
1462 0
1463 1
1464 3
1465 1
1466 6
1467 6
1468 5
1469 6
1470 4
1471 2
1472 6
1473 0
1474 1
1475 6
1476 6
1477 6
1478 6
1479 4
1480 1
1481 7
1482 6
1483 4
1484 3
1485 6
1486 4
1487 5
1488 5
1489 1
1490 6
1491 6
1492 6
1493 3
1494 3
1495 4
1496 1
1497 3
1498 6
1499 1
1500 1
1501 6
1502 5
1503 1
1504 2
1505 2
1506 6
1507 6
1508 5
1509 6
1510 4
1511 4
1512 1
1513 6
1514 3
1515 1
1516 1
1517 6
1518 7
1519 3
1520 3
1521 3
1522 3
1523 5
1524 6
1525 4
1526 6
1527 1
1528 6
1529 6
1530 6
1531 2
1532 3
1533 5
1534 1
1535 1
1536 1
1537 5
1538 6
1539 3
1540 6
1541 1
1542 0
1543 1
1544 4
1545 6
1546 7
1547 0
1548 6
1549 3
1550 6
1551 4
1552 4
1553 0
1554 1
1555 6
1556 1
1557 6
1558 2
1559 1
1560 1
1561 6
1562 6
1563 4
1564 2
1565 1
1566 3
1567 5
1568 3
1569 6
1570 6
1571 0
1572 3
1573 3
1574 6
1575 7
1576 0
1577 0
1578 1
1579 4
1580 6
1581 7
1582 6
1583 2
1584 6
1585 4
1586 4
1587 5
1588 1
1589 3
1590 6
1591 6
1592 6
1593 5
1594 1
1595 1
1596 4
1597 3
1598 1
1599 1
1600 6
1601 1
1602 6
1603 4
1604 0
1605 0
1606 0
1607 3
1608 3
1609 2
1610 4
1611 3
1612 4
1613 2
1614 6
1615 3
1616 2
1617 5
1618 3
1619 3
1620 6
1621 6
1622 6
1623 3
1624 7
1625 1
1626 1
1627 4
1628 6
1629 1
1630 2
1631 7
1632 0
1633 4
1634 6
1635 6
1636 2
1637 6
1638 5
1639 6
1640 5
1641 3
1642 7
1643 4
1644 4
1645 3
1646 6
1647 6
1648 2
1649 5
1650 3
1651 7
1652 6
1653 1
1654 4
1655 7
1656 5
1657 3
1658 6
1659 6
1660 3
1661 4
1662 3
1663 6
1664 5
1665 6
1666 4
1667 7
1668 6
1669 3
1670 4
1671 6
1672 2
1673 3
1674 1
1675 5
1676 5
1677 6
1678 3
1679 4
1680 1
1681 1
1682 3
1683 6
1684 6
1685 2
1686 7
1687 1
1688 3
1689 4
1690 6
1691 1
1692 5
1693 6
1694 2
1695 7
1696 2
1697 6
1698 6
1699 6
1700 4
1701 1
1702 5
1703 2
1704 1
1705 6
1706 2
1707 4
1708 6
1709 2
1710 1
1711 6
1712 6
1713 0
1714 4
1715 0
1716 3
1717 2
1718 6
1719 0
1720 1
1721 5
1722 4
1723 6
1724 5
1725 4
1726 3
1727 6
1728 5
1729 1
1730 7
1731 3
1732 2
1733 3
1734 2
1735 6
1736 2
1737 5
1738 6
1739 3
1740 5
1741 4
1742 2
1743 2
1744 6
1745 7
1746 6
1747 6
1748 1
1749 1
1750 1
1751 2
1752 6
1753 7
1754 0
1755 6
1756 1
1757 4
1758 1
1759 2
1760 3
1761 3
1762 5
1763 6
1764 3
1765 0
1766 2
1767 2
1768 3
1769 3
1770 1
1771 5
1772 5
1773 1
1774 4
1775 6
1776 4
1777 4
1778 6
1779 0
1780 1
1781 2
1782 4
1783 1
1784 6
1785 2
1786 4
1787 1
1788 1
1789 6
1790 7
1791 5
1792 6
1793 0
1794 3
1795 3
1796 6
1797 6
1798 6
1799 2
1800 1
1801 4
1802 3
1803 2
1804 5
1805 6
1806 5
1807 5
1808 5
1809 7
1810 3
1811 2
1812 1
1813 3
1814 1
1815 1
1816 1
1817 3
1818 5
1819 5
1820 4
1821 3
1822 1
1823 5
1824 5
1825 1
1826 7
1827 2
1828 5
1829 1
1830 6
1831 4
1832 1
1833 6
1834 4
1835 5
1836 6
1837 0
1838 6
1839 0
1840 6
1841 5
1842 6
1843 3
1844 0
1845 5
1846 5
1847 6
1848 0
1849 2
1850 6
1851 2
1852 2
1853 7
1854 6
1855 5
1856 1
1857 5
1858 6
1859 1
1860 6
1861 6
1862 7
1863 2
1864 2
1865 2
1866 6
1867 2
1868 5
1869 1
1870 1
1871 6
1872 4
1873 1
1874 6
1875 7
1876 6
1877 4
1878 6
1879 1
1880 6
1881 2
1882 6
1883 6
1884 7
1885 6
1886 0
1887 3
1888 6
1889 6
1890 0
1891 3
1892 6
1893 3
1894 4
1895 2
1896 4
1897 5
1898 6
1899 6
1900 2
1901 3
1902 6
1903 5
1904 4
1905 4
1906 1
1907 6
1908 6
1909 5
1910 4
1911 4
1912 7
1913 2
1914 5
1915 3
1916 1
1917 6
1918 6
1919 3
1920 5
1921 6
1922 3
1923 5
1924 1
1925 6
1926 3
1927 6
1928 5
1929 4
1930 4
1931 3
1932 1
1933 1
1934 1
1935 6
1936 1
1937 2
1938 4
1939 1
1940 4
1941 3
1942 6
1943 3
1944 6
1945 6
1946 1
1947 2
1948 4
1949 0
1950 1
1951 1
1952 1
1953 1
1954 7
1955 1
1956 3
1957 3
1958 4
1959 6
1960 1
1961 4
1962 4
1963 1
1964 1
1965 6
1966 3
1967 3
1968 0
1969 2
1970 6
1971 0
1972 2
1973 3
1974 3
1975 4
1976 4
1977 2
1978 3
1979 3
1980 2
1981 4
1982 5
1983 2
1984 3
1985 4
1986 0
1987 3
1988 1
1989 1
1990 7
1991 6
1992 1
1993 6
1994 1
1995 5
1996 6
1997 6
1998 1
1999 6
2000 3
2001 4
2002 0
2003 1
2004 0
2005 3
2006 2
2007 4
2008 5
2009 3
2010 6
2011 4
2012 6
2013 6
2014 1
2015 4
2016 1
2017 6
2018 2
2019 2
2020 0
2021 4
2022 2
2023 5
2024 4
2025 1
2026 3
2027 6
2028 3
2029 0
2030 6
2031 3
2032 7
2033 6
2034 1
2035 1
2036 1
2037 2
2038 5
2039 6
2040 6
2041 1
2042 6
2043 4
2044 6
2045 4
2046 2
2047 6
2048 6
2049 7
2050 2
2051 1
2052 1
2053 1
2054 2
2055 3
2056 1
2057 6
2058 1
2059 3
2060 6
2061 6
2062 4
2063 3
2064 5
2065 1
2066 3
2067 6
2068 3
2069 0
2070 4
2071 4
2072 1
2073 6
2074 1
2075 1
2076 5
2077 1
2078 1
2079 5
2080 6
2081 3
2082 6
2083 1
2084 4
2085 0
2086 6
2087 6
2088 0
2089 1
2090 2
2091 2
2092 3
2093 3
2094 6
2095 6
2096 6
2097 6
2098 2
2099 2
2100 1
2101 5
2102 6
2103 2
2104 7
2105 0
2106 6
2107 6
2108 6
2109 5
2110 3
2111 3
2112 3
2113 4
2114 2
2115 6
2116 3
2117 6
2118 4
2119 6
2120 6
2121 1
2122 3
2123 6
2124 6
2125 1
2126 1
2127 3
2128 6
2129 6
2130 5
2131 3
2132 2
2133 5
2134 2
2135 1
2136 1
2137 6
2138 1
2139 2
2140 5
2141 6
2142 4
2143 3
2144 1
2145 4
2146 4
2147 2
2148 5
2149 3
2150 3
2151 5
2152 3
2153 1
2154 5
2155 7
2156 1
2157 1
2158 4
2159 6
2160 1
2161 1
2162 1
2163 4
2164 4
2165 1
2166 6
2167 0
2168 5
2169 1
2170 7
2171 4
2172 3
2173 6
2174 1
2175 7
2176 6
2177 1
2178 0
2179 4
2180 2
2181 5
2182 5
2183 6
2184 1
2185 0
2186 3
2187 2
2188 0
2189 2
2190 1
2191 3
2192 2
2193 6
2194 6
2195 1
2196 5
2197 6
2198 6
2199 3
2200 4
2201 4
2202 3
2203 6
2204 5
2205 6
2206 6
2207 6
2208 7
2209 6
2210 3
2211 4
2212 6
2213 3
2214 1
2215 7
2216 1
2217 5
2218 1
2219 1
2220 4
2221 1
2222 3
2223 3
2224 1
2225 4
2226 5
2227 3
2228 3
2229 6
2230 1
2231 3
2232 3
2233 1
2234 3
2235 2
2236 1
2237 4
2238 6
2239 6
2240 5
2241 1
2242 0
2243 7
2244 4
2245 1
2246 6
2247 1
2248 4
2249 5
2250 2
2251 5
2252 1
2253 7
2254 1
2255 2
2256 2
2257 4
2258 3
2259 6
2260 2
2261 3
2262 6
2263 6
2264 5
2265 3
2266 4
2267 7
2268 2
2269 6
2270 7
2271 6
2272 1
2273 3
2274 3
2275 6
2276 0
2277 3
2278 0
2279 3
2280 1
2281 2
2282 1
2283 1
2284 5
2285 5
2286 4
2287 6
2288 1
2289 0
2290 6
2291 5
2292 5
2293 1
2294 6
2295 1
2296 2
2297 1
2298 4
2299 4
2300 1
2301 6
2302 6
2303 3
2304 2
2305 6
2306 4
2307 6
2308 1
2309 6
2310 6
2311 5
2312 2
2313 6
2314 7
2315 1
2316 1
2317 3
2318 5
2319 1
2320 6
2321 2
2322 3
2323 1
2324 2
2325 3
2326 2
2327 2
2328 5
2329 5
2330 6
2331 6
2332 4
2333 5
2334 6
2335 4
2336 6
2337 2
2338 1
2339 6
2340 6
2341 5
2342 6
2343 5
2344 3
2345 3
2346 4
2347 1
2348 6
2349 3
2350 5
2351 0
2352 6
2353 1
2354 3
2355 3
2356 3
2357 2
2358 3
2359 3
2360 1
2361 6
2362 5
2363 3
2364 2
2365 6
2366 5
2367 1
2368 3
2369 2
2370 6
2371 4
2372 1
2373 1
2374 3
2375 7
2376 7
2377 6
2378 6
2379 1
2380 6
2381 6
2382 5
2383 6
2384 4
2385 1
2386 1
2387 2
2388 5
2389 2
2390 1
2391 5
2392 3
2393 6
2394 5
2395 6
2396 6
2397 1
2398 6
2399 5
2400 1
2401 6
2402 1
2403 0
2404 3
2405 4
2406 6
2407 6
2408 6
2409 5
2410 6
2411 1
2412 1
2413 5
2414 3
2415 4
2416 1
2417 1
2418 3
2419 2
2420 5
2421 6
2422 1
2423 7
2424 0
2425 1
2426 5
2427 3
2428 1
2429 0
2430 3
2431 7
2432 6
2433 1
2434 7
2435 2
2436 1
2437 1
2438 4
2439 5
2440 7
2441 6
2442 0
2443 5
2444 6
2445 6
2446 2
2447 4
2448 1
2449 6
2450 4
2451 3
2452 1
2453 1
2454 4
2455 4
2456 5
2457 1
2458 1
2459 0
2460 4
2461 7
2462 1
2463 1
2464 6
2465 1
2466 0
2467 0
2468 6
2469 3
2470 7
2471 6
2472 2
2473 1
2474 2
2475 2
2476 6
2477 1
2478 0
2479 6
2480 5
2481 1
2482 1
2483 6
2484 6
2485 6
2486 4
2487 7
2488 3
2489 6
2490 3
2491 6
2492 1
2493 3
2494 3
2495 0
2496 1
2497 1
2498 1
2499 6
2500 1
2501 0
2502 2
2503 2
2504 2
2505 1
2506 6
2507 5
2508 2
2509 1
2510 6
2511 3
2512 1
2513 7
2514 3
2515 3
2516 2
2517 5
2518 1
2519 4
2520 6
2521 6
2522 3
2523 1
2524 1
2525 3
2526 5
2527 1
2528 5
2529 3
2530 5
2531 6
2532 1
2533 3
2534 5
2535 1
2536 3
2537 7
2538 5
2539 1
2540 6
2541 6
2542 3
2543 3
2544 4
2545 3
2546 1
2547 4
2548 6
2549 6
2550 1
2551 1
2552 2
2553 6
2554 5
2555 7
2556 6
2557 2
2558 7
2559 1
2560 1
2561 4
2562 1
2563 3
2564 6
2565 4
2566 1
2567 3
2568 3
2569 4
2570 1
2571 6
2572 4
2573 6
2574 3
2575 6
2576 1
2577 3
2578 0
2579 1
2580 0
2581 4
2582 0
2583 3
2584 1
2585 1
2586 4
2587 7
2588 4
2589 3
2590 5
2591 2
2592 6
2593 1
2594 1
2595 6
2596 2
2597 1
2598 6
2599 6
2600 6
2601 2
2602 5
2603 2
2604 4
2605 5
2606 1
2607 1
2608 1
2609 2
2610 4
2611 4
2612 3
2613 1
2614 6
2615 6
2616 1
2617 6
2618 6
2619 1
2620 6
2621 4
2622 2
2623 2
2624 3
2625 3
2626 4
2627 3
2628 6
2629 1
2630 6
2631 3
2632 3
2633 3
2634 6
2635 2
2636 1
2637 6
2638 5
2639 6
2640 6
2641 1
2642 0
2643 2
2644 4
2645 6
2646 1
2647 5
2648 4
2649 6
2650 7
2651 3
2652 6
2653 1
2654 5
2655 3
2656 6
2657 6
2658 6
2659 6
2660 7
2661 6
2662 1
2663 4
2664 3
2665 6
2666 5
2667 2
2668 6
2669 1
2670 6
2671 6
2672 4
2673 3
2674 5
2675 6
2676 3
2677 7
2678 4
2679 6
2680 1
2681 2
2682 3
2683 7
2684 3
2685 6
2686 1
2687 0
2688 6
2689 6
2690 3
2691 1
2692 0
2693 6
2694 1
2695 1
2696 0
2697 3
2698 2
2699 0
2700 4
2701 4
2702 1
2703 1
2704 7
2705 1
2706 3
2707 6
2708 3
2709 1
2710 5
2711 6
2712 1
2713 6
2714 1
2715 1
2716 6
2717 2
2718 1
2719 6
2720 5
2721 6
2722 6
2723 1
2724 1
2725 6
2726 5
2727 1
2728 2
2729 6
2730 6
2731 1
2732 1
2733 1
2734 4
2735 2
2736 6
2737 2
2738 4
2739 3
2740 4
2741 1
2742 1
2743 4
2744 6
2745 6
2746 4
2747 6
2748 1
2749 1
2750 4
2751 4
2752 1
2753 1
2754 2
2755 6
2756 5
2757 5
2758 4
2759 1
2760 1
2761 4
2762 1
2763 3
2764 1
2765 6
2766 4
2767 3
2768 2
2769 1
2770 6
2771 4
2772 7
2773 1
2774 5
2775 2
2776 4
2777 2
2778 6
2779 5
2780 2
2781 1
2782 6
2783 3
2784 1
2785 1
2786 6
2787 6
2788 5
2789 1
2790 5
2791 4
2792 5
2793 7
2794 3
2795 4
2796 4
2797 1
2798 7
2799 1
2800 1
2801 4
2802 0
2803 1
2804 4
2805 6
2806 2
2807 1
2808 6
2809 4
2810 1
2811 6
2812 6
2813 5
2814 6
2815 1
2816 7
2817 1
2818 1
2819 6
2820 4
2821 4
2822 2
2823 6
2824 1
2825 1
2826 4
2827 6
2828 1
2829 6
2830 1
2831 4
2832 6
2833 1
2834 3
2835 4
2836 1
2837 5
2838 5
2839 4
2840 1
2841 0
2842 2
2843 6
2844 4
2845 6
2846 0
2847 3
2848 6
2849 2
2850 5
2851 0
2852 6
2853 6
2854 2
2855 6
2856 6
2857 3
2858 0
2859 6
2860 2
2861 2
2862 0
2863 3
2864 1
2865 6
2866 6
2867 1
2868 6
2869 5
2870 1
2871 4
2872 1
2873 6
2874 5
2875 1
2876 1
2877 5
2878 5
2879 3
2880 1
2881 6
2882 6
2883 6
2884 3
2885 5
2886 6
2887 6
2888 6
2889 1
2890 6
2891 1
2892 2
2893 3
2894 3
2895 2
2896 6
2897 1
2898 3
2899 2
2900 5
2901 4
2902 1
2903 1
2904 4
2905 4
2906 6
2907 3
2908 4
2909 1
2910 3
2911 6
2912 1
2913 6
2914 1
2915 5
2916 6
2917 3
2918 1
2919 0
2920 3
2921 7
2922 1
2923 5
2924 1
2925 2
2926 6
2927 1
2928 1
2929 6
2930 1
2931 6
2932 1
2933 1
2934 0
2935 7
2936 6
2937 0
2938 6
2939 5
2940 6
2941 4
2942 0
2943 5
2944 6
2945 3
2946 2
2947 5
2948 4
2949 5
2950 6
2951 5
2952 6
2953 2
2954 4
2955 4
2956 6
2957 2
2958 7
2959 4
2960 4
2961 6
2962 1
2963 1
2964 4
2965 7
2966 1
2967 6
2968 1
2969 4
2970 6
2971 1
2972 6
2973 3
2974 6
2975 2
2976 1
2977 3
2978 1
2979 6
2980 3
2981 6
2982 6
2983 6
2984 1
2985 1
2986 1
2987 3
2988 1
2989 1
2990 1
2991 6
2992 1
2993 3
2994 1
2995 6
2996 4
2997 3
2998 4
2999 4
3000 6
3001 6
3002 1
3003 6
3004 3
3005 3
3006 2
3007 1
3008 6
3009 1
3010 3
3011 4
3012 7
3013 4
3014 3
3015 7
3016 5
3017 1
3018 6
3019 7
3020 6
3021 2
3022 4
3023 2
3024 2
3025 6
3026 3
3027 6
3028 5
3029 0
3030 5
3031 1
3032 2
3033 0
3034 6
3035 4
3036 2
3037 4
3038 1
3039 6
3040 3
3041 5
3042 4
3043 5
3044 1
3045 4
3046 1
3047 6
3048 2
3049 7
3050 6
3051 6
3052 3
3053 6
3054 4
3055 6
3056 3
3057 2
3058 5
3059 5
3060 6
3061 6
3062 3
3063 6
3064 5
3065 2
3066 6
3067 6
3068 7
3069 7
3070 6
3071 0
3072 4
3073 4
3074 6
3075 0
3076 3
3077 4
3078 7
3079 6
3080 6
3081 6
3082 5
3083 3
3084 5
3085 1
3086 1
3087 5
3088 2
3089 0
3090 2
3091 2
3092 6
3093 6
3094 1
3095 1
3096 6
3097 1
3098 3
3099 2
3100 1
3101 4
3102 2
3103 3
3104 5
3105 6
3106 3
3107 1
3108 1
3109 4
3110 0
3111 6
3112 1
3113 6
3114 7
3115 7
3116 2
3117 1
3118 6
3119 2
3120 3
3121 1
3122 5
3123 6
3124 4
3125 3
3126 0
3127 5
3128 5
3129 6
3130 2
3131 7
3132 6
3133 6
3134 3
3135 5
3136 1
3137 1
3138 6
3139 4
3140 4
3141 1
3142 1
3143 5
3144 6
3145 1
3146 4
3147 5
3148 6
3149 6
3150 5
3151 5
3152 6
3153 1
3154 1
3155 4
3156 1
3157 4
3158 1
3159 1
3160 6
3161 6
3162 1
3163 5
3164 4
3165 2
3166 1
3167 2
3168 1
3169 6
3170 7
3171 6
3172 6
3173 1
3174 4
3175 1
3176 1
3177 6
3178 6
3179 4
3180 6
3181 1
3182 6
3183 6
3184 6
3185 6
3186 1
3187 4
3188 6
3189 7
3190 4
3191 1
3192 0
3193 7
3194 4
3195 1
3196 6
3197 1
3198 1
3199 4
3200 0
3201 5
3202 7
3203 7
3204 2
3205 1
3206 6
3207 4
3208 1
3209 3
3210 5
3211 6
3212 4
3213 7
3214 5
3215 0
3216 4
3217 2
3218 3
3219 1
3220 2
3221 6
3222 1
3223 1
3224 4
3225 6
3226 6
3227 1
3228 0
3229 1
3230 6
3231 5
3232 3
3233 1
3234 6
3235 6
3236 5
3237 6
3238 5
3239 1
3240 7
3241 6
3242 6
3243 6
3244 1
3245 7
3246 3
3247 6
3248 1
3249 3
3250 3
3251 6
3252 6
3253 4
3254 0
3255 6
3256 4
3257 6
3258 5
3259 7
3260 3
3261 6
3262 6
3263 2
3264 6
3265 1
3266 5
3267 1
3268 7
3269 6
3270 3
3271 4
3272 2
3273 3
3274 6
3275 4
3276 1
3277 4
3278 4
3279 6
3280 5
3281 1
3282 6
3283 2
3284 6
3285 6
3286 0
3287 6
3288 2
3289 6
3290 1
3291 2
3292 1
3293 5
3294 6
3295 3
3296 3
3297 6
3298 4
3299 3
3300 1
3301 6
3302 4
3303 1
3304 7
3305 2
3306 6
3307 1
3308 0
3309 2
3310 4
3311 6
3312 6
3313 3
3314 6
3315 2
3316 2
3317 3
3318 0
3319 6
3320 4
3321 0
3322 6
3323 6
3324 2
3325 6
3326 2
3327 1
3328 4
3329 3
3330 3
3331 1
3332 6
3333 1
3334 7
3335 4
3336 3
3337 3
3338 0
3339 4
3340 2
3341 4
3342 1
3343 1
3344 1
3345 2
3346 2
3347 6
3348 6
3349 3
3350 2
3351 3
3352 1
3353 6
3354 1
3355 1
3356 2
3357 6
3358 1
3359 4
3360 1
3361 5
3362 6
3363 6
3364 6
3365 6
3366 5
3367 4
3368 3
3369 4
3370 6
3371 2
3372 4
3373 6
3374 1
3375 5
3376 5
3377 6
3378 3
3379 6
3380 6
3381 3
3382 4
3383 3
3384 7
3385 1
3386 4
3387 1
3388 4
3389 5
3390 0
3391 5
3392 2
3393 6
3394 4
3395 3
3396 1
3397 1
3398 7
3399 6
3400 1
3401 2
3402 0
3403 4
3404 3
3405 1
3406 6
3407 1
3408 6
3409 1
3410 4
3411 6
3412 5
3413 0
3414 0
3415 2
3416 2
3417 1
3418 6
3419 4
3420 2
3421 3
3422 6
3423 5
3424 5
3425 1
3426 1
3427 4
3428 6
3429 1
3430 4
3431 5
3432 0
3433 3
3434 3
3435 6
3436 6
3437 1
3438 6
3439 6
3440 6
3441 6
3442 1
3443 1
3444 6
3445 6
3446 6
3447 5
3448 1
3449 6
3450 1
3451 3
3452 6
3453 1
3454 1
3455 3
3456 6
3457 3
3458 5
3459 6
3460 5
3461 1
3462 6
3463 1
3464 5
3465 1
3466 3
3467 1
3468 4
3469 7
3470 1
3471 2
3472 7
3473 4
3474 5
3475 3
3476 6
3477 5
3478 6
3479 6
3480 3
3481 2
3482 5
3483 1
3484 6
3485 1
3486 5
3487 6
3488 6
3489 2
3490 1
3491 6
3492 3
3493 6
3494 5
3495 1
3496 1
3497 1
3498 3
3499 4
3500 6
3501 4
3502 6
3503 4
3504 6
3505 0
3506 3
3507 4
3508 6
3509 1
3510 3
3511 5
3512 4
3513 3
3514 6
3515 4
3516 5
3517 0
3518 3
3519 0
3520 3
3521 7
3522 6
3523 2
3524 1
3525 1
3526 1
3527 7
3528 2
3529 2
3530 5
3531 1
3532 4
3533 1
3534 1
3535 0
3536 2
3537 0
3538 6
3539 3
3540 7
3541 0
3542 7
3543 2
3544 6
3545 7
3546 6
3547 6
3548 7
3549 3
3550 1
3551 6
3552 1
3553 2
3554 1
3555 6
3556 0
3557 3
3558 2
3559 3
3560 5
3561 4
3562 2
3563 5
3564 5
3565 2
3566 7
3567 3
3568 0
3569 5
3570 2
3571 1
3572 5
3573 3
3574 7
3575 2
3576 6
3577 4
3578 3
3579 4
3580 6
3581 7
3582 6
3583 2
3584 6
3585 4
3586 1
3587 7
3588 2
3589 3
3590 1
3591 4
3592 3
3593 6
3594 6
3595 3
3596 1
3597 2
3598 2
3599 1
3600 4
3601 5
3602 6
3603 1
3604 1
3605 4
3606 7
3607 3
3608 6
3609 0
3610 2
3611 0
3612 3
3613 4
3614 5
3615 1
3616 6
3617 3
3618 7
3619 5
3620 6
3621 6
3622 1
3623 6
3624 1
3625 3
3626 1
3627 6
3628 2
3629 1
3630 1
3631 3
3632 6
3633 1
3634 6
3635 1
3636 5
3637 3
3638 7
3639 0
3640 2
3641 7
3642 1
3643 4
3644 0
3645 1
3646 6
3647 1
3648 6
3649 2
3650 7
3651 1
3652 2
3653 1
3654 1
3655 1
3656 5
3657 6
3658 6
3659 6
3660 6
3661 1
3662 1
3663 2
3664 4
3665 3
3666 6
3667 6
3668 6
3669 1
3670 4
3671 3
3672 7
3673 1
3674 1
3675 1
3676 1
3677 4
3678 2
3679 0
3680 1
3681 4
3682 1
3683 6
3684 5
3685 4
3686 4
3687 3
3688 4
3689 4
3690 1
3691 3
3692 6
3693 6
3694 0
3695 3
3696 0
3697 7
3698 4
3699 6
3700 1
3701 3
3702 3
3703 6
3704 6
3705 1
3706 6
3707 1
3708 6
3709 1
3710 6
3711 2
3712 4
3713 6
3714 2
3715 7
3716 4
3717 2
3718 6
3719 5
3720 6
3721 6
3722 2
3723 4
3724 4
3725 1
3726 4
3727 2
3728 6
3729 1
3730 2
3731 3
3732 3
3733 6
3734 6
3735 1
3736 5
3737 6
3738 2
3739 3
3740 3
3741 5
3742 3
3743 3
3744 4
3745 1
3746 1
3747 5
3748 6
3749 2
3750 6
3751 3
3752 0
3753 7
3754 5
3755 5
3756 6
3757 3
3758 6
3759 5
3760 4
3761 7
3762 6
3763 4
3764 0
3765 4
3766 1
3767 1
3768 6
3769 0
3770 1
3771 1
3772 4
3773 1
3774 5
3775 4
3776 5
3777 1
3778 1
3779 3
3780 2
3781 1
3782 6
3783 1
3784 3
3785 6
3786 7
3787 4
3788 5
3789 4
3790 0
3791 1
3792 1
3793 1
3794 5
3795 6
3796 6
3797 2
3798 3
3799 6
3800 3
3801 5
3802 4
3803 5
3804 6
3805 2
3806 2
3807 6
3808 6
3809 3
3810 6
3811 2
3812 3
3813 1
3814 1
3815 2
3816 4
3817 7
3818 3
3819 1
3820 2
3821 3
3822 3
3823 1
3824 1
3825 2
3826 1
3827 3
3828 1
3829 1
3830 2
3831 4
3832 4
3833 1
3834 4
3835 4
3836 6
3837 3
3838 6
3839 3
3840 2
3841 6
3842 1
3843 2
3844 6
3845 5
3846 1
3847 1
3848 5
3849 4
3850 5
3851 2
3852 1
3853 0
3854 4
3855 3
3856 4
3857 0
3858 7
3859 6
3860 1
3861 6
3862 3
3863 0
3864 3
3865 1
3866 1
3867 6
3868 4
3869 1
3870 4
3871 3
3872 1
3873 5
3874 2
3875 5
3876 6
3877 6
3878 4
3879 5
3880 5
3881 5
3882 6
3883 3
3884 1
3885 5
3886 3
3887 3
3888 4
3889 4
3890 3
3891 4
3892 5
3893 6
3894 1
3895 7
3896 1
3897 6
3898 6
3899 6
3900 5
3901 1
3902 1
3903 5
3904 6
3905 5
3906 1
3907 3
3908 5
3909 6
3910 4
3911 3
3912 6
3913 3
3914 1
3915 5
3916 4
3917 6
3918 6
3919 5
3920 3
3921 0
3922 3
3923 6
3924 5
3925 3
3926 6
3927 3
3928 4
3929 6
3930 4
3931 4
3932 6
3933 6
3934 1
3935 0
3936 1
3937 3
3938 6
3939 5
3940 2
3941 5
3942 1
3943 0
3944 4
3945 6
3946 6
3947 6
3948 6
3949 1
3950 4
3951 6
3952 7
3953 1
3954 6
3955 1
3956 1
3957 1
3958 6
3959 3
3960 1
3961 2
3962 7
3963 5
3964 3
3965 6
3966 4
3967 1
3968 1
3969 4
3970 6
3971 0
3972 1
3973 6
3974 6
3975 1
3976 1
3977 6
3978 3
3979 1
3980 1
3981 1
3982 7
3983 4
3984 6
3985 7
3986 6
3987 6
3988 5
3989 1
3990 4
3991 1
3992 2
3993 1
3994 3
3995 1
3996 6
3997 5
3998 3
3999 6
4000 1
4001 4
4002 1
4003 6
4004 6
4005 5
4006 4
4007 1
4008 5
4009 3
4010 6
4011 0
4012 6
4013 6
4014 1
4015 4
4016 6
4017 6
4018 0
4019 1
4020 1
4021 4
4022 1
4023 6
4024 6
4025 1
4026 6
4027 3
4028 6
4029 4
4030 6
4031 4
4032 1
4033 4
4034 2
4035 2
4036 0
4037 3
4038 2
4039 4
4040 3
4041 3
4042 3
4043 3
4044 4
4045 1
4046 4
4047 6
4048 2
4049 4
4050 3
4051 1
4052 2
4053 1
4054 1
4055 4
4056 2
4057 2
4058 1
4059 3
4060 5
4061 1
4062 4
4063 6
4064 4
4065 1
4066 1
4067 7
4068 1
4069 3
4070 2
4071 6
4072 2
4073 1
4074 6
4075 5
4076 6
4077 5
4078 1
4079 0
4080 6
4081 6
4082 6
4083 6
4084 3
4085 3
4086 6
4087 5
4088 5
4089 1
4090 7
4091 6
4092 4
4093 5
4094 1
4095 6
4096 6
4097 4
4098 4
4099 2
4100 4
4101 5
4102 1
4103 4
4104 1
4105 2
4106 1
4107 3
4108 1
4109 3
4110 5
4111 6
4112 5
4113 6
4114 6
4115 1
4116 3
4117 6
4118 1
4119 0
4120 7
4121 1
4122 1
4123 6
4124 0
4125 5
4126 2
4127 6
4128 6
4129 6
4130 1
4131 2
4132 0
4133 2
4134 0
4135 1
4136 1
4137 1
4138 7
4139 0
4140 4
4141 4
4142 2
4143 5
4144 5
4145 5
4146 5
4147 6
4148 7
4149 5
4150 1
4151 6
4152 4
4153 1
4154 4
4155 6
4156 6
4157 6
4158 6
4159 6
4160 7
4161 6
4162 6
4163 4
4164 6
4165 1
4166 0
4167 6
4168 4
4169 1
4170 1
4171 5
4172 1
4173 4
4174 6
4175 2
4176 6
4177 6
4178 3
4179 6
4180 1
4181 5
4182 6
4183 3
4184 6
4185 3
4186 4
4187 4
4188 6
4189 1
4190 6
4191 6
4192 0
4193 1
4194 1
4195 3
4196 3
4197 5
4198 7
4199 3
4200 1
4201 3
4202 5
4203 6
4204 3
4205 1
4206 7
4207 3
4208 5
4209 1
4210 6
4211 6
4212 7
4213 6
4214 5
4215 1
4216 7
4217 6
4218 3
4219 1
4220 3
4221 5
4222 0
4223 3
4224 2
4225 1
4226 5
4227 3
4228 4
4229 0
4230 3
4231 1
4232 1
4233 6
4234 1
4235 1
4236 2
4237 5
4238 1
4239 1
4240 5
4241 6
4242 1
4243 6
4244 6
4245 2
4246 5
4247 1
4248 6
4249 6
4250 1
4251 5
4252 6
4253 6
4254 2
4255 3
4256 2
4257 6
4258 1
4259 4
4260 1
4261 6
4262 6
4263 7
4264 2
4265 2
4266 6
4267 6
4268 7
4269 7
4270 4
4271 5
4272 1
4273 7
4274 2
4275 1
4276 1
4277 6
4278 6
4279 5
4280 5
4281 2
4282 1
4283 1
4284 1
4285 4
4286 6
4287 5
4288 5
4289 4
4290 6
4291 1
4292 5
4293 5
4294 4
4295 4
4296 6
4297 4
4298 2
4299 0
4300 2
4301 4
4302 4
4303 6
4304 7
4305 1
4306 6
4307 6
4308 1
4309 4
4310 6
4311 4
4312 2
4313 7
4314 3
4315 6
4316 6
4317 4
4318 6
4319 0
4320 7
4321 1
4322 5
4323 1
4324 6
4325 1
4326 6
4327 6
4328 1
4329 7
4330 4
4331 0
4332 1
4333 6
4334 2
4335 5
4336 1
4337 6
4338 1
4339 0
4340 5
4341 1
4342 2
4343 3
4344 1
4345 6
4346 1
4347 6
4348 4
4349 3
4350 6
4351 5
4352 6
4353 6
4354 5
4355 6
4356 4
4357 5
4358 3
4359 6
4360 1
4361 1
4362 1
4363 2
4364 0
4365 7
4366 6
4367 4
4368 3
4369 6
4370 1
4371 7
4372 1
4373 4
4374 0
4375 2
4376 7
4377 6
4378 3
4379 5
4380 6
4381 6
4382 5
4383 1
4384 6
4385 6
4386 4
4387 1
4388 6
4389 0
4390 4
4391 5
4392 6
4393 6
4394 4
4395 1
4396 0
4397 6
4398 6
4399 5
4400 1
4401 0
4402 6
4403 2
4404 3
4405 1
4406 4
4407 4
4408 6
4409 3
4410 1
4411 6
4412 2
4413 1
4414 5
4415 6
4416 3
4417 6
4418 5
4419 1
4420 6
4421 6
4422 4
4423 6
4424 1
4425 2
4426 5
4427 4
4428 1
4429 1
4430 6
4431 0
4432 6
4433 4
4434 4
4435 4
4436 4
4437 6
4438 1
4439 0
4440 4
4441 2
4442 7
4443 5
4444 0
4445 1
4446 1
4447 6
4448 7
4449 1
4450 3
4451 1
4452 1
4453 6
4454 3
4455 3
4456 1
4457 5
4458 6
4459 6
4460 1
4461 3
4462 3
4463 6
4464 4
4465 6
4466 7
4467 2
4468 0
4469 4
4470 6
4471 1
4472 5
4473 3
4474 6
4475 6
4476 6
4477 1
4478 6
4479 4
4480 6
4481 0
4482 3
4483 6
4484 6
4485 6
4486 1
4487 6
4488 3
4489 1
4490 4
4491 6
4492 5
4493 3
4494 6
4495 1
4496 2
4497 5
4498 6
4499 6
4500 3
4501 1
4502 3
4503 3
4504 2
4505 1
4506 1
4507 1
4508 3
4509 2
4510 6
4511 6
4512 5
4513 7
4514 7
4515 2
4516 5
4517 4
4518 1
4519 3
4520 1
4521 1
4522 4
4523 4
4524 6
4525 6
4526 6
4527 1
4528 7
4529 4
4530 5
4531 6
4532 3
4533 1
4534 5
4535 6
4536 6
4537 5
4538 6
4539 2
4540 4
4541 7
4542 3
4543 7
4544 5
4545 1
4546 6
4547 0
4548 2
4549 7
4550 6
4551 1
4552 6
4553 6
4554 2
4555 3
4556 6
4557 5
4558 6
4559 3
4560 1
4561 5
4562 7
4563 1
4564 6
4565 4
4566 2
4567 5
4568 6
4569 4
4570 6
4571 3
4572 4
4573 7
4574 1
4575 2
4576 7
4577 1
4578 6
4579 6
4580 6
4581 5
4582 1
4583 2
4584 3
4585 6
4586 6
4587 1
4588 6
4589 6
4590 6
4591 6
4592 7
4593 1
4594 6
4595 6
4596 3
4597 0
4598 2
4599 5
4600 2
4601 4
4602 3
4603 2
4604 6
4605 3
4606 4
4607 6
4608 6
4609 1
4610 5
4611 5
4612 5
4613 5
4614 2
4615 5
4616 6
4617 3
4618 5
4619 2
4620 5
4621 1
4622 6
4623 2
4624 1
4625 1
4626 4
4627 0
4628 1
4629 1
4630 6
4631 1
4632 5
4633 1
4634 3
4635 6
4636 6
4637 4
4638 6
4639 2
4640 2
4641 6
4642 6
4643 0
4644 2
4645 5
4646 1
4647 5
4648 2
4649 1
4650 6
4651 1
4652 0
4653 3
4654 3
4655 5
4656 1
4657 1
4658 6
4659 6
4660 1
4661 1
4662 6
4663 6
4664 1
4665 1
4666 2
4667 2
4668 4
4669 6
4670 7
4671 1
4672 3
4673 5
4674 4
4675 2
4676 2
4677 1
4678 0
4679 7
4680 6
4681 6
4682 6
4683 3
4684 5
4685 1
4686 6
4687 3
4688 6
4689 1
4690 6
4691 7
4692 3
4693 3
4694 6
4695 6
4696 7
4697 6
4698 1
4699 1
4700 6
4701 4
4702 2
4703 6
4704 2
4705 1
4706 6
4707 3
4708 6
4709 3
4710 4
4711 6
4712 6
4713 6
4714 7
4715 7
4716 4
4717 6
4718 1
4719 4
4720 1
4721 2
4722 3
4723 2
4724 4
4725 3
4726 5
4727 5
4728 2
4729 4
4730 1
4731 4
4732 1
4733 4
4734 6
4735 4
4736 1
4737 6
4738 1
4739 2
4740 2
4741 2
4742 1
4743 7
4744 5
4745 4
4746 6
4747 3
4748 5
4749 6
4750 3
4751 2
4752 1
4753 0
4754 4
4755 6
4756 1
4757 3
4758 2
4759 2
4760 1
4761 6
4762 1
4763 5
4764 3
4765 0
4766 6
4767 3
4768 6
4769 6
4770 1
4771 6
4772 2
4773 4
4774 6
4775 4
4776 5
4777 1
4778 6
4779 1
4780 2
4781 6
4782 6
4783 1
4784 4
4785 6
4786 1
4787 6
4788 6
4789 5
4790 3
4791 6
4792 6
4793 1
4794 0
4795 2
4796 5
4797 4
4798 1
4799 3
4800 5
4801 6
4802 5
4803 6
4804 1
4805 7
4806 6
4807 1
4808 6
4809 1
4810 1
4811 3
4812 6
4813 5
4814 5
4815 0
4816 6
4817 1
4818 0
4819 2
4820 3
4821 6
4822 6
4823 3
4824 1
4825 0
4826 3
4827 6
4828 6
4829 2
4830 7
4831 1
4832 3
4833 1
4834 1
4835 4
4836 7
4837 1
4838 1
4839 6
4840 3
4841 6
4842 1
4843 1
4844 0
4845 6
4846 6
4847 6
4848 6
4849 5
4850 1
4851 3
4852 1
4853 1
4854 4
4855 2
4856 1
4857 6
4858 3
4859 0
4860 0
4861 5
4862 3
4863 3
4864 6
4865 6
4866 1
4867 1
4868 1
4869 7
4870 6
4871 6
4872 6
4873 6
4874 7
4875 1
4876 4
4877 6
4878 1
4879 4
4880 1
4881 2
4882 6
4883 2
4884 6
4885 1
4886 6
4887 3
4888 0
4889 7
4890 3
4891 1
4892 4
4893 3
4894 7
4895 6
4896 5
4897 2
4898 6
4899 5
4900 4
4901 2
4902 3
4903 1
4904 4
4905 2
4906 1
4907 1
4908 3
4909 4
4910 1
4911 2
4912 6
4913 3
4914 6
4915 1
4916 1
4917 3
4918 4
4919 6
4920 1
4921 6
4922 1
4923 5
4924 5
4925 5
4926 1
4927 0
4928 6
4929 0
4930 3
4931 5
4932 3
4933 6
4934 6
4935 1
4936 1
4937 5
4938 2
4939 1
4940 4
4941 6
4942 7
4943 5
4944 7
4945 5
4946 6
4947 5
4948 6
4949 2
4950 5
4951 5
4952 6
4953 6
4954 6
4955 0
4956 2
4957 3
4958 2
4959 4
4960 2
4961 1
4962 1
4963 1
4964 2
4965 2
4966 6
4967 1
4968 6
4969 1
4970 1
4971 6
4972 2
4973 3
4974 5
4975 5
4976 1
4977 0
4978 5
4979 6
4980 5
4981 2
4982 4
4983 6
4984 5
4985 3
4986 4
4987 4
4988 1
4989 3
4990 3
4991 4
4992 2
4993 5
4994 1
4995 1
4996 0
4997 1
4998 0
4999 2
5000 4
5001 4
5002 3
5003 4
5004 4
5005 2
5006 6
5007 6
5008 6
5009 1
5010 4
5011 5
5012 4
5013 6
5014 1
5015 6
5016 6
5017 2
5018 4
5019 5
5020 1
5021 0
5022 4
5023 0
5024 1
5025 5
5026 1
5027 5
5028 2
5029 4
5030 5
5031 4
5032 4
5033 6
5034 5
5035 1
5036 7
5037 6
5038 6
5039 6
5040 3
5041 1
5042 6
5043 1
5044 3
5045 2
5046 5
5047 1
5048 6
5049 6
5050 6
5051 4
5052 3
5053 5
5054 6
5055 0
5056 6
5057 1
5058 6
5059 1
5060 1
5061 6
5062 3
5063 1
5064 3
5065 1
5066 2
5067 1
5068 7
5069 2
5070 6
5071 3
5072 6
5073 0
5074 1
5075 1
5076 1
5077 6
5078 3
5079 3
5080 7
5081 4
5082 1
5083 3
5084 6
5085 1
5086 1
5087 0
5088 1
5089 3
5090 2
5091 6
5092 5
5093 1
5094 5
5095 6
5096 0
5097 6
5098 7
5099 6
5100 5
5101 1
5102 2
5103 6
5104 5
5105 6
5106 1
5107 5
5108 6
5109 4
5110 2
5111 4
5112 7
5113 2
5114 4
5115 3
5116 6
5117 2
5118 6
5119 1
5120 3
5121 1
5122 1
5123 1
5124 5
5125 2
5126 1
5127 5
5128 5
5129 1
5130 5
5131 5
5132 7
5133 6
5134 1
5135 5
5136 4
5137 1
5138 6
5139 6
5140 5
5141 7
5142 1
5143 6
5144 3
5145 7
5146 4
5147 2
5148 6
5149 0
5150 3
5151 1
5152 1
5153 5
5154 4
5155 7
5156 4
5157 1
5158 1
5159 6
5160 6
5161 2
5162 5
5163 5
5164 2
5165 3
5166 6
5167 6
5168 3
5169 5
5170 1
5171 3
5172 1
5173 4
5174 3
5175 3
5176 7
5177 7
5178 1
5179 3
5180 1
5181 4
5182 2
5183 1
5184 5
5185 1
5186 6
5187 1
5188 4
5189 3
5190 4
5191 4
5192 6
5193 3
5194 6
5195 6
5196 0
5197 1
5198 3
5199 6
5200 1
5201 6
5202 3
5203 7
5204 4
5205 6
5206 4
5207 6
5208 6
5209 4
5210 1
5211 4
5212 6
5213 3
5214 6
5215 3
5216 4
5217 4
5218 4
5219 7
5220 6
5221 1
5222 6
5223 6
5224 6
5225 1
5226 1
5227 1
5228 6
5229 4
5230 6
5231 7
5232 1
5233 0
5234 7
5235 5
5236 2
5237 5
5238 1
5239 1
5240 1
5241 6
5242 2
5243 6
5244 6
5245 2
5246 0
5247 1
5248 3
5249 4
5250 2
5251 7
5252 2
5253 1
5254 4
5255 6
5256 5
5257 2
5258 6
5259 6
5260 1
5261 6
5262 3
5263 4
5264 3
5265 1
5266 5
5267 5
5268 4
5269 1
5270 6
5271 5
5272 2
5273 1
5274 2
5275 2
5276 1
5277 5
5278 6
5279 5
5280 3
5281 6
5282 6
5283 5
5284 1
5285 2
5286 6
5287 3
5288 1
5289 4
5290 6
5291 5
5292 4
5293 6
5294 3
5295 3
5296 6
5297 5
5298 1
5299 4
5300 5
5301 7
5302 6
5303 3
5304 7
5305 4
5306 2
5307 3
5308 6
5309 6
5310 1
5311 6
5312 7
5313 7
5314 1
5315 3
5316 6
5317 4
5318 1
5319 2
5320 1
5321 4
5322 1
5323 6
5324 6
5325 1
5326 1
5327 6
5328 6
5329 2
5330 6
5331 1
5332 7
5333 5
5334 7
5335 1
5336 5
5337 1
5338 1
5339 1
5340 6
5341 2
5342 0
5343 4
5344 6
5345 6
5346 4
5347 1
5348 6
5349 1
5350 6
5351 6
5352 6
5353 6
5354 1
5355 6
5356 6
5357 6
5358 1
5359 6
5360 4
5361 5
5362 6
5363 3
5364 4
5365 6
5366 3
5367 1
5368 4
5369 6
5370 1
5371 6
5372 6
5373 3
5374 1
5375 4
5376 4
5377 1
5378 3
5379 3
5380 5
5381 6
5382 1
5383 6
5384 3
5385 6
5386 3
5387 1
5388 0
5389 0
5390 1
5391 1
5392 6
5393 2
5394 1
5395 2
5396 4
5397 4
5398 6
5399 6
5400 1
5401 4
5402 1
5403 7
5404 6
5405 6
5406 6
5407 6
5408 0
5409 2
5410 5
5411 1
5412 6
5413 2
5414 1
5415 6
5416 2
5417 1
5418 7
5419 5
5420 4
5421 5
5422 1
5423 1
5424 1
5425 2
5426 2
5427 2
5428 1
5429 5
5430 1
5431 2
5432 5
5433 4
5434 1
5435 3
5436 2
5437 4
5438 6
5439 5
5440 1
5441 6
5442 6
5443 6
5444 5
5445 4
5446 7
5447 3
5448 2
5449 6
5450 1
5451 2
5452 4
5453 3
5454 1
5455 6
5456 1
5457 1
5458 1
5459 6
5460 3
5461 4
5462 1
5463 6
5464 6
5465 2
5466 1
5467 4
5468 6
5469 6
5470 6
5471 6
5472 6
5473 1
5474 4
5475 1
5476 6
5477 0
5478 4
5479 0
5480 5
5481 0
5482 1
5483 4
5484 1
5485 7
5486 6
5487 1
5488 6
5489 6
5490 6
5491 2
5492 1
5493 6
5494 1
5495 6
5496 4
5497 2
5498 4
5499 1
5500 4
5501 1
5502 4
5503 4
5504 4
5505 3
5506 1
5507 6
5508 7
5509 2
5510 6
5511 4
5512 2
5513 4
5514 1
5515 5
5516 0
5517 1
5518 6
5519 1
5520 1
5521 1
5522 5
5523 5
5524 3
5525 6
5526 6
5527 1
5528 1
5529 2
5530 4
5531 6
5532 4
5533 1
5534 3
5535 1
5536 5
5537 5
5538 6
5539 1
5540 2
5541 4
5542 6
5543 6
5544 3
5545 3
5546 1
5547 5
5548 1
5549 4
5550 7
5551 6
5552 6
5553 5
5554 6
5555 2
5556 7
5557 6
5558 1
5559 7
5560 1
5561 4
5562 4
5563 1
5564 3
5565 2
5566 1
5567 6
5568 6
5569 2
5570 6
5571 3
5572 6
5573 6
5574 3
5575 4
5576 6
5577 6
5578 1
5579 0
5580 1
5581 5
5582 1
5583 1
5584 6
5585 6
5586 5
5587 5
5588 2
5589 3
5590 0
5591 5
5592 1
5593 6
5594 1
5595 6
5596 1
5597 6
5598 6
5599 2
5600 2
5601 1
5602 2
5603 1
5604 3
5605 1
5606 6
5607 2
5608 4
5609 6
5610 4
5611 5
5612 6
5613 5
5614 4
5615 4
5616 1
5617 1
5618 5
5619 2
5620 3
5621 0
5622 6
5623 6
5624 1
5625 6
5626 6
5627 5
5628 4
5629 7
5630 3
5631 1
5632 6
5633 1
5634 1
5635 3
5636 6
5637 6
5638 1
5639 1
5640 6
5641 7
5642 1
5643 1
5644 1
5645 0
5646 6
5647 1
5648 3
5649 6
5650 4
5651 6
5652 3
5653 2
5654 4
5655 2
5656 1
5657 4
5658 2
5659 4
5660 6
5661 4
5662 2
5663 1
5664 1
5665 4
5666 1
5667 7
5668 2
5669 6
5670 0
5671 1
5672 1
5673 5
5674 4
5675 5
5676 3
5677 1
5678 7
5679 6
5680 1
5681 2
5682 1
5683 0
5684 1
5685 4
5686 5
5687 0
5688 2
5689 6
5690 1
5691 2
5692 2
5693 1
5694 4
5695 3
5696 4
5697 5
5698 5
5699 1
5700 3
5701 1
5702 1
5703 6
5704 6
5705 1
5706 2
5707 6
5708 4
5709 6
5710 6
5711 2
5712 0
5713 1
5714 6
5715 1
5716 7
5717 6
5718 6
5719 3
5720 1
5721 6
5722 3
5723 1
5724 1
5725 1
5726 2
5727 2
5728 3
5729 1
5730 6
5731 5
5732 6
5733 1
5734 6
5735 7
5736 5
5737 6
5738 5
5739 1
5740 6
5741 3
5742 2
5743 3
5744 6
5745 4
5746 1
5747 5
5748 1
5749 3
5750 6
5751 6
5752 0
5753 2
5754 5
5755 2
5756 6
5757 5
5758 1
5759 5
5760 4
5761 3
5762 5
5763 1
5764 6
5765 3
5766 0
5767 6
5768 4
5769 6
5770 6
5771 3
5772 4
5773 5
5774 5
5775 3
5776 0
5777 3
5778 3
5779 1
5780 6
5781 3
5782 6
5783 2
5784 6
5785 3
5786 3
5787 3
5788 4
5789 1
5790 1
5791 4
5792 6
5793 5
5794 1
5795 3
5796 3
5797 6
5798 3
5799 6
5800 0
5801 4
5802 1
5803 5
5804 7
5805 1
5806 1
5807 4
5808 6
5809 0
5810 2
5811 2
5812 1
5813 3
5814 1
5815 5
5816 6
5817 1
5818 1
5819 3
5820 7
5821 1
5822 1
5823 1
5824 4
5825 2
5826 1
5827 5
5828 2
5829 5
5830 1
5831 2
5832 7
5833 6
5834 5
5835 3
5836 3
5837 6
5838 1
5839 1
5840 6
5841 1
5842 4
5843 4
5844 6
5845 4
5846 6
5847 1
5848 2
5849 2
5850 0
5851 3
5852 2
5853 6
5854 1
5855 6
5856 2
5857 1
5858 6
5859 6
5860 5
5861 1
5862 3
5863 3
5864 4
5865 3
5866 6
5867 5
5868 2
5869 3
5870 5
5871 2
5872 1
5873 3
5874 6
5875 5
5876 5
5877 5
5878 6
5879 2
5880 3
5881 6
5882 2
5883 5
5884 5
5885 1
5886 6
5887 1
5888 6
5889 3
5890 3
5891 7
5892 0
5893 3
5894 1
5895 1
5896 6
5897 6
5898 7
5899 1
5900 0
5901 1
5902 4
5903 6
5904 6
5905 0
5906 2
5907 3
5908 6
5909 6
5910 1
5911 5
5912 3
5913 1
5914 5
5915 2
5916 1
5917 3
5918 1
5919 6
5920 6
5921 5
5922 1
5923 4
5924 3
5925 6
5926 6
5927 5
5928 6
5929 2
5930 1
5931 6
5932 6
5933 6
5934 5
5935 6
5936 4
5937 6
5938 4
5939 2
5940 3
5941 3
5942 1
5943 3
5944 3
5945 6
5946 1
5947 0
5948 3
5949 3
5950 1
5951 5
5952 6
5953 4
5954 2
5955 6
5956 0
5957 3
5958 6
5959 5
5960 1
5961 6
5962 7
5963 4
5964 6
5965 1
5966 6
5967 6
5968 5
5969 5
5970 1
5971 1
5972 6
5973 5
5974 6
5975 6
5976 6
5977 2
5978 2
5979 6
5980 4
5981 3
5982 6
5983 1
5984 4
5985 1
5986 3
5987 3
5988 1
5989 1
5990 7
5991 1
5992 1
5993 4
5994 1
5995 2
5996 6
5997 4
5998 3
5999 1
6000 1
6001 4
6002 5
6003 4
6004 6
6005 1
6006 5
6007 2
6008 0
6009 1
6010 2
6011 0
6012 1
6013 0
6014 4
6015 4
6016 6
6017 3
6018 2
6019 4
6020 4
6021 6
6022 6
6023 0
6024 6
6025 1
6026 1
6027 4
6028 2
6029 3
6030 4
6031 1
6032 6
6033 6
6034 6
6035 5
6036 3
6037 1
6038 3
6039 6
6040 6
6041 1
6042 5
6043 1
6044 1
6045 0
6046 2
6047 7
6048 1
6049 1
6050 1
6051 1
6052 5
6053 6
6054 6
6055 7
6056 0
6057 0
6058 3
6059 3
6060 1
6061 3
6062 5
6063 4
6064 7
6065 1
6066 6
6067 3
6068 3
6069 4
6070 1
6071 3
6072 1
6073 6
6074 1
6075 6
6076 6
6077 6
6078 4
6079 4
6080 0
6081 2
6082 6
6083 6
6084 1
6085 4
6086 4
6087 1
6088 5
6089 1
6090 5
6091 2
6092 6
6093 4
6094 5
6095 5
6096 4
6097 1
6098 3
6099 2
6100 6
6101 1
6102 6
6103 6
6104 2
6105 4
6106 6
6107 1
6108 3
6109 1
6110 3
6111 5
6112 4
6113 5
6114 1
6115 6
6116 1
6117 1
6118 3
6119 4
6120 1
6121 6
6122 1
6123 3
6124 2
6125 5
6126 3
6127 2
6128 3
6129 3
6130 5
6131 3
6132 2
6133 5
6134 4
6135 6
6136 0
6137 6
6138 2
6139 1
6140 6
6141 6
6142 3
6143 2
6144 5
6145 5
6146 1
6147 1
6148 5
6149 6
6150 1
6151 2
6152 6
6153 5
6154 2
6155 1
6156 6
6157 4
6158 0
6159 4
6160 5
6161 4
6162 6
6163 5
6164 2
6165 3
6166 3
6167 0
6168 6
6169 1
6170 7
6171 7
6172 3
6173 5
6174 3
6175 6
6176 4
6177 4
6178 3
6179 3
6180 6
6181 1
6182 3
6183 6
6184 6
6185 6
6186 3
6187 4
6188 6
6189 3
6190 1
6191 1
6192 6
6193 7
6194 5
6195 3
6196 3
6197 7
6198 3
6199 5
6200 5
6201 1
6202 6
6203 1
6204 0
6205 1
6206 5
6207 5
6208 6
6209 1
6210 4
6211 3
6212 2
6213 2
6214 1
6215 6
6216 6
6217 5
6218 2
6219 7
6220 2
6221 5
6222 6
6223 1
6224 3
6225 1
6226 5
6227 6
6228 6
6229 6
6230 7
6231 5
6232 1
6233 5
6234 5
6235 3
6236 6
6237 4
6238 0
6239 2
6240 2
6241 1
6242 6
6243 3
6244 1
6245 1
6246 1
6247 5
6248 0
6249 1
6250 2
6251 4
6252 4
6253 6
6254 0
6255 2
6256 6
6257 2
6258 3
6259 6
6260 1
6261 5
6262 5
6263 3
6264 3
6265 6
6266 3
6267 6
6268 5
6269 4
6270 1
6271 1
6272 7
6273 2
6274 1
6275 2
6276 4
6277 1
6278 1
6279 6
6280 3
6281 4
6282 4
6283 1
6284 6
6285 0
6286 5
6287 6
6288 6
6289 6
6290 5
6291 6
6292 0
6293 1
6294 1
6295 1
6296 3
6297 6
6298 3
6299 1
6300 1
6301 4
6302 1
6303 6
6304 1
6305 1
6306 1
6307 1
6308 3
6309 3
6310 3
6311 6
6312 1
6313 6
6314 1
6315 6
6316 1
6317 0
6318 1
6319 6
6320 2
6321 6
6322 6
6323 4
6324 1
6325 3
6326 0
6327 6
6328 3
6329 1
6330 6
6331 4
6332 1
6333 5
6334 1
6335 6
6336 1
6337 1
6338 4
6339 7
6340 1
6341 4
6342 6
6343 6
6344 5
6345 6
6346 6
6347 5
6348 3
6349 1
6350 5
6351 1
6352 1
6353 6
6354 7
6355 5
6356 1
6357 2
6358 3
6359 5
6360 1
6361 6
6362 5
6363 2
6364 6
6365 1
6366 5
6367 1
6368 1
6369 4
6370 3
6371 6
6372 2
6373 6
6374 5
6375 0
6376 5
6377 5
6378 1
6379 4
6380 2
6381 6
6382 4
6383 2
6384 4
6385 5
6386 3
6387 6
6388 3
6389 4
6390 2
6391 2
6392 1
6393 1
6394 0
6395 4
6396 5
6397 6
6398 6
6399 3
6400 6
6401 5
6402 5
6403 4
6404 5
6405 1
6406 6
6407 6
6408 7
6409 6
6410 5
6411 4
6412 3
6413 6
6414 6
6415 0
6416 2
6417 4
6418 1
6419 5
6420 1
6421 5
6422 1
6423 5
6424 6
6425 5
6426 4
6427 1
6428 5
6429 1
6430 7
6431 1
6432 1
6433 1
6434 3
6435 6
6436 1
6437 3
6438 1
6439 6
6440 4
6441 1
6442 2
6443 1
6444 1
6445 1
6446 3
6447 4
6448 1
6449 6
6450 4
6451 4
6452 4
6453 5
6454 3
6455 6
6456 0
6457 3
6458 3
6459 1
6460 1
6461 6
6462 6
6463 1
6464 7
6465 2
6466 7
6467 3
6468 6
6469 1
6470 3
6471 6
6472 1
6473 1
6474 7
6475 6
6476 2
6477 1
6478 0
6479 2
6480 5
6481 1
6482 5
6483 1
6484 6
6485 4
6486 7
6487 6
6488 6
6489 6
6490 4
6491 3
6492 6
6493 1
6494 4
6495 1
6496 6
6497 6
6498 0
6499 4
6500 6
6501 1
6502 2
6503 3
6504 1
6505 6
6506 6
6507 6
6508 6
6509 1
6510 6
6511 4
6512 3
6513 3
6514 1
6515 1
6516 1
6517 1
6518 4
6519 2
6520 2
6521 6
6522 3
6523 1
6524 5
6525 2
6526 6
6527 6
6528 6
6529 0
6530 5
6531 1
6532 2
6533 5
6534 2
6535 6
6536 1
6537 6
6538 3
6539 1
6540 6
6541 0
6542 3
6543 0
6544 3
6545 4
6546 1
6547 3
6548 3
6549 1
6550 5
6551 6
6552 2
6553 7
6554 1
6555 6
6556 1
6557 2
6558 1
6559 2
6560 4
6561 5
6562 6
6563 4
6564 1
6565 3
6566 6
6567 6
6568 4
6569 3
6570 3
6571 1
6572 4
6573 1
6574 6
6575 1
6576 6
6577 1
6578 4
6579 4
6580 3
6581 3
6582 6
6583 1
6584 7
6585 1
6586 1
6587 5
6588 4
6589 3
6590 3
6591 1
6592 7
6593 4
6594 4
6595 1
6596 6
6597 6
6598 5
6599 1
6600 4
6601 5
6602 2
6603 2
6604 4
6605 3
6606 1
6607 2
6608 1
6609 6
6610 3
6611 4
6612 1
6613 6
6614 6
6615 1
6616 0
6617 4
6618 6
6619 3
6620 4
6621 1
6622 5
6623 5
6624 4
6625 6
6626 6
6627 1
6628 2
6629 4
6630 1
6631 6
6632 4
6633 1
6634 6
6635 5
6636 7
6637 2
6638 6
6639 1
6640 6
6641 2
6642 1
6643 6
6644 1
6645 5
6646 6
6647 1
6648 2
6649 6
6650 2
6651 1
6652 5
6653 5
6654 1
6655 1
6656 1
6657 5
6658 6
6659 0
6660 4
6661 1
6662 1
6663 1
6664 6
6665 2
6666 2
6667 5
6668 3
6669 6
6670 2
6671 5
6672 3
6673 6
6674 1
6675 3
6676 4
6677 3
6678 6
6679 2
6680 2
6681 5
6682 1
6683 4
6684 3
6685 5
6686 1
6687 2
6688 6
6689 1
6690 7
6691 1
6692 6
6693 6
6694 1
6695 0
6696 4
6697 0
6698 1
6699 3
6700 1
6701 6
6702 6
6703 3
6704 6
6705 6
6706 6
6707 6
6708 0
6709 6
6710 0
6711 1
6712 5
6713 3
6714 6
6715 3
6716 3
6717 4
6718 5
6719 3
6720 3
6721 3
6722 4
6723 6
6724 3
6725 6
6726 4
6727 0
6728 1
6729 3
6730 4
6731 6
6732 7
6733 4
6734 2
6735 1
6736 6
6737 4
6738 6
6739 1
6740 4
6741 7
6742 0
6743 4
6744 1
6745 1
6746 4
6747 3
6748 1
6749 6
6750 3
6751 4
6752 2
6753 5
6754 6
6755 1
6756 4
6757 1
6758 7
6759 6
6760 6
6761 4
6762 0
6763 2
6764 2
6765 2
6766 3
6767 5
6768 1
6769 7
6770 3
6771 2
6772 2
6773 1
6774 6
6775 4
6776 1
6777 4
6778 6
6779 4
6780 1
6781 0
6782 6
6783 4
6784 4
6785 3
6786 4
6787 6
6788 6
6789 3
6790 6
6791 5
6792 1
6793 2
6794 7
6795 1
6796 5
6797 1
6798 7
6799 4
6800 6
6801 6
6802 6
6803 4
6804 6
6805 6
6806 5
6807 4
6808 1
6809 0
6810 6
6811 6
6812 0
6813 1
6814 1
6815 4
6816 5
6817 1
6818 1
6819 1
6820 0
6821 1
6822 3
6823 1
6824 1
6825 6
6826 6
6827 4
6828 4
6829 6
6830 6
6831 6
6832 3
6833 6
6834 1
6835 3
6836 1
6837 1
6838 1
6839 1
6840 2
6841 3
6842 2
6843 6
6844 4
6845 1
6846 0
6847 6
6848 6
6849 6
6850 6
6851 3
6852 4
6853 2
6854 4
6855 5
6856 3
6857 6
6858 2
6859 1
6860 5
6861 1
6862 0
6863 0
6864 3
6865 2
6866 6
6867 5
6868 3
6869 6
6870 5
6871 2
6872 3
6873 5
6874 5
6875 1
6876 2
6877 6
6878 4
6879 3
6880 7
6881 2
6882 6
6883 0
6884 5
6885 6
6886 1
6887 6
6888 1
6889 6
6890 6
6891 2
6892 6
6893 3
6894 2
6895 6
6896 1
6897 1
6898 4
6899 5
6900 4
6901 4
6902 6
6903 0
6904 4
6905 1
6906 6
6907 6
6908 1
6909 3
6910 1
6911 3
6912 1
6913 2
6914 1
6915 5
6916 1
6917 6
6918 2
6919 2
6920 3
6921 6
6922 7
6923 6
6924 6
6925 1
6926 0
6927 6
6928 5
6929 1
6930 6
6931 2
6932 0
6933 6
6934 0
6935 5
6936 6
6937 5
6938 0
6939 1
6940 6
6941 1
6942 3
6943 0
6944 6
6945 7
6946 3
6947 4
6948 5
6949 0
6950 6
6951 4
6952 7
6953 6
6954 7
6955 6
6956 2
6957 1
6958 6
6959 6
6960 3
6961 6
6962 5
6963 0
6964 2
6965 2
6966 6
6967 3
6968 6
6969 6
6970 1
6971 6
6972 6
6973 1
6974 2
6975 5
6976 1
6977 0
6978 6
6979 1
6980 3
6981 6
6982 1
6983 6
6984 6
6985 6
6986 3
6987 1
6988 5
6989 6
6990 6
6991 1
6992 6
6993 5
6994 7
6995 6
6996 4
6997 2
6998 1
6999 1
7000 3
7001 5
7002 0
7003 6
7004 0
7005 3
7006 3
7007 4
7008 6
7009 5
7010 6
7011 5
7012 6
7013 2
7014 2
7015 6
7016 6
7017 6
7018 7
7019 1
7020 4
7021 6
7022 3
7023 6
7024 6
7025 1
7026 1
7027 2
7028 0
7029 3
7030 1
7031 1
7032 4
7033 6
7034 1
7035 4
7036 6
7037 5
7038 4
7039 3
7040 3
7041 1
7042 4
7043 2
7044 6
7045 1
7046 6
7047 3
7048 3
7049 1
7050 1
7051 1
7052 5
7053 6
7054 3
7055 5
7056 2
7057 3
7058 4
7059 6
7060 2
7061 2
7062 1
7063 1
7064 1
7065 5
7066 0
7067 1
7068 1
7069 6
7070 6
7071 6
7072 4
7073 2
7074 6
7075 2
7076 3
7077 1
7078 1
7079 6
7080 5
7081 1
7082 0
7083 6
7084 7
7085 6
7086 2
7087 3
7088 3
7089 0
7090 6
7091 6
7092 2
7093 3
7094 6
7095 1
7096 6
7097 6
7098 5
7099 6
7100 2
7101 6
7102 4
7103 6
7104 6
7105 6
7106 3
7107 3
7108 5
7109 3
7110 6
7111 5
7112 1
7113 3
7114 6
7115 0
7116 7
7117 1
7118 2
7119 6
7120 1
7121 4
7122 2
7123 6
7124 2
7125 3
7126 5
7127 6
7128 4
7129 1
7130 3
7131 3
7132 1
7133 5
7134 4
7135 3
7136 5
7137 4
7138 0
7139 6
7140 1
7141 5
7142 3
7143 6
7144 2
7145 1
7146 1
7147 7
7148 6
7149 3
7150 6
7151 6
7152 0
7153 3
7154 1
7155 1
7156 0
7157 5
7158 1
7159 6
7160 1
7161 6
7162 5
7163 6
7164 7
7165 5
7166 6
7167 4
7168 6
7169 1
7170 6
7171 3
7172 6
7173 4
7174 6
7175 1
7176 1
7177 6
7178 1
7179 7
7180 6
7181 6
7182 6
7183 6
7184 4
7185 0
7186 1
7187 1
7188 2
7189 0
7190 4
7191 3
7192 6
7193 3
7194 1
7195 4
7196 4
7197 6
7198 5
7199 0
7200 1
7201 1
7202 1
7203 6
7204 6
7205 1
7206 4
7207 2
7208 5
7209 6
7210 6
7211 1
7212 6
7213 7
7214 6
7215 6
7216 7
7217 1
7218 6
7219 6
7220 5
7221 1
7222 3
7223 6
7224 1
7225 4
7226 3
7227 1
7228 5
7229 5
7230 5
7231 6
7232 1
7233 7
7234 4
7235 6
7236 5
7237 1
7238 2
7239 4
7240 3
7241 2
7242 6
7243 5
7244 3
7245 1
7246 1
7247 6
7248 2
7249 2
7250 3
7251 1
7252 7
7253 1
7254 6
7255 2
7256 0
7257 5
7258 2
7259 6
7260 1
7261 1
7262 3
7263 6
7264 5
7265 6
7266 6
7267 1
7268 5
7269 3
7270 1
7271 5
7272 2
7273 5
7274 4
7275 5
7276 6
7277 6
7278 6
7279 6
7280 6
7281 1
7282 5
7283 6
7284 2
7285 5
7286 1
7287 1
7288 6
7289 6
7290 4
7291 5
7292 1
7293 4
7294 6
7295 4
7296 6
7297 4
7298 4
7299 3
7300 3
7301 0
7302 6
7303 6
7304 1
7305 4
7306 2
7307 3
7308 2
7309 3
7310 3
7311 6
7312 3
7313 1
7314 5
7315 1
7316 1
7317 5
7318 3
7319 6
7320 6
7321 6
7322 3
7323 4
7324 6
7325 3
7326 0
7327 0
7328 4
7329 1
7330 4
7331 6
7332 1
7333 6
7334 1
7335 1
7336 7
7337 6
7338 4
7339 6
7340 6
7341 3
7342 5
7343 5
7344 4
7345 3
7346 6
7347 5
7348 2
7349 7
7350 0
7351 4
7352 6
7353 6
7354 7
7355 5
7356 5
7357 4
7358 0
7359 4
7360 1
7361 6
7362 3
7363 7
7364 4
7365 4
7366 2
7367 1
7368 2
7369 6
7370 3
7371 3
7372 1
7373 4
7374 4
7375 3
7376 7
7377 1
7378 2
7379 1
7380 2
7381 6
7382 7
7383 6
7384 4
7385 6
7386 1
7387 3
7388 5
7389 3
7390 4
7391 2
7392 4
7393 6
7394 1
7395 4
7396 1
7397 1
7398 6
7399 6
7400 2
7401 6
7402 2
7403 5
7404 5
7405 5
7406 4
7407 2
7408 5
7409 4
7410 6
7411 2
7412 1
7413 6
7414 3
7415 6
7416 7
7417 1
7418 3
7419 3
7420 4
7421 1
7422 3
7423 1
7424 6
7425 0
7426 6
7427 1
7428 6
7429 1
7430 4
7431 2
7432 5
7433 1
7434 1
7435 1
7436 6
7437 2
7438 1
7439 0
7440 6
7441 1
7442 1
7443 3
7444 6
7445 4
7446 7
7447 1
7448 7
7449 5
7450 1
7451 5
7452 3
7453 4
7454 3
7455 3
7456 1
7457 2
7458 2
7459 3
7460 5
7461 5
7462 6
7463 6
7464 6
7465 6
7466 3
7467 3
7468 4
7469 6
7470 2
7471 6
7472 5
7473 1
7474 4
7475 1
7476 6
7477 6
7478 3
7479 3
7480 3
7481 7
7482 1
7483 5
7484 2
7485 1
7486 1
7487 6
7488 1
7489 6
7490 6
7491 5
7492 3
7493 3
7494 5
7495 6
7496 5
7497 1
7498 1
7499 0
7500 5
7501 6
7502 6
7503 4
7504 5
7505 0
7506 2
7507 1
7508 1
7509 5
7510 4
7511 6
7512 3
7513 2
7514 6
7515 2
7516 1
7517 1
7518 3
7519 7
7520 6
7521 4
7522 1
7523 3
7524 4
7525 6
7526 4
7527 6
7528 3
7529 3
7530 5
7531 6
7532 1
7533 0
7534 6
7535 6
7536 6
7537 6
7538 1
7539 6
7540 6
7541 5
7542 5
7543 1
7544 5
7545 1
7546 3
7547 6
7548 1
7549 6
7550 4
7551 4
7552 7
7553 7
7554 2
7555 2
7556 4
7557 6
7558 3
7559 5
7560 7
7561 4
7562 1
7563 1
7564 1
7565 5
7566 2
7567 0
7568 6
7569 3
7570 5
7571 0
7572 6
7573 6
7574 5
7575 1
7576 1
7577 6
7578 6
7579 3
7580 6
7581 6
7582 6
7583 1
7584 3
7585 7
7586 1
7587 1
7588 3
7589 4
7590 3
7591 1
7592 4
7593 6
7594 1
7595 1
7596 4
7597 6
7598 6
7599 6
7600 7
7601 6
7602 4
7603 3
7604 6
7605 0
7606 1
7607 6
7608 3
7609 5
7610 6
7611 1
7612 6
7613 1
7614 2
7615 5
7616 6
7617 6
7618 1
7619 6
7620 1
7621 1
7622 1
7623 3
7624 3
7625 0
7626 2
7627 7
7628 6
7629 6
7630 2
7631 5
7632 1
7633 4
7634 1
7635 3
7636 6
7637 4
7638 7
7639 1
7640 6
7641 1
7642 2
7643 3
7644 6
7645 2
7646 2
7647 1
7648 2
7649 3
