2671
1064
6489
566
5157
7601
6604
7418
1159
2596
3822
6767
6155
3799
3182
5755
2536
6892
5104
1549
2744
3457
7083
207
686
4469
3870
1441
5947
7019
2492
6076
2136
3261
6265
4831
7310
6089
5585
3818
7546
7618
2090
1740
6955
201
3411
6172
1061
6467
6669
4661
7551
5370
305
7495
7123
5528
5187
4391
2831
6342
935
1992
3734
7438
612
1015
2626
2029
1720
728
3992
2813
255
368
1356
4133
2140
42
3678
2784
4747
3079
1987
4984
6250
6450
3869
1601
7582
6758
5921
5671
2049
1425
5110
2569
3875
246
4586
5343
2619
3914
119
6786
1000
5118
6520
5247
1654
2364
7509
163
6248
6837
5405
5274
3850
7029
407
4734
4811
1384
2665
5969
2647
1490
5068
687
514
6117
4769
4410
1104
1161
1204
6503
278
6389
3513
3326
1897
4449
2229
2956
2
2475
967
281
2947
7279
579
4619
7051
7273
764
5363
2822
7468
4771
6748
1458
3554
634
4386
3888
3406
5509
2758
6362
3755
4012
1024
2827
6501
1636
6348
7012
6555
1802
2623
3905
7020
3615
5131
684
2197
5006
941
1517
369
3696
4738
5170
434
7336
3052
4694
1328
4049
2195
1699
3131
4965
6970
7053
1879
3848
3199
3925
5270
3847
4178
478
5911
3912
5261
3286
6376
5453
2431
730
3665
6994
3004
5346
6625
3036
540
7211
7622
1615
1181
7199
7402
4947
1299
753
662
3146
1642
3776
505
5757
1788
1201
3058
6312
197
1781
1658
4760
2968
527
7450
6852
4151
5535
1795
3854
5287
2214
4937
866
6538
1800
449
4859
6419
2170
4005
6407
1748
4402
1341
3266
7353
3102
2419
2989
6255
3719
4232
7626
1600
7171
2971
2104
2225
3289
2748
5845
3430
4943
87
5333
1090
3967
7169
4294
2832
1285
6759
4318
5258
5004
1714
1366
3403
6550
7394
915
4865
5322
7448
5808
4354
175
6940
7387
862
6984
3124
3566
2585
7109
5777
5621
1818
810
6487
4743
2741
3295
6934
7405
208
5250
835
4465
6594
131
1514
802
3243
5423
1905
5560
3793
2066
554
6522
7196
5856
2595
4193
816
5794
6823
376
1281
169
5057
6860
6243
10
6020
2649
2350
4435
6620
7004
7103
2408
2007
153
4226
3109
1332
6534
3384
5738
1009
2940
2888
4015
6302
1762
7350
2858
3183
7188
3783
108
2509
2370
4962
2600
900
3184
7490
3478
5720
2019
4932
1604
2010
3186
6054
7592
3922
2105
4728
4050
1709
6707
5990
3984
2700
6995
7082
2263
550
4677
316
3072
3983
3602
4804
1303
711
561
5339
5238
3567
3290
4583
5439
3921
5630
6875
4116
2363
6238
1305
6855
5889
4040
609
2840
6803
2114
6778
3464
4561
1035
4179
2024
4631
4704
1605
5912
4033
2081
4460
424
876
141
5180
1881
4425
4835
692
4716
1157
6340
1751
4880
963
542
3707
600
1695
4945
6040
1723
261
7489
2754
1108
7167
5746
926
1755
496
4047
2529
5601
4863
4432
3635
5330
640
4373
4148
107
849
6660
4399
7260
2036
1872
7408
613
6477
2535
1194
5712
2541
3670
4322
3940
848
6318
6411
2262
1829
4090
5373
3675
2498
2685
5342
2486
6988
1892
1424
4560
6070
5619
6402
5038
3896
1483
3235
4221
1327
4437
1374
4969
5910
4982
6334
6588
237
3562
1247
2945
2642
4098
2922
7183
4988
2520
6896
1975
1562
7150
3377
4125
6409
3633
6198
4721
3177
4372
6323
871
5060
3631
4135
444
3087
7471
4644
47
4862
2653
2960
3535
1864
401
5427
6612
7430
6237
379
2928
7305
3416
7467
1766
385
2286
4499
5128
1111
381
4079
1985
5394
4900
5918
239
625
733
7181
1084
6230
18
450
6909
1622
7341
1952
3012
5129
3025
6309
4821
3527
3347
2447
3688
3220
6165
4361
2489
6177
2941
6355
4846
878
5132
4346
1730
2599
4649
6585
1162
3965
6157
6152
6515
3273
60
6024
5577
3427
5089
122
4594
6945
1932
3534
1034
5183
5398
5284
1566
3108
259
4874
6682
3062
3625
2973
5385
2943
1120
4596
783
2485
2297
7345
4518
4488
5150
1962
5406
5495
972
1316
4308
2992
6513
4507
2756
1002
1610
2400
6750
4803
889
6279
404
944
2050
3353
3469
3667
1241
61
2226
3679
943
3361
5097
4885
3123
3083
568
2031
342
4558
4510
1222
5632
513
6766
2572
3119
3208
2086
112
6468
5688
6558
5571
6383
3973
1586
1998
440
4342
2527
5651
3116
3532
6744
7269
4501
7588
7274
1741
1455
7124
2504
5608
1018
1236
3903
3066
3999
6394
1733
465
3065
6844
5607
4075
3455
3989
6785
5573
1471
7240
52
5127
6868
1225
2196
4830
3834
5454
994
4952
6592
5328
4746
2901
5534
5056
5724
4134
1759
5095
7574
3292
6482
1031
7584
3069
1944
451
4648
7612
981
1360
7320
5529
2164
2636
4388
6619
6675
374
1850
7173
3265
5760
5126
4736
5167
4657
7301
349
3729
5815
539
2778
6854
3972
5176
4823
4589
6253
743
3810
3380
6841
3666
2712
6173
6212
7179
6301
6048
2604
2258
673
3521
3862
491
7224
3029
6603
2302
2749
1603
792
5796
6381
4921
3721
5558
5182
1336
7556
2386
6435
1406
5253
1621
3768
296
4083
5193
3330
192
5840
1708
2310
6135
4513
2920
5432
6412
2239
6343
6918
4723
1835
932
1444
2009
6933
2583
5871
4824
1758
813
5190
482
2177
3664
2274
3018
6595
2439
4032
2639
3804
1071
1029
6867
2142
4878
2355
7266
262
4017
1422
1838
1725
4753
2040
6960
6902
3821
7363
3362
1924
7138
2147
3456
3636
1275
4018
4540
6652
2376
7146
756
7410
4726
4247
4895
5999
1229
4799
6798
3588
7491
5256
4535
3897
2354
3945
705
214
3833
5886
1258
4393
2577
4320
2478
7278
4660
6923
777
3791
1040
4999
1153
234
7286
1083
432
3997
3389
5277
3402
1929
6949
1132
2891
4946
2515
6392
3857
3640
7473
6242
6957
6413
7136
155
5943
1248
1114
2095
5431
7206
1314
6807
578
1397
2932
295
504
5168
177
3067
6689
3684
339
818
409
1390
4462
6404
4645
4400
3829
6885
3151
4438
5854
1922
4162
4430
3600
6123
4533
1653
4710
2818
1814
4284
3686
1324
4105
4807
2071
3599
1191
5310
5361
7373
6615
6245
7113
6444
1593
4223
1846
4872
2688
5365
3047
452
1910
3394
6971
2965
670
3154
3968
1313
4377
4288
2539
787
6738
2065
1954
2290
6045
4325
1232
3603
7570
115
345
1049
2179
2322
2088
7487
2247
1025
5000
1765
95
4431
4844
916
5063
5235
6390
2121
4698
3219
5010
5556
4537
7627
1333
6079
1310
1785
3125
1888
1522
3465
5924
2307
5567
6087
6845
2328
344
7538
6699
6998
7609
6636
4998
2991
4646
5658
4422
996
6659
468
6517
4664
6126
1902
2404
474
11
5525
6330
2662
2333
2849
4343
697
3699
5899
425
4817
961
4703
3237
6721
7192
5976
1224
5802
3957
6434
4974
3966
7187
3180
5743
2512
6208
1421
1375
6352
5660
7048
3893
135
322
5418
4155
7555
6634
5517
5689
3438
3223
4362
6629
5275
5754
988
2330
7311
5378
4508
1669
1180
3418
1337
4637
4629
2525
6144
7452
7076
3297
4196
2524
1606
985
2809
1950
4956
1346
6617
5201
5232
7107
2921
1351
4349
2528
3583
1956
3544
6606
2218
891
2906
1296
6991
1651
6939
3951
1698
931
2659
4483
4183
4567
795
315
2119
833
4434
1667
3981
338
5603
3130
459
4622
132
1780
628
6637
228
469
3765
336
7446
2815
35
5790
6864
2857
6069
5654
7447
4793
752
7356
7445
7523
5964
954
2467
1288
1523
2949
4866
4418
5589
5444
1174
4961
6223
3611
100
4876
1105
4311
5995
25
417
2918
6114
6285
5441
5926
3260
2430
3861
1941
1750
7548
1398
6240
582
2533
1576
5243
6314
4210
2823
5977
2954
7384
5716
5520
117
6084
1032
1101
3149
7439
5842
2542
3789
6111
5564
5734
1993
7534
4889
2950
1672
6881
7161
5677
893
2575
1979
5304
5236
595
297
4671
2845
3113
652
3655
4575
5873
3842
7227
6095
1612
3335
5511
6418
6633
1618
0
4641
2182
5925
6299
1964
4161
7046
6683
4927
7415
4427
6189
5860
7262
1208
5562
906
6861
5396
4672
5308
4297
6704
7088
3803
2470
3191
708
4871
5280
2856
4371
7095
3735
6611
6749
152
2240
1896
591
5834
2154
3288
1493
20
5489
5115
1901
3201
551
5207
2882
2846
3695
3324
2127
499
971
3915
2344
12
311
3503
1183
2346
7636
6790
2909
1206
4027
250
4907
831
1164
1936
6256
6295
6185
6539
2306
3256
2988
7245
3222
6956
1131
6820
4495
7209
1744
2553
1984
7540
754
314
4526
5083
3496
6215
4153
2717
4756
7641
1933
2773
511
3044
3421
7086
7427
6488
3759
2091
5354
3467
3359
7023
4792
3499
4700
85
1166
304
1117
6207
4087
380
3162
4244
6420
1196
535
6490
5554
1036
3272
254
2737
1772
423
5200
3881
6743
3919
4008
1946
2597
419
6372
3653
53
3746
4838
3281
6566
716
5887
4235
3032
4813
989
7267
6579
3209
2331
7011
2413
3538
1754
3844
4557
4159
4113
1767
403
3932
6259
1704
2287
3051
2590
4246
7369
3797
429
4816
3808
6059
5103
3111
5822
2800
2884
7639
1623
3490
302
4413
159
7302
1102
1803
2160
5058
2155
6428
706
2440
3276
3644
2598
521
965
2349
2002
7135
179
2804
7160
5014
312
5027
7572
2691
719
3423
4186
1319
7070
238
4228
4683
565
3071
7647
7532
3080
601
4528
7165
5543
2477
2634
4140
2593
4461
1578
6628
6980
1648
7002
1371
6179
1853
5702
5641
3472
1442
5408
4242
6188
2319
3900
3976
1464
5569
1900
4293
2429
6851
2673
7599
6125
1947
6100
688
2548
6842
661
3088
6430
6431
1385
7577
6038
1286
3996
4253
317
2549
3519
193
6647
3169
5076
5162
6171
2048
768
5901
1957
1361
6436
3262
7403
2329
5638
5626
1793
4407
1771
2617
5022
168
7284
749
2610
3805
5792
2994
2966
4197
3751
617
4187
2703
150
2534
1887
130
2873
2895
6260
5642
2870
2493
2200
5699
6667
3898
5341
6614
2053
3604
5301
2167
1156
3448
3877
645
7035
1776
406
3516
3985
7148
6469
637
3315
3381
1560
4271
7037
4016
4327
321
585
384
5024
2313
5805
3439
5530
2702
618
5946
4055
3445
3894
2187
1609
5646
902
2889
5561
2448
4740
7218
5046
2802
5570
1393
6832
142
375
4459
4041
2093
4404
1703
5208
4597
881
2814
1449
3990
6722
4173
1045
2651
1914
2336
114
1541
7112
3311
1587
7018
6231
5041
1003
2174
2013
1573
4797
4282
1630
1154
7485
3841
4875
1506
1678
2231
436
3238
4215
7465
7261
5147
4697
1203
5377
1958
696
1537
823
5294
1981
3091
5191
2236
4758
5953
779
2554
6325
2944
4156
920
6726
195
776
186
2110
5231
2103
4124
2854
271
586
6709
5644
2115
4887
4220
4983
1415
3270
5949
6085
1417
5670
7291
4967
3172
2106
7200
5532
382
7602
5679
5855
7514
6605
2083
2865
1943
3531
7553
2618
4395
7290
223
1359
397
6018
6752
7060
4298
883
4203
5989
5133
672
2130
534
4121
560
1265
123
1959
5037
3954
1489
2570
3942
2760
3777
3314
6708
7058
3312
5019
4164
7371
5835
2063
6013
3909
6645
1272
5861
1986
1773
1815
2132
1796
4966
731
433
2082
2060
5386
6160
6624
4397
955
3163
3907
6368
1128
2161
1840
993
6783
3383
3718
1961
4659
5627
5179
1565
6928
6691
5751
4212
1634
6249
3878
5374
6328
6210
2034
5628
2224
227
6531
4818
7184
4278
4265
4448
896
6873
6276
4172
6646
5314
2406
2903
143
3206
3197
4030
2201
790
420
1242
4754
7198
3824
4481
7201
1426
1189
2959
3977
6888
5813
6382
4158
4905
1107
6374
110
3442
1380
7404
5587
5649
1070
4833
492
3827
1139
4497
5884
6484
3771
7225
4175
1873
2190
7178
6921
7578
298
2799
4313
2806
6890
4739
7559
6234
1450
1279
552
6644
5782
3948
2109
525
2414
1022
4908
4222
3971
2714
4213
3524
5522
5090
3217
6447
1348
1792
5578
1551
490
3419
3471
5726
4331
7118
7344
7034
3663
2073
690
275
2633
807
5122
5023
2851
2986
3918
5379
1680
1057
7313
2707
6849
7307
917
6449
2817
6508
4581
458
2403
3652
5575
3682
6041
6286
1376
2847
5986
180
5192
658
5496
1555
6983
7163
2296
2686
357
2728
6863
286
2270
1255
1410
5916
4176
7061
2113
654
6557
850
7033
7518
5690
819
5344
639
2484
3242
7069
5420
6664
1749
2391
4467
1679
4979
7575
668
2124
7477
3392
7254
2775
2759
7339
1100
3449
4604
4117
557
4163
6761
2735
911
6030
7541
6200
6047
4165
5184
6168
6779
5960
89
3089
5276
3239
70
7381
5740
82
6516
389
7321
6893
77
245
6702
41
3240
3236
1858
3778
4520
7205
1484
3194
960
2697
2787
3095
1309
1692
481
185
1051
4536
2260
590
4182
19
5347
5691
956
5498
2055
4923
4267
5460
5883
1821
4601
675
2798
2878
6651
1524
2375
5970
6456
2518
1884
1670
3502
5892
3648
6695
1246
904
3660
6277
942
7308
3756
6432
7478
5885
4538
2099
2869
5281
3193
7243
157
3122
4667
4345
99
3121
2120
4466
702
5761
5125
4534
6181
3475
1230
3883
7059
1271
4289
2522
4770
5987
1452
4752
2993
3205
3128
7507
5548
3761
7234
1619
6415
5475
4568
4006
2097
8
6065
5772
2701
7395
3098
3241
2451
1502
5448
7554
7460
5154
2933
3320
156
4935
2820
7108
4305
5683
4081
4111
4790
3871
3196
6010
995
7089
6066
2979
1561
4715
6246
3042
1058
6280
5397
4485
3275
2207
5349
6797
5950
3008
6643
2621
1391
2630
1582
3892
3426
3750
7304
6693
5140
3173
1367
6485
575
6911
4623
6913
7432
3906
7203
7081
2962
5653
5606
3764
797
2952
1820
2453
190
3274
4992
1657
615
1632
3786
811
6554
80
2250
1291
6535
789
6872
98
2070
5719
7073
1570
3715
7115
2444
2390
700
3725
2459
2652
5778
4026
2194
5766
6499
7015
1735
6159
4711
1501
7007
1994
5443
5789
3712
6576
5793
6384
3629
2805
88
5242
1082
7111
2664
7392
2842
1842
803
699
2510
6283
2267
4960
7172
7488
7605
4067
7242
109
801
3176
5752
1696
1852
4628
6910
3257
4409
3395
1739
7496
6257
3328
4930
3574
2721
4632
4555
1812
2291
1146
340
3132
2742
1951
3563
5613
5992
1515
2821
3306
6478
23
6903
4382
4307
3800
922
1354
1934
887
6331
734
2342
133
7202
3939
938
6719
5302
4917
1494
710
4201
4782
6965
1321
5610
4598
2587
4954
6621
2246
1260
5623
2698
3040
913
5451
3482
4719
1284
203
840
172
5809
7422
1978
2710
507
1269
4847
3920
4825
248
1563
2012
3378
844
6351
301
2557
927
7513
6408
5799
784
7456
4595
689
1343
5750
7522
6134
6562
3958
5524
4870
497
6329
964
3658
6787
6932
7275
6297
2923
5303
7021
1789
7516
1468
3770
4303
273
5272
2452
7043
2850
6284
1713
2175
4852
5080
489
3135
6773
3120
3732
6833
6886
4675
2334
5894
2560
7155
2436
212
263
4853
6825
4204
1664
4056
5753
3642
7630
5930
2977
3031
4805
3775
2591
7133
3839
72
1267
2181
6969
224
333
3830
1308
5704
6142
3641
5255
138
3027
4429
6838
5518
3624
6680
5618
1488
4478
5153
2601
4621
4149
7130
1335
1923
1394
6082
4323
5244
6196
7512
1216
5695
199
2980
6120
999
736
6649
6968
4398
332
5461
6679
3461
1808
2995
1055
2098
2465
5703
6987
386
1395
3451
5866
5442
2405
2696
5553
1875
7557
5747
4335
5412
4826
6835
5048
7303
6183
6809
7230
2129
4328
721
2018
94
7077
6760
5821
3103
4107
4994
5831
5338
6728
3705
3030
2169
576
5667
3339
4248
6180
2144
5156
343
979
3508
6440
4001
5017
5656
3413
4608
4724
6130
5466
3733
5763
3178
6145
6288
4062
5909
5598
1918
2074
1904
6622
6907
3156
6808
7232
1784
1655
3115
2320
6977
3466
6687
5487
4606
1919
3346
405
903
3710
643
4385
4652
3291
483
4521
5639
3597
4136
4374
5459
4778
2611
7052
2276
1712
2192
3826
4843
4551
2999
5335
7039
5954
5450
5043
6899
2417
6916
22
2645
2808
1158
1832
5445
3168
5499
3727
5449
1715
2727
1577
3752
2158
5254
7589
3683
3924
4475
830
2972
6001
1462
2957
6494
851
2624
587
1443
5433
2788
4378
1999
6583
6926
2084
5762
3720
7564
3343
1307
7505
1559
4479
7257
7396
6735
6560
488
7568
2392
6138
6618
5326
2755
1434
4777
4879
1513
6044
5920
683
5985
5975
6005
1350
6951
3788
7598
6137
5007
200
2479
124
146
258
3986
1042
1416
6266
4861
6553
7615
3693
4360
7236
2580
3104
5446
2868
3225
6982
4191
5324
6291
502
1063
4640
2020
6674
26
3355
4701
454
5367
3964
3608
3268
5059
509
1591
486
1320
5858
1192
5030
717
5875
5687
5784
5640
3110
594
6158
1797
5521
2780
5666
2540
139
5073
2283
5914
2426
6128
2397
1685
5510
1093
5480
7217
7009
387
7368
3866
2202
3028
4891
2948
1465
817
2021
6498
3506
1571
7362
441
6008
1990
4975
3301
1614
1761
6472
7314
4147
6676
7519
2472
360
3107
5732
1087
4970
2963
6289
6056
2208
573
3204
5069
3112
75
1683
4283
1459
4934
4556
2620
2166
4312
3701
1971
990
860
3504
5537
7521
7581
2638
6424
5106
6429
1103
1649
6914
665
3979
4857
2631
4214
3023
308
4394
2384
3398
2233
5012
4686
2298
5718
3300
5636
5152
3351
2844
2249
5681
2565
2910
863
1219
1848
2069
1186
2864
215
3443
3522
4091
2826
4468
2550
5251
2107
1592
4209
3231
5278
1827
5922
5982
67
6806
3773
6565
4616
3277
3963
1596
7563
1764
4897
7566
5172
2052
1274
7219
6792
4344
3099
6584
467
6870
217
4086
3982
3136
2530
4363
14
36
3592
832
6186
6734
2628
4340
742
2521
2183
1874
1970
5798
6989
4981
627
6367
4309
6816
5978
140
4570
611
1383
4036
4563
6058
2774
4890
1507
4275
3933
2517
713
13
6003
5508
4546
563
7586
5682
5566
1935
3148
2153
1938
1088
2739
6303
6703
5372
6077
2838
6147
2421
6327
6541
5457
5204
7221
1372
6016
4281
7542
3930
592
1408
4085
3510
358
1475
2958
6015
4115
5981
1854
7189
461
1693
7459
2022
43
870
487
6110
4038
2894
7210
6493
3863
7648
7298
2039
4829
4035
1899
3610
6377
7474
852
4031
2766
1700
2695
7151
3923
520
3342
4837
4964
7337
2241
2123
3873
4729
2612
3189
4369
5212
5018
5661
2998
3639
5355
5539
5202
3540
6103
3431
800
4286
5780
7400
6332
4737
7515
4270
7461
7208
4523
2745
3961
1567
709
5473
7277
2299
198
5376
3244
1389
4274
6966
283
176
6920
5563
7378
4990
1075
2897
3009
1824
3889
1401
5993
1997
3812
4231
841
2464
6805
4315
2032
209
3494
2189
5266
6262
6608
196
6641
3993
571
6771
3118
1726
5026
5991
6471
7222
3313
5130
4795
3293
6296
2615
1769
2038
3784
2602
1574
7087
898
4768
1907
6509
7560
655
3708
6505
4689
3657
5197
2131
5631
3757
5700
3928
2111
6593
632
6569
5013
6166
3484
4712
6154
6416
3620
855
1243
413
2257
136
3891
5597
4
4185
1866
6162
5323
5003
3846
5657
6426
5422
1525
4039
353
1974
4229
319
7365
6220
2089
1214
2970
5221
1687
6287
5025
1283
5119
7571
5843
4208
7370
4883
3876
1392
6191
3437
4239
4392
5905
5181
2792
5593
4057
2280
3246
373
3916
6025
6433
2292
351
4160
1012
1844
6268
5980
6521
3138
2699
3580
2584
3865
2487
1500
4109
5744
3724
5141
5706
4515
5966
1409
3730
4989
4013
4120
6258
693
6108
6600
6673
408
4695
4411
6525
4699
3491
6972
4806
4443
7508
1512
4749
377
7367
1569
3956
4169
6369
6462
5557
4181
1602
2232
6650
4269
4077
2156
2339
5876
3248
7614
5216
3969
5490
1511
2143
7319
5617
5685
7631
7550
7451
3882
5810
3627
1340
6197
5659
3409
4784
1339
7638
7561
4129
4776
6589
3998
694
7271
3333
2861
5944
6755
5791
4463
466
1833
6586
5404
1233
3526
2506
6475
330
2373
5426
2054
1023
4971
2914
3825
3501
3479
4678
556
4150
495
7366
3299
5945
3520
7268
633
677
7072
1432
4864
2379
3321
7001
5246
1722
6730
6480
5011
3936
6639
1665
6552
15
3171
2531
1078
2680
2434
6954
2767
137
7475
867
2454
2358
4424
7127
2327
2281
6865
6582
4718
953
4296
7040
5768
7399
4206
1626
6962
6769
880
7235
4569
5692
1429
294
5205
4951
5381
2768
2455
746
4573
1805
1851
6826
2983
3596
5903
6131
5321
2715
4707
3987
4599
1150
90
5836
1965
6528
1379
6876
4217
5580
3181
3077
6712
1743
845
7340
650
6397
4324
3308
2747
2460
3511
7531
3010
6346
822
3926
546
6661
7444
769
6655
5337
5848
6119
5523
2367
541
1542
4380
1590
6400
2801
6653
970
1227
3680
1625
3749
178
2445
4029
1377
2876
5084
5117
1021
229
4168
2975
2041
6780
6574
5399
5962
3317
96
2157
4933
2015
1579
2205
3452
7316
1054
6017
4931
4986
6356
4433
1011
4656
1256
6948
3709
6009
2186
6519
3895
704
3005
2875
498
6866
1123
2245
5350
1598
4341
4022
4145
2198
5252
1142
846
5395
2368
3459
3698
884
29
2318
120
6736
4357
6975
2396
6976
3754
7317
4261
3329
4064
5844
2061
6938
3213
1480
2148
3843
6978
1841
51
3410
485
6840
5934
2916
4808
2163
7220
6072
2997
1674
5233
5020
6847
6476
5773
3446
726
3991
872
6146
4685
2171
4634
4445
4273
2953
2388
3726
1734
3453
4207
7140
624
2911
5199
1179
6894
4224
7159
1656
6684
7590
5158
1492
4958
1724
4051
2752
3440
3063
5814
2676
5268
2474
3747
5142
4184
5309
6768
4099
5933
4742
5291
6791
1682
6518
3815
3210
6828
1721
6936
6282
3303
3814
839
3594
129
4190
957
3647
7156
4389
5647
1235
2057
4775
1527
2176
1760
4531
4074
7406
2072
7433
6039
4301
3578
5512
4287
3332
4198
2058
6491
6533
5881
6670
5878
6151
1263
1358
7054
987
2571
1387
1454
1638
6470
4582
4783
4693
1608
1799
4205
7600
1647
6961
5546
1775
2783
3623
1719
4666
6953
4326
584
6338
2059
7104
2679
45
5239
6568
1188
5776
1707
6580
3662
7580
564
2352
3495
3722
3816
356
1006
725
1268
5893
602
3661
5360
364
149
4444
794
269
4539
288
7526
6814
5419
3952
3278
3568
2301
7576
3021
1849
2732
5731
767
4490
5818
5436
6739
1519
106
5841
747
1768
7091
6178
2188
4339
3082
2282
6609
2481
2797
4745
3702
4000
5705
348
4898
1472
6247
7335
2711
1152
6698
796
2942
6373
826
3817
5413
7462
2586
636
6310
5957
2347
6880
7416
2836
7326
982
216
7333
7292
1127
5609
6361
4093
5292
6665
1404
5853
2538
5173
4617
5917
3374
7190
5312
5178
2841
2561
6765
516
6935
5213
3408
635
1287
7293
7149
5327
3994
378
2191
2725
1809
6358
882
5299
4757
7137
5049
4509
4705
2308
4088
2746
3811
5668
4306
641
3470
431
5650
3432
4130
7386
629
1508
350
3117
4525
2955
4564
1518
2667
4767
3460
2461
6979
1195
4914
5559
7617
1611
2835
7237
1062
6027
3074
1085
6344
5725
1264
5770
543
2251
1411
1349
1069
5185
7429
1431
1169
3254
7499
1635
1737
6354
4330
6795
5177
2635
1736
222
4237
4590
4786
1650
2051
4591
5493
3161
3537
1889
6723
6109
1550
166
3809
2558
2776
5994
37
299
4167
7466
2614
3179
2981
2753
2206
3638
4078
4841
4063
4453
6763
331
5227
3252
5134
3598
4255
6264
4674
3386
6322
962
3434
6366
1144
7288
6032
6993
4406
6542
5072
4096
1008
744
1347
5961
7126
402
3559
856
6461
5315
1167
3481
4264
6062
6715
7322
529
4329
4141
3407
3283
7483
6817
966
5237
5149
5686
2545
7352
1420
4809
6895
1456
6053
5707
1266
6740
7096
5604
1254
164
3450
3142
2551
606
4019
1370
5002
4108
5907
1151
940
182
770
7579
597
515
6834
2295
1239
5382
2277
4218
1660
3556
5940
5972
3216
2001
5979
3739
2165
2658
750
7066
4585
2162
2149
210
1257
5425
6073
653
4314
5913
2763
1030
3868
968
680
5616
1996
5775
701
7502
6273
5113
2178
7325
3422
7276
7425
7213
1461
4048
4607
4355
2640
5400
3677
3780
7
7413
975
649
3307
4291
392
5615
6061
93
2462
1048
6810
4401
5536
3795
395
5401
7349
3296
4347
630
7503
1663
4668
277
6549
3188
5568
5676
781
6830
836
663
3858
7204
685
7569
3284
2137
5864
2294
1845
6320
202
3694
984
418
3100
7101
6610
2423
2138
503
1019
68
3802
3174
1207
7031
1756
5198
4886
6850
6831
1886
4504
4403
6613
2271
7006
1099
7114
3228
4200
1584
1628
6090
7016
4505
6473
5492
2722
3962
7389
2028
3762
6000
4902
3022
5348
3221
3542
5788
6732
2532
6388
4447
220
5829
6195
7535
5965
2377
2476
4300
5655
4066
1300
2117
1662
2919
1212
1982
3001
3807
1540
2720
1407
5145
74
577
3582
4128
4650
2398
1868
1476
1047
5305
6319
446
194
6365
2221
2859
1828
7501
6252
3512
2704
54
4024
6442
5336
2216
493
574
6326
6824
4492
6068
2255
2789
4731
5951
3673
1423
1129
7041
5929
4522
7435
5234
2837
3249
3946
6380
7283
2694
929
188
4614
2442
3371
1732
4636
1937
7331
4995
3533
2483
2395
1969
2380
4688
7247
173
84
6395
7347
1210
3250
5741
2764
2761
1520
1532
2900
7080
952
544
6193
3000
5112
772
580
1185
2562
233
2516
7520
1400
2886
4665
4454
1125
2674
1581
226
7050
1727
6544
2042
363
4092
1276
7401
4676
6425
3064
2929
4383
5021
4384
6717
1403
3659
3350
7527
5111
786
4254
2740
325
1059
1165
5331
2904
2984
4953
1479
2212
5488
5171
2589
5713
512
7094
4574
6836
3913
1470
398
5384
6724
6086
4593
1738
2643
2769
2770
6741
2938
1572
5410
2311
570
6802
3053
782
3621
232
6396
7323
4352
3096
291
1870
4959
3613
6757
2500
4003
2592
3546
371
5036
4068
1028
5708
5759
4850
2102
5582
607
443
1065
4869
5387
4915
5500
4856
4052
2360
1046
1184
7239
5527
6088
1963
7484
3935
2757
2898
318
2706
4638
3849
3417
4955
3388
5087
6747
1916
4456
678
5108
7026
7440
1834
6869
5824
599
2401
4484
3753
4071
3557
2632
2627
4985
2648
3011
4310
1439
6306
5066
6349
447
3462
6658
1261
723
4642
3391
6219
354
5584
3570
289
5983
7453
4828
806
6393
3947
7102
1911
3090
572
3543
6668
7604
5595
2253
4170
2235
1252
1412
2708
6403
1859
1691
3612
4696
3002
5369
6958
1469
4910
4868
1081
3500
5795
1867
3356
3792
5697
5879
2819
4977
735
1113
1731
4104
1302
5591
3140
7464
270
4972
555
6483
6113
2816
5955
1453
3055
2305
2675
1948
5675
6529
183
1575
4748
6812
3619
1277
2879
2184
6540
4500
1039
