528
310
2369
27
946
169
1281
893
1536
1905
2392
2130
1066
1450
118
1231
520
1406
407
84
2163
1123
44
350
484
391
926
2258
2145
228
2644
2370
2459
1247
770
1806
1499
1381
10
2230
2097
611
2229
940
2457
2395
1644
1751
1317
206
2134
2238
286
1169
2327
1951
153
1674
549
293
1964
633
2558
402
2070
1401
1306
703
636
1349
2111
780
1024
1067
1492
1419
2442
870
308
668
1758
2331
1027
2443
1579
1192
915
1506
1865
1404
2078
1798
128
1435
1895
2008
632
2361
2378
773
1613
1256
1980
2042
1871
1107
1550
1548
2041
403
479
1409
2077
1196
1586
2693
1616
1702
2465
1815
1799
1811
665
516
901
207
2295
569
979
1355
581
85
962
1807
2241
505
885
1276
1380
2249
950
1834
148
976
2533
1124
2400
822
1069
2518
1773
1362
828
1336
2439
2255
2030
1215
2689
87
144
543
591
1660
2661
1127
1197
692
481
1465
1970
337
2113
1543
824
2257
1793
1741
1125
941
943
2632
1151
1103
650
1592
2096
2143
1850
104
1975
2668
918
1164
113
1146
2291
382
2462
184
1990
246
1965
1095
931
2083
125
1094
399
2316
1514
932
1641
1839
1141
1320
311
1249
1200
1532
241
1894
57
627
1508
1296
1444
127
1629
338
797
6
623
2656
1350
756
1279
37
1431
1868
2280
2512
121
1790
34
406
2076
1588
1875
751
2622
1163
1122
1530
2642
2351
1513
726
1316
50
503
2371
1594
142
2546
1020
622
2350
818
1818
2571
845
2666
2294
1171
2545
1486
1426
2620
256
621
2686
56
369
2144
179
1512
2305
717
2600
1713
259
1622
48
2646
1948
1269
2228
457
892
1795
2090
473
1525
468
1140
996
498
573
1989
545
711
385
2589
19
662
1312
1288
1241
1479
2681
2377
1614
990
1608
1204
413
813
577
1794
1662
1981
1677
1978
871
150
334
2021
1703
17
94
515
1416
1966
1227
592
1032
237
1453
328
205
2472
1606
1952
1599
1130
2210
1725
1389
1719
559
887
344
1386
386
2415
2416
800
1255
2637
236
2117
903
1087
1863
999
2290
1365
1114
1903
66
934
204
1877
1172
1014
2410
35
939
862
2099
538
2262
667
2417
1516
1106
952
240
2015
2086
2453
721
1230
1262
2506
646
2498
2662
563
2499
2273
200
378
1301
1041
2562
1092
1490
715
1271
2360
1357
1505
2168
2153
1468
1494
630
1310
1338
1747
1447
202
2279
652
1284
888
1373
2206
2523
647
911
270
470
819
2636
1753
1438
1173
1100
1085
2118
111
353
255
1943
1382
1562
2355
1718
659
320
2209
1152
1652
2304
1870
895
1136
777
2276
2405
836
2431
744
2504
2619
1160
2128
1473
814
2548
1544
970
1387
79
268
1712
2285
1275
1658
1825
2669
1517
565
820
341
499
595
45
496
445
1560
1282
917
1030
1568
642
1714
2265
1097
1331
180
303
2428
2275
1257
2363
417
775
1986
1055
2573
2500
2604
2037
291
1985
2482
1341
126
1571
166
392
555
1474
776
2357
187
2034
325
2544
1290
897
1666
1584
98
2566
1785
1179
342
1837
2349
2325
1640
1845
865
38
1099
1659
2001
1013
861
1569
477
687
912
2040
1466
332
1557
1485
1348
485
164
266
2029
2441
933
455
471
2103
2448
424
856
1451
2018
28
2069
752
2282
2444
133
2365
175
823
1384
1654
2660
1784
993
2705
2605
1914
1728
366
181
71
69
860
1446
486
189
1314
195
2112
265
2289
1043
557
2516
1960
336
740
2510
1648
49
1940
2169
1155
2092
930
2517
886
2038
302
2243
2450
2602
1332
1472
1611
238
2624
1367
1239
433
1552
9
193
2362
704
722
301
363
1609
1441
2205
389
2570
453
1181
774
2438
309
1685
2496
304
596
1931
807
1935
2087
2611
1996
444
217
2183
837
615
2420
395
1259
210
1120
710
909
1838
1495
2269
689
500
1199
1084
852
1273
1859
2629
214
1908
2359
1907
896
512
2213
393
419
2391
2673
277
81
2065
2343
804
1182
196
2107
1647
548
400
1515
2093
724
1390
2047
1165
243
2293
1549
960
2081
2501
2537
1928
2235
452
527
1346
1896
1212
1237
1565
2152
1004
980
2402
754
1145
2494
1244
2028
1929
763
420
2197
1008
1112
878
550
835
1021
2460
1211
2150
988
2244
2555
1743
1545
1168
100
1729
483
2608
5
51
1941
1305
2132
2424
1086
890
2311
1302
2248
762
2413
490
2196
326
808
324
802
349
738
1925
2628
1010
2594
989
1884
3
936
425
2695
688
1337
298
1208
343
446
368
840
61
2509
2286
440
1286
1813
733
1104
1589
2007
1442
1410
401
656
2108
925
1706
1885
43
2556
681
2577
2553
2170
1673
1421
920
2403
2543
2219
1649
883
2319
1796
109
2212
1605
2160
2193
1222
2165
1632
2284
1926
1503
761
542
556
1665
1570
1842
2308
712
1299
2074
287
281
1567
904
247
743
1995
1857
2383
1922
466
1854
674
1580
1679
1689
2690
2640
1991
2583
1923
1541
1223
1917
1469
2559
285
1603
1425
2541
359
605
31
1356
412
282
1203
2200
137
1121
638
2398
2260
1698
2481
2297
2079
2026
1327
131
1268
575
2017
1277
2012
1334
30
370
1976
275
216
954
1864
766
2375
1657
2301
1278
2300
2680
2048
190
1364
2333
1655
1858
731
2060
441
1510
435
2451
1487
1102
1235
2052
2332
2049
375
686
0
524
1627
1551
2344
1998
2221
1056
1667
469
1224
2109
2678
2683
101
1430
997
1460
381
1082
985
1034
1997
229
1452
809
2440
1700
2587
72
53
2674
82
2623
1048
279
2267
1882
1764
2175
1143
2578
791
1011
1932
141
675
1403
859
971
1575
1422
614
2141
937
639
1523
1375
1154
2703
700
1260
2657
272
434
1819
826
1953
547
1927
2665
1077
2328
1988
1872
454
1504
2207
41
851
1007
1354
1038
702
663
491
1315
1691
764
1462
1482
2306
2486
1574
586
1939
2474
812
1370
1351
2505
1108
628
1245
2121
2519
1488
2190
1539
1768
676
755
2084
788
1849
2458
2173
1577
1912
521
432
1533
65
1026
2123
2211
609
1682
2493
672
1936
1643
460
2650
1083
1105
879
907
753
1225
2307
1434
1240
789
2521
805
811
394
1319
2151
1236
1307
1411
1780
1761
1476
1464
2004
348
2530
312
2386
2461
134
1721
1893
2581
493
2245
2157
589
942
1954
1217
1635
1044
1686
2324
1745
590
1347
2320
705
1142
953
1304
742
97
319
769
1052
972
1776
634
540
1427
1531
2201
1033
357
138
160
1205
1634
578
1878
294
2477
1137
2526
1955
1238
2067
1071
2399
1251
1944
1156
2667
1999
2436
2323
1711
2247
2490
2122
2704
1089
506
564
1009
737
1977
1289
1733
1844
351
508
749
2536
2468
1300
1246
423
2032
2574
1454
2055
1138
322
2464
1335
155
2491
1869
284
620
772
2525
1582
296
1918
1521
2288
2542
1113
171
1651
1572
2085
252
1322
1035
1558
1631
1668
2374
736
2020
1638
1353
716
649
307
1372
1934
2263
2022
2217
474
1470
2189
1861
986
105
2691
501
32
1180
1420
2184
1323
2105
2313
1270
739
2423
1709
223
2593
199
2429
708
2059
1786
1496
305
619
1938
991
2068
1617
1439
1831
191
2664
916
267
1656
1186
1477
1717
451
720
1598
99
1116
331
1987
696
1135
443
1176
1481
2106
1376
1093
1814
2592
295
1591
1777
354
1325
1855
2161
583
1585
2011
1945
1324
431
697
235
1184
58
2321
677
2164
120
741
1529
2655
225
1626
1593
534
1402
409
2520
2550
1556
1195
1028
2580
1826
1445
1400
263
439
821
1144
1115
258
1707
2648
554
1243
1862
2447
2194
1119
2142
2671
1022
1573
442
1139
1734
248
567
2054
1645
938
1744
935
1291
185
2380
478
198
1023
2688
2649
194
244
91
2259
1901
2120
1772
801
765
803
948
2430
1947
1433
2000
1090
701
2226
784
1910
398
539
2166
467
2414
261
2433
482
2309
2701
1326
2250
2418
1904
1361
2094
1046
558
1308
1448
123
1005
2565
1683
2702
1792
2231
2682
1891
495
2569
2584
449
2091
1493
11
2071
1049
1073
2476
436
2698
1979
2384
1458
844
2154
1921
358
1822
975
2497
234
116
2385
323
1553
463
1484
847
1198
2601
74
2426
2484
315
799
2115
2137
858
1061
2706
1716
426
2062
745
1157
1050
2202
2627
1045
1455
1782
1149
1534
209
2080
1318
2697
666
93
299
1962
2009
306
872
2547
1619
2027
2696
1688
1853
1672
830
2302
949
857
714
519
787
593
356
594
1062
671
260
2296
2354
2598
968
2341
707
2508
1705
2487
966
1724
1963
2342
1391
1771
2502
1851
2579
117
172
92
1748
1379
961
2679
2700
1618
415
1091
271
80
2563
782
157
664
669
461
1150
579
1615
464
2057
1920
1274
1303
2534
2203
568
335
1769
86
55
1078
2167
699
1374
2222
1880
376
292
377
2452
2612
1297
2188
994
25
2056
2100
2638
2560
203
910
1415
1763
1397
1188
1502
1602
2455
2114
257
1036
76
2264
1797
24
2104
429
2216
945
262
1898
900
1133
2147
2002
1394
1692
1783
492
1507
624
108
2266
165
