0	6
1	8
3	5
4	5
5	5
9	5
11	6
13	5
18	2
19	6
20	7
24	2
25	2
26	6
27	2
28	2
29	5
31	5
33	5
37	2
38	5
39	5
40	5
41	5
44	2
45	2
47	6
49	5
50	5
51	1
54	1
55	1
57	1
59	1
60	1
61	1
63	5
64	2
65	5
68	5
69	5
70	5
71	8
72	2
73	2
74	8
77	5
78	1
79	4
81	5
82	6
84	1
85	1
86	1
89	1
90	1
91	5
92	5
93	2
94	1
95	5
96	5
97	5
98	5
100	5
102	5
103	5
104	5
105	5
106	2
107	4
108	2
109	2
111	5
117	5
118	5
120	5
121	5
123	5
124	5
125	5
126	2
127	2
128	5
129	5
131	4
132	4
138	5
139	5
140	5
142	2
143	2
144	5
145	6
147	1
148	5
149	4
151	2
152	5
155	5
164	0
165	5
170	2
171	2
176	4
178	5
179	1
183	1
186	5
187	5
188	5
191	5
192	6
193	0
194	0
197	6
200	8
202	8
204	8
205	8
207	6
208	6
209	5
213	5
214	5
215	7
216	2
217	2
223	2
224	6
225	0
226	2
227	5
229	5
230	5
232	5
233	5
234	5
235	5
236	4
240	4
242	5
243	5
244	5
245	5
246	5
248	5
249	5
250	5
251	5
253	5
254	5
255	5
256	5
257	5
258	5
260	5
261	6
262	6
263	6
264	6
265	6
266	4
269	6
270	6
271	1
272	1
273	1
274	1
276	5
277	2
278	2
279	5
280	5
284	6
285	6
287	6
288	6
291	5
292	5
294	8
298	6
305	2
306	3
307	2
308	2
312	2
317	1
318	2
319	1
320	5
322	5
324	0
326	2
327	2
328	5
329	5
331	2
334	2
338	2
339	5
340	2
346	2
347	4
348	5
351	2
357	6
359	6
360	6
362	5
363	6
364	1
366	5
369	5
374	5
376	6
377	1
378	1
379	1
380	1
381	5
383	5
384	5
385	5
386	5
387	5
388	5
389	5
390	5
393	3
397	6
402	6
403	6
405	6
406	6
407	6
408	5
410	5
413	5
414	3
416	2
417	2
418	5
421	8
422	5
423	1
424	5
425	5
426	5
427	5
428	5
430	3
431	5
432	6
440	1
441	5
442	5
443	5
444	5
445	2
446	5
448	5
449	5
450	5
451	5
452	5
453	5
454	5
455	5
456	5
457	5
459	5
460	5
461	5
462	5
463	5
466	5
467	5
468	3
469	5
470	5
475	6
477	6
480	6
481	6
482	6
484	6
487	4
489	6
490	5
495	1
496	1
497	5
498	2
499	3
500	5
501	5
503	5
504	5
506	5
510	6
511	6
512	6
513	6
514	6
517	6
523	7
532	1
535	8
536	8
539	8
540	5
545	5
546	5
549	5
550	5
551	5
553	2
565	2
573	6
576	5
577	5
579	8
580	1
581	2
583	5
585	5
586	2
587	4
590	4
594	5
597	5
599	5
600	5
601	5
602	5
604	0
618	6
620	6
623	6
624	6
627	3
628	1
630	3
640	6
641	6
643	6
647	6
648	6
650	6
651	7
653	3
654	5
661	4
662	6
664	6
665	4
666	7
672	3
676	6
677	6
687	6
692	4
693	3
697	3
701	2
711	3
716	6
722	6
725	6
726	6
727	4
732	6
733	6
734	5
735	8
736	5
738	5
739	6
740	6
741	0
742	1
743	5
744	0
746	5
748	8
750	5
752	8
754	5
757	5
758	5
759	5
760	5
762	5
765	5
766	5
768	5
769	5
770	5
771	5
773	5
774	5
775	5
777	6
778	6
779	6
782	6
784	6
786	7
787	5
790	5
792	5
793	0
794	0
795	8
797	8
798	3
800	8
801	8
803	5
808	5
809	8
810	8
812	8
813	8
814	8
815	8
816	8
817	8
818	8
819	8
820	1
824	8
825	8
826	5
827	5
828	8
829	0
830	5
831	5
832	7
835	8
836	8
838	2
841	8
845	3
847	6
858	6
859	6
861	6
862	6
863	5
864	0
865	0
866	0
867	5
868	5
869	8
870	4
872	5
873	5
874	0
875	0
876	0
877	5
878	5
879	5
880	5
882	3
885	2
886	5
888	0
890	2
892	0
895	4
896	5
897	5
898	5
899	8
901	5
906	5
907	5
909	5
910	5
911	5
912	3
924	6
926	6
933	6
934	4
935	6
936	4
937	1
938	1
940	5
941	5
942	5
943	5
944	5
945	5
946	5
948	1
949	1
950	8
952	3
953	3
955	5
956	8
959	1
961	8
963	1
964	8
965	6
966	8
967	1
968	1
969	1
970	1
972	5
973	5
975	8
976	1
977	1
978	2
979	1
980	1
981	5
985	5
987	5
989	5
990	5
991	5
992	5
993	5
994	1
995	5
996	5
997	5
998	5
999	5
1000	1
1001	5
1002	5
1003	5
1005	5
1006	5
1008	6
1012	6
1015	5
1016	5
1017	8
1022	5
1023	5
1026	2
1027	5
1028	5
1029	0
1031	1
1033	1
1038	3
1039	8
1040	8
1048	8
1058	1
1060	8
1064	4
1066	8
1067	8
1068	8
1070	8
1073	6
1074	6
1075	5
1076	8
1077	0
1078	5
1079	5
1081	3
1083	8
1084	8
1085	0
1086	5
1087	1
1088	7
1089	7
1090	7
1092	2
1095	1
1097	5
1099	5
1100	5
1101	5
1102	5
1103	5
1104	5
1107	1
1108	4
1113	8
1115	2
1116	3
1119	6
1121	6
1122	0
1123	6
1124	5
1125	3
1126	3
1127	1
1128	5
1129	1
1130	1
1131	1
1132	5
1133	3
1134	2
1135	5
1136	5
1137	5
1138	5
1139	1
1140	6
1141	2
1143	5
1144	8
1145	1
1146	1
1147	3
1148	5
1149	5
1150	2
1151	2
1153	5
1154	5
1156	5
1157	2
1161	5
1162	5
1163	2
1164	2
1165	5
1166	3
1167	2
1173	5
1174	5
1175	5
1176	8
1177	8
1178	8
1179	8
1180	5
1182	1
1186	5
1187	5
1190	3
1192	5
1193	3
1194	3
1196	5
1197	5
1198	5
1200	5
1201	5
1202	5
1203	5
1204	5
1205	5
1206	5
1207	5
1212	5
1213	5
1214	5
1215	5
1216	5
1217	5
1218	5
1219	5
1220	3
1221	5
1222	5
1223	5
1224	3
1225	5
1226	5
1227	5
1228	5
1229	5
1230	3
1232	3
1233	3
1234	3
1241	6
1243	6
1245	6
1246	6
1248	6
1250	6
1251	6
1255	6
1256	4
1264	3
1266	8
1267	1
1268	1
1269	0
1270	1
1276	5
1282	8
1284	7
1285	5
1286	1
1287	7
1288	3
1289	0
1290	5
1291	8
1292	1
1293	1
1294	1
1295	1
1296	1
1297	1
1298	1
1299	1
1300	2
1301	0
1302	0
1303	1
1304	0
1305	1
1306	0
1307	1
1308	0
1309	1
1312	1
1313	8
1314	2
1315	1
1317	1
1318	1
1319	1
1320	1
1322	0
1323	8
1324	8
1325	3
1326	4
1329	5
1333	3
1345	3
1346	2
1347	3
1348	5
1350	5
1351	5
1354	6
1355	0
1356	6
1357	0
1362	6
1363	6
1364	6
1367	7
1369	7
1370	7
1372	5
1373	8
1375	0
1376	1
1377	1
1378	0
1382	0
1383	5
1386	1
1387	8
1388	1
1389	1
1390	0
1391	8
1394	3
1395	8
1396	3
1397	3
1398	2
1400	6
1401	8
1409	5
1411	8
1413	8
1416	8
1417	1
1418	2
1422	8
1423	6
1428	1
1430	1
1431	1
1432	3
1435	7
1436	7
1437	7
1439	8
1442	1
1444	1
1447	0
1452	2
1456	3
1457	5
1458	3
1459	1
1460	5
1461	5
1462	0
1463	8
1466	0
1467	5
1468	0
1469	0
1470	0
1471	0
1472	3
1473	0
1475	1
1476	6
1477	2
1478	4
1481	2
1482	2
1483	6
1484	6
1486	0
1487	0
1488	2
1489	0
1490	2
1491	2
1493	0
1494	1
1495	2
1496	3
1497	0
1498	5
1500	5
1501	5
1502	3
1503	1
1504	0
1505	0
1506	1
1507	3
1508	5
1509	3
1510	3
1511	2
1512	0
1514	0
1515	0
1516	1
1517	0
1518	0
1519	2
1521	2
1522	2
1524	5
1530	2
1532	2
1533	2
1535	2
1538	2
1539	5
1541	2
1542	5
1543	4
1544	8
1545	2
1546	2
1547	2
1548	2
1549	0
1550	2
1551	2
1552	4
1553	5
1554	5
1556	3
1561	5
1562	3
1563	2
1564	2
1565	3
1567	3
1568	2
1570	1
1571	5
1573	0
1576	5
1577	5
1579	5
1580	5
1584	5
1585	5
1586	3
1587	3
1591	5
1593	5
1594	3
1602	6
1603	6
1604	6
1605	4
1606	6
1610	4
1617	6
1622	4
1623	6
1624	6
1629	6
1630	6
1631	0
1632	6
1633	1
1634	1
1635	1
1636	0
1637	1
1638	1
1639	0
1640	0
1641	4
1643	5
1644	3
1645	6
1648	7
1650	8
1651	0
1652	8
1654	5
1655	5
1659	5
1660	8
1661	4
1664	3
1665	0
1666	5
1668	6
1669	6
1670	6
1671	1
1672	3
1673	0
1674	1
1675	1
1676	1
1677	5
1678	1
1679	1
1680	0
1681	1
1682	0
1683	0
1684	5
1685	1
1687	1
1688	2
1689	0
1690	1
1691	5
1692	5
1693	1
1696	0
1697	0
1698	1
1700	0
1701	5
1702	0
1703	1
1704	1
1705	0
1706	1
1707	1
1708	1
1710	1
1713	0
1714	1
1715	0
1716	5
1717	0
1718	3
1719	3
1722	3
1723	5
1724	5
1725	5
1727	5
1731	5
1734	5
1735	5
1738	5
1740	5
1741	5
1743	5
1744	5
1746	3
1748	5
1749	5
1750	5
1751	3
1753	6
1755	6
1759	6
1761	6
1763	4
1764	0
1768	6
1776	6
1777	4
1779	7
1782	5
1783	8
1784	0
1786	1
1787	1
1788	5
1789	5
1791	5
1792	3
1793	5
1795	5
1796	5
1799	0
1800	0
1801	0
1802	0
1803	0
1804	0
1805	0
1806	0
1807	8
1808	8
1809	5
1810	8
1812	0
1814	3
1815	3
1816	5
1820	8
1821	8
1823	5
1825	5
1830	0
1831	0
1833	0
1835	0
1836	8
1838	0
1839	1
1840	1
1841	0
1842	0
1843	1
1844	0
1845	0
1846	0
1847	0
1848	0
1851	8
1852	8
1853	8
1854	8
1859	4
1862	5
1863	5
1864	5
1865	5
1866	5
1869	5
1870	5
1873	8
1874	8
1876	5
1877	7
1878	7
1880	7
1881	7
1882	7
1883	7
1884	7
1885	7
1886	7
1887	7
1889	8
1890	5
1891	4
1892	4
1893	0
1896	5
1898	5
1900	8
1901	1
1902	7
1909	8
1910	2
1911	5
1912	3
1913	5
1914	5
1916	5
1918	5
1919	5
1922	8
1924	1
1925	1
1926	0
1927	1
1930	5
1931	3
1933	0
1934	8
1935	2
1936	2
1942	6
1943	6
1944	6
1945	6
1948	0
1949	0
1955	6
1957	0
1958	1
1959	5
1960	5
1963	0
1964	1
1965	5
1966	1
1967	1
1968	1
1969	0
1970	5
1971	5
1972	0
1973	1
1974	5
1975	0
1977	1
1979	5
1980	5
1981	5
1983	0
1984	1
1987	5
1988	5
1989	0
1992	1
1993	5
1994	2
1998	0
2001	4
2002	0
2003	5
2004	0
2005	0
2007	3
2008	5
2009	5
2011	0
2012	5
2013	5
2014	5
2015	5
2016	0
2017	0
2018	0
2019	5
2021	1
2022	0
2023	0
2024	1
2026	5
2027	0
2028	0
2029	5
2030	0
2034	8
2035	8
2036	0
2037	0
2038	2
2044	2
2045	2
2046	2
2048	3
2049	5
2050	5
2051	1
2052	1
2053	0
2054	0
2055	1
2056	5
2057	3
2060	0
2061	2
2062	0
2063	5
2065	0
2066	0
2067	0
2070	0
2072	4
2073	5
2074	5
2076	3
2077	3
2080	3
2081	3
2082	3
2083	5
2084	5
2085	5
2088	5
2089	3
2090	0
2091	5
2093	5
2094	5
2095	5
2096	5
2098	0
2099	3
2100	5
2103	0
2104	5
2105	5
2106	5
2108	5
2109	5
2110	5
2111	5
2112	5
2113	5
2114	5
2116	5
2117	5
2118	3
2119	5
2120	5
2122	5
2123	5
2125	3
2126	3
2127	3
2134	2
2137	0
2138	6
2140	6
2142	6
2150	2
2151	2
2152	2
2162	0
2165	8
2166	0
2167	1
2168	1
2169	1
2170	1
2171	0
2173	2
2174	5
2176	3
2178	1
2180	0
2181	8
2183	8
2186	8
2187	5
2188	8
2190	0
2191	0
2192	1
2193	6
2194	6
2195	0
2196	6
2197	6
2198	6
2200	1
2201	1
2202	0
2203	0
2205	3
2207	1
2209	1
2210	5
2212	3
2213	1
2215	1
2216	2
2217	1
2218	1
2219	1
2220	1
2222	3
2223	0
2224	1
2226	1
2227	1
2228	1
2230	1
2231	2
2232	1
2233	0
2234	0
2235	4
2237	1
2238	1
2239	1
2240	0
2241	1
2242	0
2244	1
2245	1
2246	3
2247	5
2248	1
2249	2
2250	1
2253	1
2254	0
2255	0
2256	0
2257	2
2262	3
2264	4
2265	2
2270	5
2271	5
2272	5
2273	0
2274	2
2275	5
2278	2
2279	5
2280	2
2283	0
2285	5
2288	2
2289	0
2291	0
2292	2
2294	5
2295	5
2296	4
2297	2
2298	5
2300	5
2305	4
2310	0
2311	4
2312	6
2316	2
2320	6
2321	0
2322	0
2327	0
2338	6
2342	6
2347	4
2350	6
2355	7
2359	0
2362	5
2363	1
2364	5
2365	0
2368	1
2369	1
2370	0
2371	2
2373	0
2374	8
2375	1
2376	8
2377	1
2382	5
2385	1
2386	0
2388	8
2389	0
2390	8
2391	8
2392	8
2393	8
2395	4
2406	8
2411	5
2413	8
2414	2
2416	5
2418	8
2419	8
2427	8
2428	8
2429	8
2431	8
2432	8
2434	8
2435	8
2436	8
2438	0
2439	1
2441	2
2442	0
2443	0
2444	0
2445	0
2446	4
2447	0
2449	3
2450	0
2451	3
2455	2
2456	2
2457	8
2460	8
2461	8
2463	6
2466	4
2467	6
2468	6
2470	1
2471	0
2474	1
2475	1
2476	3
2480	7
2481	2
2482	2
2485	7
2487	7
2490	7
2491	2
2494	7
2495	2
2496	7
2503	7
2504	7
2506	7
2508	2
2511	7
2519	8
2522	8
2523	4
2524	5
2526	4
2527	4
2528	1
2529	1
2530	2
2531	1
2532	0
2533	5
2534	8
2536	7
2544	2
2545	2
2547	2
2551	5
2552	5
2553	5
2557	0
2568	0
2569	0
2570	1
2571	0
2575	8
2576	8
2578	4
2582	2
2583	6
2584	6
2586	6
2587	6
2588	6
2589	6
2591	2
2592	2
2596	6
2597	6
2599	6
2601	0
2602	0
2603	1
2605	0
2606	0
2607	0
2608	1
2609	0
2610	1
2611	1
2612	0
2613	5
2618	0
2620	0
2621	1
2622	2
2623	0
2625	0
2626	0
2627	0
2628	0
2629	1
2632	1
2634	2
2635	1
2636	0
2637	4
2639	2
2640	1
2641	4
2642	0
2643	5
2646	5
2648	0
2653	0
2654	2
2655	2
2656	2
2659	2
2660	5
2662	1
2663	8
2664	0
2666	5
2667	0
2668	0
2671	0
2672	1
2675	3
2678	3
2679	0
2681	0
2683	0
2684	0
2685	0
2688	5
2689	5
2690	1
2691	0
2692	0
2693	1
2694	0
2695	0
2696	2
2698	1
2699	5
2702	1
2703	0
2705	2
2706	0
2707	2
2708	3
2709	2
2710	1
2711	3
2713	2
2714	2
2716	3
2717	4
2719	0
2724	0
2725	5
2727	1
2729	0
2732	5
2733	5
2735	0
2736	4
2737	2
2743	2
2744	2
2746	3
2748	0
2750	2
2752	8
2754	4
2756	4
2758	5
2759	2
2760	5
2762	3
2763	2
2764	3
2765	5
2767	3
2768	3
2774	5
2776	5
2780	5
2784	0
2788	4
2789	5
2790	3
2791	5
2792	5
2793	5
2794	5
2796	3
2797	5
2798	5
2801	5
2803	3
2804	3
2805	3
2806	3
2813	6
2819	6
2825	4
2826	4
2830	6
2845	7
2846	7
2848	7
2849	6
2851	0
2852	0
2853	0
2860	2
2862	4
2863	0
2864	0
2866	0
2870	0
2889	4
2890	8
2891	1
2894	8
2895	6
2896	5
2897	1
2898	1
2899	3
2900	1
2901	0
2902	1
2903	1
2904	1
2905	1
2910	8
2911	8
2912	0
2913	0
2914	5
2916	2
2917	1
2918	1
2919	1
2923	3
2924	2
2925	3
2926	8
2927	5
2928	0
2929	1
2932	8
2933	8
2934	1
2935	1
2936	8
2937	1
2938	2
2939	1
2940	5
2941	8
2942	8
2943	8
2947	6
2948	6
2949	6
2951	6
2952	6
2953	6
2955	0
2956	1
2957	0
2958	1
2959	0
2960	0
2961	1
2962	0
2963	1
2964	1
2965	1
2966	2
2967	0
2968	5
2969	2
2970	1
2972	1
2973	0
2974	0
2976	1
2977	1
2978	1
2980	1
2981	1
2982	1
2983	2
2984	1
2985	5
2987	1
2988	0
2989	5
2990	2
2991	0
2994	1
2995	5
2996	0
2998	1
2999	0
3001	1
3002	0
3003	1
3004	2
3005	0
3006	2
3007	1
3008	1
3009	5
3011	1
3012	2
3013	5
3014	2
3017	1
3018	0
3019	0
3020	0
3021	0
3022	1
3023	5
3024	4
3025	0
3026	2
3027	2
3028	0
3029	0
3030	0
3033	4
3034	4
3035	4
3036	4
3037	2
3038	2
3039	5
3040	5
3041	5
3042	5
3043	5
3047	5
3048	5
3049	5
3050	5
3051	5
3052	3
3053	5
3054	5
3055	5
3056	1
3058	5
3059	5
3060	5
3061	5
3062	5
3063	5
3064	5
3065	5
3067	5
3070	5
3071	0
3072	5
3073	5
3074	5
3075	5
3076	5
3078	5
3079	5
3081	5
3082	5
3083	5
3084	5
3085	5
3086	5
3087	5
3088	5
3089	5
3090	2
3092	5
3093	5
3095	2
3102	4
3109	4
3118	0
3120	6
3122	6
3124	6
3125	6
3127	6
3128	0
3132	6
3136	4
3137	6
3145	6
3151	6
3157	6
3158	6
3161	6
3165	6
3166	0
3169	6
3171	6
3177	4
3180	0
3181	6
3183	4
3184	6
3203	7
3204	7
3209	2
3211	5
3213	5
3214	5
3216	0
3218	0
3220	8
3222	8
3223	1
3224	0
3227	1
3228	8
3229	8
3230	3
3231	4
3232	5
3233	5
3235	2
3237	5
3238	5
3239	3
3240	5
3241	5
3242	5
3243	3
3244	5
3245	5
3246	5
3247	2
3248	5
3249	5
3252	8
3253	0
3254	0
3256	0
3263	8
3267	2
3270	5
3271	2
3272	5
3282	6
3284	6
3288	3
3289	0
3294	6
3295	8
3302	5
3303	5
3304	5
3305	5
3306	5
3307	8
3310	2
3311	1
3312	5
3315	8
3318	5
3319	8
3320	8
3321	8
3326	8
3327	0
3328	1
3329	1
3331	0
3332	2
3333	0
3334	0
3335	0
3336	1
3338	2
3341	0
3342	0
3344	0
3345	8
3348	8
3354	8
3356	6
3360	6
3367	5
3368	5
3369	5
3370	1
3371	5
3372	5
3373	1
3374	5
3375	3
3379	2
3383	5
3384	5
3385	5
3386	3
3391	7
3393	7
3394	7
3395	7
3396	7
3402	7
3404	2
3409	7
3410	7
3414	7
3418	7
3419	2
3422	2
3426	7
3428	7
3430	2
3431	7
3432	0
3433	5
3434	5
3435	5
3436	2
3437	2
3438	0
3440	8
3444	5
3445	5
3446	1
3447	5
3448	1
3449	5
3450	5
3451	5
3454	5
3455	2
3456	2
3457	1
3458	7
3460	7
3464	4
3468	3
3470	8
3471	0
3480	0
3481	5
3482	5
3483	5
3484	0
3485	5
3486	5
3487	5
3488	5
3489	5
3490	5
3491	1
3492	2
3493	3
3494	5
3495	5
3496	5
3497	8
3499	0
3503	5
3504	5
3505	0
3508	5
3509	8
3510	2
3511	2
3512	5
3513	0
3514	0
3516	0
3517	5
3518	5
3519	5
3520	5
3527	2
3533	3
3537	2
3539	6
3541	6
3545	6
3548	6
3549	6
3551	6
3552	0
3553	6
3555	6
3560	6
3562	6
3563	4
3564	6
3565	1
3566	1
3568	1
3570	5
3572	2
3575	2
3576	0
3577	0
3578	2
3579	5
3583	0
3585	5
3588	0
3590	1
3592	2
3593	1
3594	0
3596	1
3597	1
3598	0
3599	5
3600	0
3601	1
3602	4
3603	0
3604	5
3605	5
3606	5
3607	5
3608	5
3609	0
3612	1
3615	5
3617	0
3622	1
3623	2
3624	0
3627	0
3628	0
3630	5
3632	3
3633	5
3634	5
3636	0
3637	3
3638	1
3640	5
3641	2
3642	5
3643	3
3645	5
3647	0
3648	5
3649	0
3650	2
3651	5
3652	5
3653	2
3655	0
3658	2
3659	5
3660	5
3661	0
3662	1
3663	2
3665	0
3666	0
3670	0
3671	0
3672	0
3673	5
3674	5
3676	1
3677	0
3678	5
3679	5
3680	0
3681	5
3682	3
3683	2
3684	3
3685	2
3688	2
3689	2
3690	1
3691	0
3693	0
3694	0
3695	2
3697	0
3701	0
3703	0
3707	2
3708	2
3709	2
3711	2
3712	2
3713	2
3716	2
3718	2
3719	3
3720	0
3721	1
3722	5
3723	5
3724	5
3726	0
3727	0
3728	5
3729	1
3730	2
3734	5
3735	5
3736	5
3737	5
3739	5
3740	5
3741	2
3742	2
3743	5
3749	2
3751	2
3753	3
3756	2
3759	3
3760	5
3761	5
3763	2
3765	1
3767	1
3768	5
3770	2
3772	2
3773	2
3774	4
3775	0
3776	4
3778	4
3780	4
3781	4
3782	0
3783	5
3784	5
3786	3
3788	4
3789	3
3790	5
3794	5
3802	5
3803	5
3804	5
3807	0
3812	5
3813	5
3814	5
3817	3
3818	5
3819	5
3820	3
3821	5
3822	5
3824	5
3825	5
3826	5
3831	5
3832	5
3833	5
3834	5
3835	5
3836	0
3838	5
3839	5
3840	5
3843	5
3844	5
3845	3
3846	3
3847	5
3848	3
3867	6
3868	6
3873	6
3877	6
3884	6
3886	6
3894	4
3898	4
3899	4
3909	0
3911	4
3919	2
3920	0
3922	6
3924	1
3933	4
3934	4
3936	0
3946	6
3947	6
3949	1
3951	1
3952	6
3953	1
3954	0
3955	1
3956	1
3957	2
3958	1
3959	1
3960	0
3961	2
3962	1
3963	1
3964	0
3966	1
3968	1
3969	1
3970	4
3971	3
3974	1
3975	8
3977	5
3978	2
3982	8
3983	2
3985	3
3986	2
3987	0
3988	2
3989	0
3990	0
3991	3
3992	0
3993	1
3994	1
3995	3
3996	5
3998	3
4003	8
4004	3
4005	8
4006	5
4007	0
4008	2
4009	1
4011	3
4012	2
4013	3
4014	6
4016	6
4017	6
4018	6
4019	6
4022	0
4023	1
4024	1
4026	0
4027	1
4028	1
4029	0
4031	1
4032	1
4033	0
4034	1
4035	1
4036	0
4037	1
4038	5
4039	2
4040	1
4041	0
4042	2
4043	0
4044	0
4045	5
4046	2
4047	0
4048	1
4049	1
4050	0
4051	3
4052	0
4053	2
4054	8
4055	1
4056	1
4057	1
4058	0
4059	1
4060	0
4061	1
4062	0
4063	0
4064	0
4065	0
4066	1
4069	1
4070	1
4071	1
4073	2
4074	1
4075	2
4076	2
4077	5
4079	1
4080	0
4081	5
4082	1
4083	1
4084	0
4085	1
4086	5
4087	1
4088	4
4089	5
4090	2
4091	2
4092	2
4093	0
4094	0
4096	3
4098	0
4099	2
4101	0
4102	2
4104	0
4106	2
4107	0
4108	2
4111	4
4112	4
4113	4
4114	4
4118	4
4120	4
4121	3
4124	5
4125	2
4127	5
4130	5
4131	2
4132	5
4133	5
4134	3
4135	2
4138	0
4141	2
4142	0
4143	2
4144	2
4147	5
4148	3
4149	5
4150	5
4151	5
4152	5
4154	5
4155	2
4156	5
4157	5
4158	2
4159	5
4160	5
4162	5
4163	5
4164	2
4165	2
4166	2
4175	6
4177	6
4193	6
4209	0
4216	1
4222	2
4226	0
4234	0
4236	0
4243	4
4245	6
4254	0
4255	0
4258	2
4263	6
4271	0
4274	6
4284	7
4285	7
4288	2
4289	5
4290	2
4291	5
4293	5
4294	5
4298	8
4299	8
4300	0
4301	1
4302	0
4303	4
4304	0
4305	2
4306	5
4307	1
4308	0
4314	0
4315	1
4316	5
4317	0
4319	2
4322	5
4323	0
4324	2
4325	2
4326	3
4329	5
4330	3
4331	1
4332	5
4333	2
4334	1
4335	0
4337	8
4338	8
4339	0
4341	0
4342	1
4343	8
4346	8
4347	8
4348	8
4352	8
4354	8
4355	1
4358	8
4360	2
4361	2
4368	8
4371	2
4379	8
4384	8
4385	2
4386	2
4387	5
4388	5
4391	2
4394	5
4398	2
4401	2
4411	1
4413	5
4414	8
4415	8
4416	8
4419	2
4429	3
4432	3
4433	2
4434	1
4435	2
4436	0
4437	0
4438	0
4441	1
4442	0
4443	0
4444	2
4445	0
4446	0
4447	0
4449	2
4450	2
4455	2
4456	3
4457	2
4461	8
4463	8
4467	8
4470	8
4475	6
4478	3
4479	6
4484	0
4485	0
4486	1
4487	2
4488	8
4490	3
4492	2
4495	3
4496	3
4497	5
4499	8
4502	7
4503	2
4504	7
4506	7
4508	2
4515	7
4516	7
4518	7
4521	7
4523	7
4525	2
4526	7
4527	7
4529	2
4534	7
4535	7
4537	7
4538	7
4540	7
4541	2
4542	7
4549	7
4550	7
4556	2
4557	7
4558	7
4565	8
4566	8
4567	2
4569	8
4574	4
4575	3
4576	2
4578	0
4580	8
4581	2
4582	8
4583	0
4584	2
4585	2
4588	1
4589	2
4593	2
4595	1
4597	0
4598	0
4599	7
4600	7
4601	7
4602	7
4603	7
4604	7
4606	7
4607	7
4620	4
4622	0
4623	2
4626	0
4628	3
4633	8
4634	3
4635	1
4636	5
4637	5
4638	2
4639	2
4641	2
4644	3
4645	5
4646	5
4647	2
4649	3
4650	3
4651	3
4657	5
4658	3
4659	1
4662	2
4663	1
4664	8
4666	8
4667	0
4668	4
4672	3
4674	5
4675	5
4676	0
4678	2
4679	2
4683	8
4686	0
4688	8
4691	8
4712	6
4716	6
4717	6
4718	0
4719	6
4720	0
4721	0
4722	0
4723	2
4724	2
4728	2
4730	2
4731	2
4733	3
4738	0
4743	6
4745	6
4747	6
4748	6
4749	7
4751	6
4752	6
4755	4
4757	6
4759	1
4760	1
4761	2
4762	1
4763	1
4764	1
4765	2
4767	5
4770	1
4771	0
4772	0
4773	0
4775	1
4777	0
4778	1
4780	2
4781	1
4783	1
4786	1
4787	4
4788	0
4791	1
4793	0
4795	2
4796	0
4798	0
4802	0
4803	0
4804	0
4805	2
4806	2
4807	3
4808	2
4809	2
4810	3
4811	1
4812	5
4813	5
4814	5
4816	5
4817	5
4818	2
4819	2
4820	2
4821	5
4822	0
4823	1
4824	5
4825	5
4826	5
4827	1
4828	5
4829	3
4832	0
4833	0
4835	2
4837	0
4838	2
4839	2
4844	0
4845	0
4846	0
4847	0
4849	5
4850	0
4852	2
4853	0
4854	2
4855	2
4856	2
4857	3
4859	2
4861	0
4864	2
4865	2
4866	2
4867	1
4869	1
4870	0
4874	0
4875	2
4876	3
4877	3
4878	0
4880	0
4881	4
4882	2
4883	0
4884	2
4886	2
4887	2
4889	2
4890	5
4892	0
4894	2
4895	0
4896	0
4897	0
4898	1
4900	0
4901	0
4902	0
4903	0
4904	5
4905	5
4906	3
4907	3
4908	0
4911	0
4912	0
4913	5
4914	0
4915	4
4916	2
4917	2
4918	5
4919	5
4920	2
4921	0
4923	0
4926	2
4927	2
4929	4
4930	2
4931	0
4932	3
4934	2
4935	5
4936	3
4939	5
4940	2
4941	0
4942	0
4943	0
4946	2
4947	2
4948	2
4949	2
4950	3
4951	3
4953	2
4954	2
4957	2
4958	2
4960	2
4961	2
4966	2
4967	2
4968	2
4970	2
4971	2
4973	2
4974	2
4975	0
4977	2
4980	0
4981	2
4982	2
4983	2
4984	3
4985	3
4986	3
4991	2
4992	0
4993	1
4994	1
4995	0
4996	1
4997	1
4998	0
4999	2
5000	0
5001	1
5002	0
5004	2
5005	5
5007	2
5008	2
5010	2
5011	2
5012	7
5013	3
5014	3
5015	4
5016	5
5017	4
5018	4
5019	2
5020	4
5021	8
5022	0
5023	0
5025	3
5026	2
5027	2
5028	3
5029	3
5030	3
5031	2
5033	2
5034	2
5035	3
5036	2
5037	3
5038	0
5039	2
5040	2
5041	0
5042	0
5044	0
5045	2
5046	2
5047	2
5048	2
5049	0
5052	0
5055	2
5057	0
5058	2
5060	2
5061	2
5063	2
5064	2
5065	2
5067	2
5068	2
5070	2
5071	4
5073	2
5077	4
5078	4
5079	5
5080	2
5082	2
5083	5
5084	2
5085	2
5087	3
5088	3
5095	8
5101	8
5102	3
5109	5
5110	2
5111	2
5113	2
5119	3
5121	3
5125	2
5126	5
5127	2
5128	5
5135	2
5136	0
5138	3
5139	3
5140	5
5141	0
5142	4
5143	3
5144	5
5146	2
5147	3
5148	2
5149	2
5150	5
5152	3
5153	3
5154	3
5155	3
5156	3
5164	2
5166	6
5167	2
5168	0
5173	6
5186	6
5187	6
5188	6
5190	4
5193	0
5205	2
5209	0
5211	4
5212	6
5218	6
5224	6
5233	4
5236	6
5248	0
5249	0
5250	0
5253	0
5266	3
5272	0
5279	0
5284	0
5287	0
5300	4
5301	0
5302	0
5319	8
5320	1
5322	6
5323	8
5324	4
5327	8
5328	8
5330	2
5331	1
5332	0
5333	1
5334	1
5335	5
5336	1
5337	1
5338	0
5339	1
5340	5
5341	1
5342	0
5344	0
5345	1
5346	1
5347	5
5349	0
5351	1
5352	1
5353	0
5357	4
5359	7
5361	2
5362	0
5363	1
5365	5
5367	1
5368	2
5369	1
5371	1
5372	1
5373	0
5374	8
5375	8
5378	8
5379	8
5381	2
5385	5
5386	8
5387	8
5388	3
5392	0
5393	0
5395	0
5396	0
5397	0
5398	0
5399	0
5400	0
5401	0
5402	8
5403	8
5404	3
5405	3
5406	5
5407	8
5409	8
5410	8
5411	7
5413	2
5414	2
5415	8
5417	1
5418	3
5420	5
5421	0
5422	1
5423	8
5424	1
5425	5
5426	1
5429	8
5430	8
5431	8
5432	6
5436	6
5440	6
5441	0
5443	6
5444	1
5445	0
5447	1
5448	0
5449	0
5450	1
5453	5
5454	1
5455	1
5457	1
5458	5
5459	0
5461	1
5463	0
5465	5
5466	5
5467	0
5468	0
5469	5
5470	2
5471	1
5472	1
5473	0
5474	2
5475	0
5476	1
5477	0
5479	0
5480	5
5481	3
5482	2
5484	0
5485	0
5487	1
5488	2
5489	8
5490	2
5491	1
5492	0
5493	1
5494	1
5495	2
5496	5
5497	0
5498	1
5499	1
5500	1
5501	0
5502	5
5504	2
5505	0
5506	2
5507	5
5508	1
5509	1
5510	1
5511	0
5512	0
5513	0
5514	0
5516	3
5517	1
5518	0
5519	1
5520	1
5521	1
5522	1
5523	5
5525	3
5526	1
5530	2
5531	1
5532	0
5533	1
5534	1
5535	5
5536	1
5538	1
5539	2
5540	1
5541	2
5542	4
5543	5
5544	1
5545	0
5548	2
5549	0
5550	0
5551	0
5554	0
5555	2
5557	1
5558	0
5559	1
5560	1
5561	1
5562	2
5564	4
5565	0
5569	5
5570	5
5572	5
5575	5
5577	5
5578	5
5579	5
5580	5
5581	1
5582	5
5584	5
5585	5
5586	5
5587	5
5588	5
5590	5
5591	3
5592	5
5593	5
5594	5
5595	5
5596	5
5597	5
5598	5
5599	5
5600	5
5601	5
5602	5
5603	5
5605	5
5606	5
5607	2
5609	5
5611	3
5612	5
5613	5
5614	2
5615	5
5617	5
5618	5
5619	5
5620	5
5621	2
5622	3
5623	5
5624	5
5625	5
5626	5
5627	5
5628	5
5629	5
5630	5
5632	5
5633	5
5634	3
5636	6
5639	6
5640	6
5642	4
5644	6
5650	0
5651	6
5653	2
5655	0
5658	0
5663	6
5670	6
5672	0
5677	0
5679	6
5682	0
5683	0
5684	0
5689	6
5691	0
5694	0
5697	6
5698	6
5700	0
5701	0
5707	6
5710	6
5713	6
5717	7
5722	0
5723	5
5725	5
5726	5
5728	2
5730	5
5731	5
5732	2
5733	5
5734	5
5735	0
5738	0
5739	0
5740	8
5741	8
5742	0
5745	0
5747	0
5750	8
5751	8
5755	8
5756	1
5757	0
5759	0
5760	0
5761	1
5762	0
5765	0
5767	0
5768	5
5770	5
5771	3
5772	5
5773	5
5775	2
5776	5
5778	5
5779	5
5780	5
5781	2
5782	5
5784	4
5785	5
5786	3
5787	0
5789	1
5790	1
5791	0
5792	1
5793	1
5794	0
5796	1
5800	0
5801	0
5802	0
5804	2
5805	8
5806	0
5808	0
5810	1
5811	8
5813	8
5815	8
5816	5
5817	8
5818	8
5819	3
5821	5
5823	8
5824	8
5825	8
5826	8
5830	2
5832	5
5840	7
5853	8
5856	6
5864	0
5868	5
5876	8
5879	0
5882	5
5883	2
5884	5
5885	5
5886	5
5887	5
5888	5
5889	5
5890	0
5891	5
5892	5
5893	5
5894	5
5895	5
5901	5
5902	5
5903	8
5904	8
5907	0
5908	2
5909	8
5910	8
5912	8
5913	8
5921	0
5923	0
5926	8
5927	2
5928	0
5934	0
5935	1
5937	0
5940	0
5943	0
5944	1
5945	8
5946	0
5947	2
5949	2
5950	0
5951	0
5952	0
5953	0
5954	0
5955	0
5956	0
5957	0
5958	0
5959	0
5960	0
5966	8
5967	8
5968	8
5969	8
5970	8
5973	8
5979	6
5982	0
5984	0
5986	5
5987	5
5988	5
5989	5
5990	2
5992	8
5995	2
5996	5
5997	0
5999	5
6001	5
6004	8
6006	7
6007	5
6008	7
6010	2
6011	2
6013	2
6015	7
6016	7
6017	7
6019	7
6020	7
6024	7
6026	2
6027	2
6029	2
6030	7
6032	7
6034	2
6035	7
6041	8
6043	8
6044	8
6045	2
6046	5
6047	0
6048	5
6049	5
6050	5
6051	5
6052	5
6053	5
6054	0
6055	5
6056	4
6057	4
6058	0
6059	0
6060	2
6061	8
6065	0
6066	5
6067	2
6068	1
6069	5
6070	5
6074	8
6075	5
6077	5
6079	3
6082	8
6083	0
6084	0
6086	1
6089	7
6091	7
6094	7
6099	0
6111	2
6112	2
6114	8
6115	2
6116	2
6120	8
6121	8
6122	2
6123	0
6125	5
6126	5
6127	4
6129	0
6132	0
6136	2
6137	8
6138	3
6139	5
6140	5
6141	5
6142	5
6143	5
6144	5
6145	5
6146	5
6148	5
6150	3
6151	5
6152	5
6153	5
6155	5
6156	0
6157	3
6158	5
6159	5
6161	5
6162	2
6163	3
6164	1
6166	2
6167	8
6169	2
6170	1
6171	2
6172	0
6173	3
6176	1
6177	5
6178	1
6179	8
6181	5
6184	2
6190	2
6191	2
6194	5
6196	0
6197	5
6198	5
6204	8
6207	2
6208	2
6212	8
6213	2
6214	5
6222	1
6223	1
6224	2
6227	6
6231	6
6241	4
6242	6
6243	6
6245	4
6246	0
6250	0
6251	2
6252	0
6254	4
6255	2
6259	6
6261	6
6265	6
6266	6
6268	6
6274	0
6275	0
6282	6
6283	4
6286	0
6289	1
6290	5
6292	1
6293	0
6294	1
6295	2
6296	5
6297	0
6299	2
6302	0
6303	1
6304	5
6305	2
6306	2
6307	0
6308	0
6310	1
6311	5
6312	5
6314	2
6315	1
6316	0
6318	2
6319	4
6325	2
6326	1
6327	0
6328	0
6329	2
6330	5
6331	1
6334	0
6335	5
6336	5
6337	5
6338	1
6341	0
6343	0
6344	0
6345	1
6346	1
6347	2
6348	0
6349	0
6350	0
6351	1
6354	2
6356	0
6359	5
6360	0
6361	3
6363	5
6367	5
6368	5
6369	1
6371	0
6372	0
6374	0
6375	5
6376	5
6377	0
6378	1
6379	0
6380	5
6381	0
6382	5
6383	5
6384	5
6385	5
6386	5
6387	5
6388	5
6389	5
6390	0
6391	5
6394	8
6397	0
6398	0
6399	2
6400	5
6401	5
6403	0
6404	2
6405	2
6406	0
6407	1
6408	0
6409	2
6410	2
6412	0
6414	0
6415	5
6416	2
6417	0
6418	0
6419	0
6423	5
6426	5
6427	0
6429	0
6430	0
6431	0
6433	0
6434	0
6436	0
6437	0
6438	5
6439	8
6442	5
6445	5
6446	3
6448	0
6449	0
6450	0
6451	2
6452	0
6454	0
6455	0
6457	0
6458	0
6459	0
6460	0
6461	2
6462	0
6463	0
6465	2
6468	0
6470	5
6471	5
6473	0
6474	1
6475	0
6476	2
6477	5
6478	1
6481	0
6482	1
6483	0
6484	5
6485	1
6486	1
6487	0
6490	2
6491	0
6492	0
6493	2
6494	4
6496	2
6497	0
6500	3
6501	5
6502	0
6503	0
6533	3
6534	5
6535	4
6537	2
6539	2
6540	2
6541	2
6542	2
6544	3
6545	3
6546	2
6547	2
6548	2
6550	2
6551	5
6552	2
6554	0
6555	1
6556	2
6557	5
6558	0
6559	2
6561	0
6562	2
6563	3
6565	2
6567	2
6568	2
6570	2
6571	5
6572	5
6573	0
6574	0
6575	8
6577	0
6579	3
6580	2
6582	2
6585	2
6588	2
6589	2
6591	2
6593	4
6594	2
6596	2
6597	2
6598	2
6600	2
6605	5
6606	2
6607	5
6608	5
6609	5
6610	0
6611	5
6612	5
6613	2
6614	2
6615	4
6616	1
6617	2
6618	0
6619	2
6620	2
6622	5
6623	5
6624	5
6626	5
6628	0
6629	0
6630	5
6631	5
6632	2
6633	2
6634	4
6635	2
6636	3
6638	5
6639	2
6640	3
6641	5
6642	5
6643	5
6644	5
6645	2
6646	2
6648	8
6650	0
6652	2
6654	2
6655	2
6656	6
6658	3
6659	2
6661	2
6663	2
6665	2
6667	5
6668	4
6670	5
6675	5
6676	5
6677	5
6680	0
6681	2
6682	5
6683	5
6684	2
6685	4
6686	0
6687	1
6688	1
6689	0
6690	0
6691	2
6692	3
6693	2
6695	0
6696	0
6697	0
6701	2
6702	4
6703	0
6704	0
6705	4
6708	4
6709	4
6711	2
6712	2
6713	2
6716	4
6717	4
6718	2
6719	5
6722	2
6724	2
6725	5
6726	2
6728	4
6730	4
6731	3
6732	5
6739	1
6740	8
6744	2
6745	3
6746	5
6747	5
6748	5
6750	5
6752	5
6753	5
6755	5
6757	2
6758	2
6759	0
6760	2
6762	0
6763	2
6764	5
6765	5
6766	5
6769	5
6770	5
6771	5
6772	5
6773	3
6774	5
6777	4
6778	2
6779	5
6782	5
6783	2
6784	5
6785	2
6787	2
6788	5
6790	5
6792	5
6793	5
6795	2
6796	5
6799	5
6800	5
6801	5
6802	5
6803	3
6804	5
6805	5
6807	5
6808	5
6809	2
6810	5
6812	3
6813	3
6814	3
6817	0
6829	0
6840	6
6860	6
6872	6
6876	0
6887	0
6888	0
6889	0
6890	4
6891	4
6897	0
6898	2
6905	0
6914	0
6925	0
6926	2
6927	2
6930	0
6934	0
6935	6
6936	0
6940	4
6941	0
6943	0
6945	4
6946	4
6952	4
6954	0
6956	0
6958	0
6960	2
6962	2
6963	0
6965	8
6968	8
6970	3
6971	1
6974	0
6976	0
6977	0
6979	0
6983	1
6984	1
6985	0
6986	1
6987	2
6990	0
6991	2
6992	1
6993	2
6994	0
6995	0
6996	0
6998	0
6999	0
7000	2
7002	0
7003	1
7004	1
7006	1
7007	0
7008	0
7009	8
7010	8
7013	2
7020	8
7021	0
7026	1
7027	4
7028	0
7029	0
7030	0
7031	0
7032	0
7034	8
7035	8
7036	8
7038	8
7039	3
7040	4
7041	5
7049	7
7052	8
7053	2
7054	3
7055	8
7056	0
7057	8
7060	1
7061	0
7062	2
7064	1
7065	1
7066	8
7067	2
7069	8
7070	1
7071	2
7074	6
7076	6
7077	6
7078	6
7079	6
7082	6
7085	1
7086	1
7087	1
7088	1
7089	0
7090	0
7091	1
7092	1
7093	1
7095	0
7096	1
7097	1
7098	1
7099	2
7101	0
7103	1
7105	1
7106	1
7107	1
7108	1
7109	1
7110	1
7111	1
7112	2
7113	1
7114	1
7115	1
7116	8
7119	2
7121	2
7122	1
7123	1
7125	1
7127	0
7128	1
7129	0
7130	1
7133	2
7135	0
7136	1
7137	1
7138	0
7139	1
7141	1
7142	1
7143	2
7144	1
7145	0
7147	1
7148	1
7149	1
7152	1
7153	1
7154	1
7155	2
7156	1
7157	2
7158	0
7160	1
7161	2
7162	1
7163	5
7165	1
7166	1
7168	5
7169	2
7170	1
7171	0
7172	2
7173	2
7174	1
7177	0
7179	1
7180	1
7181	1
7182	1
7183	2
7184	1
7185	1
7186	0
7187	0
7188	2
7189	0
7190	5
7191	2
7192	2
7193	1
7194	0
7195	0
7196	1
7198	0
7201	0
7202	2
7204	0
7205	2
7207	1
7208	8
7209	2
7210	4
7211	2
7212	4
7214	3
7215	5
7217	0
7218	2
7220	2
7221	5
7222	2
7223	3
7224	2
7225	2
7226	2
7227	2
7228	6
7232	4
7242	0
7247	6
7248	4
7249	4
7251	6
7260	6
7262	0
7263	6
7268	0
7269	0
7270	0
7272	6
7278	0
7283	0
7284	0
7285	0
7289	6
7294	6
7300	7
7304	3
7306	5
7308	0
7309	5
7311	2
7312	2
7314	5
7317	2
7318	2
7319	0
7320	1
7322	8
7324	0
7325	8
7327	1
7329	1
7331	1
7332	2
7334	0
7335	8
7336	8
7337	1
7339	8
7342	8
7344	1
7345	0
7347	1
7348	8
7349	0
7353	0
7354	2
7355	2
7356	8
7358	0
7359	1
7360	1
7361	2
7362	1
7363	1
7365	1
7366	2
7367	1
7369	2
7370	1
7371	2
7372	1
7373	2
7375	1
7376	1
7377	0
7378	1
7380	0
7381	2
7382	1
7383	0
7384	0
7385	0
7386	1
7387	1
7388	0
7390	2
7391	1
7393	8
7397	8
7398	8
7400	0
7401	0
7402	0
7403	0
7404	0
7405	0
7406	0
7407	8
7410	8
7411	8
7412	8
7413	8
7416	8
7418	8
7419	8
7420	0
7422	8
7423	8
7425	2
7426	8
7428	2
7429	2
7432	8
7446	8
7459	6
7463	2
7464	2
7467	8
7468	0
7471	2
7474	0
7478	0
7480	1
7482	2
7484	0
7488	8
7491	8
7493	8
7494	8
7495	8
7499	2
7506	0
7507	8
7510	0
7512	2
7513	8
7514	0
7517	0
7519	0
7520	0
7521	1
7522	2
7524	1
7527	0
7529	2
7531	2
7532	0
7533	0
7534	0
7535	4
7536	0
7538	0
7539	0
7540	0
7542	0
7543	0
7544	0
7546	0
7547	0
7548	0
7549	0
7550	0
7551	0
7552	0
7553	0
7554	2
7555	2
7557	2
7559	8
7560	8
7561	8
7563	8
7564	8
7565	8
7568	8
7569	8
7570	8
7571	8
7573	8
7575	8
7576	6
7586	1
7589	5
7590	2
7591	3
7601	2
7607	3
7608	3
7609	2
7610	3
7611	3
7613	1
7614	3
7616	8
7617	7
7619	2
7621	2
7626	7
7627	7
7630	7
7632	7
7634	7
7635	2
7636	2
7637	2
7640	2
7644	4
7646	7
7649	7
7653	2
7656	7
7657	8
7658	8
7661	2
7662	0
7663	2
7664	2
7665	4
7667	2
7668	1
7670	0
7671	1
7672	8
7673	8
7674	8
7675	8
7676	8
7679	1
7681	0
7682	0
7684	0
7686	1
7687	2
7688	0
7690	2
7691	2
7692	3
7694	8
7695	1
7696	1
7700	7
7712	1
7713	2
7717	2
7720	8
7721	8
7722	8
7723	4
7724	3
7725	2
7727	1
7730	8
7735	5
7736	0
7737	1
7741	2
7742	1
7745	2
7750	0
7758	1
7759	1
7760	0
7762	2
7763	0
7765	0
7768	2
7769	2
7771	1
7772	0
7773	2
7774	2
7777	5
7779	0
7786	8
7791	2
7792	8
7796	8
7798	6
7801	6
7802	6
7806	6
7810	4
7812	2
7815	0
7817	4
7818	6
7819	6
7822	2
7823	2
7825	2
7826	2
7827	2
7828	6
7829	6
7832	6
7833	6
7842	1
7844	1
7845	2
7847	1
7849	0
7851	1
7854	1
7855	0
7857	0
7859	1
7860	5
7861	1
7862	1
7863	2
7864	2
7867	1
7868	2
7869	2
7870	2
7872	4
7873	0
7874	2
7876	0
7880	1
7883	1
7884	2
7885	0
7886	0
7887	0
7888	0
7891	2
7892	0
7893	2
7894	5
7895	2
7896	5
7897	2
7900	5
7901	2
7902	5
7903	0
7904	0
7905	2
7906	4
7907	0
7909	2
7910	2
7912	5
7913	3
7914	1
7915	0
7916	2
7918	5
7920	2
7921	0
7924	0
7926	0
7927	0
7929	5
7934	2
7935	2
7936	2
7939	2
7940	2
7941	2
7942	0
7945	0
7949	5
7950	2
7951	1
7952	0
7953	1
7954	1
7955	1
7956	2
7958	2
7959	0
7960	5
7962	3
7963	0
7964	0
7966	0
7968	1
7969	8
7970	0
7971	1
7972	0
7973	2
7979	2
7983	2
7987	0
7988	0
7989	0
7990	3
7995	2
7997	2
7998	2
7999	0
8000	5
8001	2
8002	0
8003	2
8004	2
8005	2
8007	2
8008	2
8009	2
8012	2
8013	2
8014	2
8015	2
8016	3
8017	2
8018	2
8019	2
8020	1
8021	0
8023	2
8024	2
8025	1
8026	2
8027	0
8028	2
8029	2
8030	2
8032	2
8033	2
8034	2
8035	2
8036	2
8037	2
8038	3
8039	2
8040	0
8041	0
8042	1
8043	2
8045	2
8046	2
8047	2
8048	2
8049	0
8050	8
8051	2
8052	2
8053	2
8054	2
8057	2
8058	2
8059	3
8060	2
8061	2
8062	2
8063	2
8064	2
8067	5
8068	4
8069	2
8071	2
8072	2
8074	2
8075	4
8077	2
8078	2
8079	2
8080	2
8081	2
8082	2
8083	2
8086	3
8088	2
8089	2
8091	5
8092	1
8094	1
8095	2
8096	2
8097	2
8098	2
8100	2
8101	2
8102	5
8103	3
8104	2
8105	2
8106	2
8109	2
8111	2
8112	2
8113	0
8114	2
8116	2
8117	2
8118	2
8121	2
8122	0
8125	2
8127	3
8128	2
8130	2
8131	2
8133	2
8134	2
8136	2
8138	2
8141	4
8146	2
8147	2
8148	2
8149	2
8151	2
8152	2
8153	0
8156	8
8157	2
8158	2
8161	0
8162	0
8164	4
8165	4
8167	4
8168	4
8169	4
8170	4
8171	0
8173	3
8176	0
8178	3
8179	0
8181	3
8182	5
8183	8
8184	8
8187	5
8188	2
8189	4
8190	2
8192	2
8196	2
8197	2
8199	2
8201	0
8203	5
8204	2
8205	5
8206	5
8207	2
8208	3
8209	5
8210	5
8211	3
8212	0
8213	5
8216	2
8218	0
8219	5
8220	2
8221	5
8222	2
8224	3
8225	5
8226	5
8227	3
8228	3
8229	3
8242	0
8245	6
8246	6
8257	6
8258	6
8260	6
8283	4
8294	6
8296	0
8306	2
8307	0
8312	0
8322	2
8330	2
8334	4
8336	0
8340	0
8348	3
8357	6
8363	2
8364	0
8365	8
8366	0
8369	8
8370	5
8371	3
8374	8
8376	5
8377	2
8378	5
8379	6
8380	6
8381	6
8382	0
8383	1
8384	0
8387	1
8388	0
8389	1
8390	1
8391	1
8392	1
8393	0
8395	0
8396	1
8397	0
8398	0
8399	1
8401	1
8402	0
8403	1
8404	1
8405	0
8407	1
8408	1
8410	2
8411	0
8412	0
8414	1
8416	5
8417	1
8418	0
8419	0
8422	0
8423	0
8424	0
8425	2
8426	1
8427	1
8428	0
8430	1
8432	0
8433	0
8434	5
8436	0
8438	8
8439	8
8446	5
8447	1
8448	8
8449	0
8450	8
8452	8
8453	8
8454	8
8455	8
8456	8
8457	0
8458	0
8459	2
8461	0
8462	0
8463	0
8467	8
8470	5
8472	1
8474	8
8475	8
8477	8
8479	5
8480	5
8481	0
8482	8
8484	8
8487	0
8491	8
8492	1
8493	2
8494	1
8500	0
8501	1
8502	8
8503	1
8504	7
8505	7
8508	0
8509	1
8510	8
8513	3
8514	0
8515	2
8516	1
8517	8
8518	1
8519	3
8520	1
8521	3
8522	0
8524	8
8525	5
8526	0
8527	1
8528	1
8529	1
8531	0
8532	1
8533	1
8534	1
8535	1
8536	1
8537	1
8538	1
8539	0
8540	5
8541	0
8542	0
8543	8
8546	1
8547	0
8549	6
8551	6
8552	6
8553	6
8554	1
8555	1
8556	0
8558	0
8559	0
8560	1
8561	0
8562	0
8563	0
8564	1
8565	1
8566	1
8567	0
8571	0
8572	0
8573	5
8574	1
8579	0
8581	0
8582	1
8583	1
8585	0
8586	1
8589	5
8590	5
8592	5
8593	5
8595	0
8596	1
8597	2
8598	5
8599	0
8600	1
8601	0
8602	0
8603	2
8604	0
8605	0
8606	0
8608	1
8611	1
8613	1
8614	1
8615	0
8616	1
8617	2
8618	0
8619	0
8620	1
8621	1
8622	2
8623	0
8624	1
8625	1
8626	1
8627	0
8628	0
8629	0
8630	0
8631	2
8632	5
8633	0
8634	1
8635	5
8637	0
8638	5
8639	1
8640	1
8641	1
8642	1
8644	1
8645	0
8646	5
8647	5
8649	1
8650	0
8651	1
8655	0
8656	0
8657	1
8658	5
8659	0
8660	1
8661	1
8662	0
8663	1
8664	2
8665	1
8666	0
8667	2
8668	5
8669	5
8670	1
8671	0
8672	1
8676	1
8678	0
8679	0
8680	0
8681	0
8684	4
8685	4
8686	2
8687	5
8688	5
8689	5
8696	5
8697	5
8698	5
8699	5
8700	5
8701	5
8702	5
8703	5
8704	2
8705	5
8706	5
8707	5
8708	5
8709	5
8710	3
8711	5
8713	2
8714	5
8715	2
8716	0
8717	0
8718	5
8720	5
8721	5
8722	5
8723	5
8724	5
8725	5
8726	5
8727	5
8728	5
8729	5
8730	5
8731	5
8732	5
8733	5
8735	5
8736	5
8737	5
8738	5
8739	5
8742	5
8743	5
8744	5
8746	3
8748	6
8754	6
8756	6
8759	0
8760	0
8761	0
8767	0
8768	0
8770	6
8779	0
8789	6
8791	6
8793	7
8796	7
8799	7
8801	5
8802	5
8803	5
8805	5
8806	5
8808	2
8809	5
8812	2
8813	2
8815	5
8816	2
8817	2
8818	2
8819	5
8822	1
8824	5
8825	5
8826	5
8828	0
8830	0
8831	1
8834	0
8835	8
8837	1
8838	1
8839	0
8840	0
8842	0
8843	1
8846	1
8850	8
8851	0
8852	0
8855	2
8856	2
8860	0
8861	0
8862	0
8863	0
8864	0
8866	1
8867	8
8868	8
8869	8
8870	8
8871	1
8873	1
8874	0
8875	2
8877	8
8878	8
8881	0
8885	5
8887	5
8888	5
8889	5
8891	2
8892	5
8893	3
8894	5
8897	5
8900	5
8902	3
8903	8
8904	2
8905	0
8906	1
8907	8
8909	1
8911	0
8912	8
8913	5
8914	1
8916	0
8918	0
8919	8
8920	8
8922	8
8923	0
8924	0
8925	0
8927	8
8928	0
8931	8
8932	8
8937	8
8940	0
8943	8
8944	2
8945	5
8952	0
8953	8
8954	8
8955	8
8957	0
8960	5
8968	8
8991	8
8996	8
8997	8
8999	5
9000	5
9003	5
9005	5
9009	2
9011	1
9014	8
9016	8
9017	8
9019	8
9024	8
9026	8
9028	5
9029	2
9032	8
9033	8
9035	2
9037	3
9039	3
9040	3
9041	3
9043	8
9045	8
9047	8
9048	8
9050	5
9051	5
9052	8
9056	1
9058	0
9060	2
9061	1
9062	1
9068	0
9069	2
9071	0
9072	0
9073	0
9074	0
9075	0
9078	0
9079	0
9084	0
9086	0
9087	0
9088	0
9089	0
9090	0
9091	0
9093	0
9094	0
9096	0
9097	2
9098	0
9099	0
9102	8
9103	8
9111	8
9115	8
9118	8
9119	8
9121	8
9124	6
9128	6
9130	6
9133	5
9134	0
9141	3
9142	2
9143	2
9144	2
9146	3
9147	2
9148	2
9149	0
9151	8
9152	3
9154	3
9156	2
9157	5
9158	3
9159	5
9160	5
9161	2
9163	2
9164	5
9165	0
9166	1
9168	5
9172	5
9173	5
9174	5
9176	1
9180	2
9188	2
9191	7
9192	7
9199	7
9200	7
9202	8
9206	8
9211	0
9215	3
9216	5
9217	5
9218	5
9219	5
9220	5
9222	5
9224	5
9226	5
9227	5
9228	5
9229	2
9230	5
9231	8
9235	0
9236	2
9240	8
9241	8
9242	8
9243	8
9246	8
9247	0
9248	0
9249	5
9250	2
9256	2
9258	5
9259	0
9262	2
9264	0
9267	7
9274	2
9276	2
9277	0
9278	0
9279	1
9280	2
9281	8
9282	2
9283	2
9284	2
9291	8
9295	8
9296	8
9298	8
9300	2
9301	5
9302	0
9303	2
9304	2
9306	8
9307	8
9309	8
9315	5
9316	5
9317	2
9318	0
9319	0
9320	5
9321	5
9322	1
9323	0
9325	5
9326	2
9327	5
9328	5
9329	5
9330	0
9332	3
9337	1
9339	8
9340	8
9342	5
9344	0
9345	8
9346	0
9347	5
9348	0
9349	3
9350	0
9351	0
9353	2
9354	0
9355	8
9357	0
9358	0
9359	0
9364	1
9365	2
9366	0
9367	0
9368	5
9369	5
9371	2
9372	5
9373	5
9374	5
9375	5
9376	0
9377	5
9378	2
9379	2
9380	0
9381	8
9382	5
9383	0
9384	3
9385	5
9386	5
9387	5
9388	2
9390	8
9395	2
9397	8
9398	8
9399	2
9400	2
9403	3
9404	2
9405	2
9407	2
9410	8
9413	2
9414	8
9415	2
9416	6
9423	6
9427	2
9429	6
9430	6
9431	6
9433	0
9435	6
9436	6
9437	6
9440	0
9441	2
9442	2
9447	2
9452	0
9455	6
9458	4
9459	4
9461	6
9462	6
9463	6
9465	6
9476	6
9478	0
9479	2
9480	1
9481	0
9482	0
9483	3
9484	1
9485	2
9486	2
9488	0
9489	5
9490	2
9491	2
9493	5
9494	5
9495	0
9497	1
9498	2
9499	0
9500	0
9501	2
9502	2
9503	2
9504	5
9505	2
9507	2
9508	1
9510	1
9512	0
9513	1
9516	1
9517	0
9518	0
9519	0
9520	2
9521	8
9522	0
9523	2
9524	1
9526	0
9527	2
9529	0
9530	1
9531	2
9532	5
9533	0
9534	0
9535	5
9536	5
9538	0
9540	1
9542	1
9543	1
9545	5
9546	0
9547	5
9548	2
9549	5
9550	3
9552	0
9553	0
9556	0
9558	2
9559	0
9560	2
9561	0
9562	0
9566	0
9567	1
9568	1
9569	5
9571	5
9572	2
9575	2
9577	2
9578	1
9580	2
9582	5
9584	2
9585	2
9586	5
9588	5
9589	1
9591	5
9594	0
9595	0
9597	5
9598	0
9599	0
9602	0
9604	1
9605	0
9606	2
9607	2
9608	2
9609	3
9610	5
9612	5
9614	2
9615	5
9616	0
9617	2
9618	0
9619	0
9621	0
9622	0
9623	0
9626	0
9627	0
9628	1
9629	0
9630	0
9631	3
9632	2
9633	5
9635	2
9637	2
9639	0
9640	0
9641	0
9643	0
9644	2
9646	1
9647	1
9648	5
9649	5
9650	2
9651	2
9652	0
9653	5
9654	1
9655	2
9656	2
9657	5
9658	0
9659	0
9660	1
9661	2
9664	2
9665	2
9666	2
9667	4
9668	2
9670	2
9671	0
9672	2
9673	2
9674	2
9675	2
9676	4
9677	2
9678	3
9679	4
9680	0
9681	2
9682	0
9683	0
9685	1
9686	2
9687	2
9689	2
9692	0
9693	0
9694	2
9695	0
9696	0
9697	2
9698	2
9699	2
9700	2
9702	2
9703	2
9705	2
9706	2
9707	2
9708	2
9709	2
9711	3
9712	3
9713	0
9714	2
9715	2
9717	2
9718	3
9719	2
9720	2
9721	2
9722	2
9723	2
9725	2
9727	2
9731	2
9732	2
9733	0
9735	0
9736	2
9737	2
9739	2
9740	2
9741	2
9742	2
9743	2
9745	2
9746	2
9747	2
9748	2
9750	2
9751	2
9754	2
9757	2
9760	5
9761	5
9762	1
9763	0
9764	2
9767	5
9769	2
9771	5
9774	3
9777	2
9778	2
9780	0
9782	0
9783	5
9784	0
9785	5
9786	5
9787	5
9788	5
9789	5
9790	0
9792	5
9793	0
9795	0
9796	2
9797	0
9798	2
9799	5
9800	5
9801	0
9802	5
9803	2
9805	1
9806	5
9807	2
9808	2
9809	2
9810	2
9811	2
9812	5
9813	3
9814	5
9815	3
9816	5
9817	5
9819	2
9820	8
9821	8
9822	2
9823	2
9824	2
9827	3
9828	2
9829	2
9830	2
9831	2
9835	2
9836	2
9837	2
9838	3
9839	2
9840	2
9841	2
9844	3
9845	2
9846	2
9848	2
9849	2
9851	1
9855	0
9861	5
9863	2
9865	2
9866	2
9867	2
9868	2
9870	2
9871	0
9872	8
9875	2
9877	4
9879	4
9881	4
9882	4
9886	4
9887	0
9890	2
9891	5
9892	3
9893	6
9894	3
9895	3
9896	3
9897	3
9899	5
9906	3
9908	5
9915	2
9916	5
9917	2
9918	2
9919	2
9920	2
9921	5
9923	5
9924	0
9925	3
9926	5
9927	5
9928	5
9929	1
9930	5
9932	5
9933	5
9934	3
9937	5
9940	5
9942	5
9943	5
9944	2
9946	5
9947	5
9948	3
9949	5
9950	5
9951	5
9952	5
9953	5
9954	5
9955	2
9956	2
9957	2
9958	5
9959	0
9960	5
9962	5
9963	5
9964	5
9965	2
9966	5
9967	3
9968	3
9969	3
9970	3
9971	3
9982	6
9989	6
10000	7
10001	6
10008	4
10009	4
10017	0
10018	0
10021	6
10023	0
10027	4
10030	0
10042	4
10050	6
10052	0
10057	0
10058	0
10060	4
10067	2
10068	0
10069	8
10070	8
10071	7
10072	8
10073	1
10074	8
10075	8
10076	0
10077	8
10078	7
10079	1
10080	2
10081	0
10082	3
10083	1
10087	8
10088	6
10089	6
10090	0
10091	1
10092	1
10093	0
10094	0
10095	0
10097	0
10098	0
10099	1
10100	0
10102	0
10103	1
10104	0
10105	1
10106	1
10107	0
10109	2
10110	1
10112	0
10113	0
10114	0
10116	1
10118	0
10119	2
10120	1
10121	1
10123	2
10124	1
10125	1
10126	3
10127	0
10129	8
10130	1
10133	0
10134	0
10135	1
10136	0
10137	8
10138	0
10139	0
10140	8
10142	0
10144	0
10145	0
10146	8
10147	1
10148	0
10150	1
10151	8
10152	8
10154	0
10155	0
10156	0
10157	0
10161	8
10162	8
10163	8
10173	8
10175	4
10176	5
10179	0
10180	5
10181	0
10182	1
10183	0
10186	8
10191	3
10192	2
10193	8
10195	5
10196	8
10201	1
10203	8
10211	0
10213	0
10214	8
10217	3
10218	3
10219	0
10220	8
10223	0
10224	0
10225	0
10226	0
10231	0
10232	0
10234	2
10235	0
10236	0
10238	8
10239	5
10242	8
10246	3
10247	6
10248	6
10249	6
10250	6
10251	0
10252	1
10253	1
10254	1
10255	0
10258	0
10261	1
10262	0
10263	0
10264	0
10266	0
10267	1
10269	5
10270	0
10271	0
10272	0
10273	0
10274	0
10276	0
10277	2
10278	0
10279	0
10280	1
10282	0
10283	1
10284	1
10285	0
10287	0
10288	1
10291	0
10292	0
10293	0
10294	2
10295	0
10297	1
10298	0
10299	5
10300	2
10303	1
10304	1
10305	1
10307	1
10308	1
10309	0
10311	0
10312	1
10316	2
10317	2
10318	2
10319	1
10320	1
10321	1
10322	2
10323	1
10324	0
10325	1
10326	1
10327	0
10328	1
10329	0
10330	0
10331	5
10332	5
10333	1
10334	0
10337	3
10339	1
10340	0
10341	1
10342	0
10343	0
10344	0
10346	0
10347	1
10351	0
10352	2
10353	0
10354	0
10355	1
10356	0
10357	0
10360	1
10361	5
10362	0
10363	1
10364	3
10366	1
10367	0
10368	0
10369	0
10371	1
10372	0
10373	0
10374	2
10375	3
10376	8
10377	0
10379	0
10380	1
10381	3
10382	0
10383	0
10385	2
10387	1
10388	0
10390	1
10392	0
10394	0
10395	0
10396	2
10397	0
10398	0
10399	0
10401	0
10402	0
10403	0
10404	1
10405	2
10406	1
10409	0
10410	0
10411	2
10413	0
10414	3
10416	5
10417	3
10418	5
10419	5
10420	5
10421	5
10422	5
10423	5
10424	0
10425	0
10426	5
10428	0
10430	5
10433	5
10436	2
10437	3
10438	5
10439	5
10441	5
10442	5
10443	5
10444	5
10445	3
10446	5
10448	5
10449	5
10450	5
10451	5
10453	5
10454	0
10462	6
10464	0
10466	6
10472	0
10474	6
10476	0
10477	0
10484	6
10492	6
10495	7
10498	7
10499	7
10501	7
10502	7
10503	7
10506	7
10507	0
10508	5
10510	0
10511	5
10512	0
10513	0
10514	1
10515	5
10516	0
10518	5
10519	5
10520	3
10521	8
10522	0
10523	5
10524	5
10526	1
10527	0
10529	1
10530	1
10531	1
10532	0
10533	0
10534	2
10535	1
10537	0
10538	1
10539	1
10541	0
10544	0
10545	1
10546	1
10547	2
10549	0
10550	0
10551	5
10553	5
10554	1
10556	0
10558	3
10559	0
10560	1
10561	8
10562	1
10563	0
10564	8
10565	8
10566	0
10568	0
10569	5
10572	5
10573	5
10574	5
10576	5
10577	5
10580	0
10581	1
10582	1
10583	1
10584	1
10585	0
10586	1
10587	0
10588	0
10589	1
10590	0
10591	0
10592	1
10593	0
10594	8
10595	5
10596	1
10597	0
10598	0
10599	8
10600	0
10601	1
10602	0
10603	0
10606	8
10609	0
10610	0
10611	0
10612	0
10613	0
10614	0
10615	2
10616	0
10617	0
10619	8
10620	8
10621	5
10622	8
10625	0
10627	8
10630	8
10631	1
10632	0
10633	2
10634	8
10635	8
10636	8
10637	8
10638	8
10639	8
10641	8
10642	8
10643	8
10644	1
10645	8
10648	8
10654	8
10655	8
10657	8
10692	0
10696	0
10697	6
10704	6
10705	8
10706	8
10708	5
10709	8
10711	8
10712	8
10715	8
10716	2
10718	0
10719	0
10721	5
10723	5
10728	2
10734	5
10736	0
10738	8
10739	8
10740	8
10741	8
10742	8
10743	8
10744	8
10745	8
10748	8
10752	8
10753	8
10754	8
10755	8
10760	8
10761	8
10763	3
10767	3
10770	3
10771	8
10778	3
10784	1
10790	2
10792	3
10794	2
10797	8
10798	8
10804	0
10805	8
10806	8
10807	0
10808	5
10809	1
10810	8
10811	0
10812	0
10814	2
10815	0
10817	0
10820	1
10822	0
10826	1
10831	1
10832	1
10833	5
10834	1
10837	1
10839	2
10844	0
10845	0
10846	0
10847	0
10848	0
10849	0
10850	0
10852	0
10853	0
10854	0
10855	0
10856	0
10859	0
10860	2
10861	0
10862	0
10863	0
10864	0
10865	2
10866	0
10867	0
10868	0
10870	0
10871	0
10872	0
10875	2
10876	2
10877	8
10878	8
10879	8
10880	8
10881	8
10887	8
10888	8
10889	8
10897	8
10903	8
10905	8
10910	6
10913	6
10914	6
10916	5
10917	2
10920	3
10922	8
10930	2
10933	3
10935	3
10936	0
10937	2
10940	2
10944	3
10946	2
10947	3
10948	3
10949	3
10951	3
10952	5
10953	0
10954	3
10955	5
10959	3
10963	7
10966	2
10971	2
10972	7
10973	7
10974	7
10981	7
10982	7
10983	7
10984	7
10990	7
10991	8
11003	8
11005	2
11006	5
11007	5
11008	5
11009	5
11010	3
11011	5
11013	1
11014	5
11015	5
11016	5
11017	5
11019	5
11020	2
11021	0
11022	4
11023	4
11024	3
11025	0
11027	1
11028	0
11030	8
11032	2
11033	8
11034	8
11035	8
11036	3
11037	8
11040	8
11044	8
11047	0
11048	0
11049	0
11051	8
11058	5
11059	5
11060	8
11062	0
11063	0
11065	8
11066	8
11068	1
11069	0
11070	0
11071	7
11073	7
11074	7
11078	7
11083	2
11084	0
11085	1
11086	2
11091	4
11092	2
11094	3
11096	4
11097	2
11098	2
11102	8
11105	8
11107	8
11109	3
11110	3
11111	3
11112	3
11113	3
11114	3
11116	2
11118	0
11119	0
11120	5
11121	1
11122	2
11124	5
11125	1
11127	3
11129	5
11130	5
11131	5
11132	5
11133	5
11134	1
11139	3
11140	2
11143	2
11144	1
11145	8
11146	8
11149	8
11150	6
11153	8
11155	3
11156	3
11157	3
11158	3
11159	1
11160	8
11162	2
11163	3
11167	1
11169	8
11170	8
11171	8
11172	0
11173	2
11175	0
11178	2
11179	0
11180	2
11181	2
11182	2
11183	3
11185	2
11187	0
11188	2
11189	1
11191	0
11192	0
11193	5
11195	5
11196	2
11198	5
11199	2
11200	2
11201	2
11202	2
11205	2
11206	5
11208	3
11209	5
11210	8
11211	8
11213	8
11214	8
11215	8
11217	2
11218	5
11219	1
11221	1
11222	1
11225	8
11226	8
11232	2
11235	3
11237	2
11239	3
11242	2
11243	2
11244	2
11245	8
11246	5
11247	2
11248	0
11249	6
11251	2
11253	6
11258	6
11259	6
11260	6
11261	6
11263	4
11265	6
11266	6
11271	3
11275	2
11277	2
11278	2
11279	2
11281	2
11282	2
11286	6
11287	6
11289	6
11290	6
11291	6
11299	6
11300	6
11302	6
11305	6
11306	6
11308	6
11310	6
11314	6
11316	6
11317	6
11318	1
11319	1
11321	0
11322	0
11323	0
11324	1
11325	1
11326	0
11327	1
11328	0
11329	0
11330	1
11331	0
11336	1
11339	0
11340	1
11341	2
11342	2
11344	3
11345	1
11346	0
11347	2
11348	0
11349	2
11350	2
11351	0
11352	0
11353	0
11354	0
11355	0
11356	0
11357	1
11359	0
11360	1
11361	0
11362	1
11363	0
11364	0
11366	2
11368	2
11370	1
11372	3
11374	0
11375	1
11376	1
11377	1
11378	0
11379	1
11380	0
11381	0
11382	0
11383	0
11384	0
11385	0
11389	1
11390	5
11391	0
11392	5
11393	5
11396	3
11397	5
11398	3
11399	3
11400	0
11401	1
11402	0
11403	5
11404	0
11406	2
11407	8
11409	0
11410	0
11411	0
11414	2
11415	0
11416	0
11418	5
11419	0
11420	5
11421	2
11424	3
11425	5
11428	2
11431	2
11432	2
11434	5
11435	0
11436	0
11441	0
11443	1
11446	0
11447	3
11449	3
11452	2
11453	5
11456	2
11458	3
11459	2
11461	2
11462	0
11463	0
11464	0
11465	0
11466	0
11468	0
11469	0
11470	0
11471	0
11472	0
11473	0
11476	1
11477	2
11479	0
11481	0
11483	3
11487	0
11488	0
11490	5
11491	0
11493	1
11494	2
11495	0
11496	0
11497	2
11498	2
11500	2
11501	2
11503	2
11504	2
11505	3
11506	0
11510	2
11511	0
11512	0
11513	3
11514	2
11515	4
11516	2
11517	2
11518	2
11519	2
11520	2
11521	0
11522	2
11523	2
11524	2
11526	2
11527	2
11528	3
11529	2
11530	2
11531	3
11532	2
11534	2
11535	2
11537	2
11538	8
11540	0
11541	2
11542	1
11543	0
11544	0
11547	2
11548	2
11549	2
11550	2
11551	2
11556	2
11559	0
11560	3
11561	8
11562	8
11565	2
11567	2
11569	1
11571	2
11572	2
11579	2
11580	2
11583	5
11585	0
11586	2
11587	2
11592	2
11594	2
11595	3
11596	2
11597	2
11599	3
11603	2
11605	3
11607	3
11608	3
11609	3
11611	2
11614	2
11615	2
11617	2
11618	2
11623	5
11624	5
11627	1
11629	2
11630	2
11632	2
11634	2
11636	2
11637	5
11638	5
11641	0
11646	5
11647	5
11648	5
11650	2
11652	0
11653	0
11654	2
11655	1
11656	5
11657	5
11659	2
11660	2
11661	1
11664	2
11665	2
11666	2
11667	2
11669	2
11672	5
11673	5
11674	5
11675	5
11678	2
11679	3
11680	2
11682	2
11683	2
11685	0
11686	0
11687	3
11691	2
11693	2
11696	3
11701	2
11703	2
11704	2
11705	2
11707	2
11708	3
11709	2
11710	3
11711	2
11716	3
11717	2
11718	2
11719	2
11720	3
11722	2
11724	1
11725	2
11728	3
11729	0
11730	0
11731	0
11734	3
11735	3
11736	3
11738	2
11739	3
11742	0
11743	0
11744	0
11745	2
11747	2
11749	2
11755	8
11758	7
11760	4
11761	4
11762	4
11765	4
11766	0
11767	0
11768	0
11769	5
11770	2
11771	2
11772	2
11773	3
11774	3
11775	5
11776	3
11777	3
11778	3
11779	3
11780	3
11782	5
11793	5
11794	5
11795	3
11796	2
11800	2
11801	2
11804	2
11809	2
11811	3
11812	1
11813	2
11814	3
11816	3
11817	2
11819	2
11820	5
11821	3
11822	5
11823	5
11830	5
11832	2
11833	0
11834	0
11835	2
11836	5
11838	5
11841	0
11842	5
11845	2
11847	5
11849	5
11850	6
11851	2
11852	5
11853	2
11854	2
11855	3
11856	3
11857	3
11858	3
11859	3
11860	3
11861	6
11867	6
11873	0
11874	6
11875	6
11878	6
11888	6
11907	6
11908	7
11912	0
11913	1
11920	6
11922	0
11932	0
11939	0
11950	6
11953	6
11960	3
11964	6
11965	6
11973	6
11978	6
11982	2
11983	6
11986	8
11987	5
11988	0
11991	6
11994	8
11996	0
11998	0
11999	8
12000	6
12002	0
12003	1
12004	1
12005	1
12006	1
12008	0
12009	0
12010	1
12011	1
12013	1
12014	1
12015	1
12017	1
12018	0
12020	0
12022	1
12023	0
12026	1
12028	0
12029	1
12030	1
12032	0
12033	5
12036	1
12037	1
12038	1
12039	0
12040	0
12041	0
12042	1
12043	8
12044	0
12046	5
12048	1
12049	5
12050	0
12051	0
12052	0
12053	0
12054	0
12055	0
12056	0
12057	1
12058	5
12060	8
12062	8
12064	0
12065	8
12068	5
12079	0
12080	2
12081	5
12083	8
12085	0
12086	0
12088	0
12089	0
12090	0
12091	0
12092	6
12095	3
12096	7
12097	8
12098	8
12101	8
12102	5
12103	3
12104	3
12106	8
12107	8
12109	8
12110	8
12111	8
12116	1
12118	5
12121	0
12122	0
12124	2
12125	8
12126	1
12127	1
12128	1
12129	5
12130	8
12131	0
12133	8
12134	8
12135	8
12136	3
12137	3
12138	8
12139	5
12140	8
12141	8
12143	2
12144	1
12146	5
12147	1
12148	5
12149	5
12150	5
12151	8
12153	5
12154	8
12155	8
12157	6
12158	6
12160	6
12161	6
12162	6
12167	6
12169	6
12171	6
12172	1
12173	5
12174	0
12175	0
12176	0
12177	0
12178	5
12181	1
12182	5
12183	0
12184	0
12185	0
12186	2
12187	0
12188	0
12189	0
12190	0
12191	0
12192	1
12193	0
12194	1
12195	5
12196	1
12197	0
12198	0
12199	0
12200	1
12201	0
12203	1
12204	1
12205	0
12206	5
12207	1
12209	5
12210	0
12211	1
12212	1
12213	0
12216	2
12217	1
12218	0
12220	1
12221	0
12222	5
12223	0
12224	5
12225	5
12226	0
12227	0
12228	0
12230	0
12231	0
12232	0
12233	0
12234	0
12235	5
12236	1
12237	1
12238	0
12240	0
12241	1
12242	1
12243	1
12244	1
12247	5
12248	2
12249	1
12250	1
12251	1
12252	0
12254	1
12255	1
12256	0
12257	0
12258	5
12259	1
12260	1
12262	1
12263	1
12264	1
12265	1
12266	1
12268	5
12271	0
12272	5
12273	5
12274	0
12276	1
12277	1
12279	1
12281	0
12282	1
12283	0
12284	2
12285	0
12286	0
12287	0
12288	0
12289	0
12291	0
12292	0
12293	1
12294	5
12296	5
12297	1
12298	0
12299	1
12300	1
12301	1
12303	1
12304	1
12306	5
12307	0
12310	5
12311	0
12312	0
12313	1
12314	1
12315	5
12319	1
12320	5
12321	1
12322	1
12324	0
12325	0
12326	0
12327	0
12328	5
12329	1
12330	5
12332	0
12334	5
12335	0
12336	8
12338	5
12339	1
12341	0
12342	2
12343	0
12344	2
12345	5
12346	5
12347	1
12348	0
12349	0
12351	5
12352	3
12356	5
12357	5
12358	5
12359	5
12360	5
12363	5
12364	5
12365	5
12366	5
12368	5
12369	5
12370	5
12371	5
12373	5
12374	5
12375	5
12377	5
12378	0
12379	0
12380	5
12381	5
12383	5
12384	5
12385	5
12386	5
12387	5
12388	5
12389	5
12391	5
12393	5
12394	5
12396	0
12400	5
12403	5
12405	5
12406	5
12407	5
12408	5
12409	5
12410	5
12411	5
12412	5
12413	2
12415	5
12416	5
12417	5
12420	5
12421	5
12422	3
12431	0
12434	0
12442	7
12443	7
12445	7
12447	7
12449	2
12450	5
12451	5
12452	0
12453	5
12454	5
12455	5
12456	5
12457	5
12458	5
12459	5
12460	5
12461	5
12462	5
12463	5
12464	1
12465	5
12469	5
12470	2
12472	0
12473	0
12475	5
12477	0
12478	1
12479	8
12481	0
12482	0
12483	1
12484	0
12485	8
12486	0
12487	1
12488	0
12491	0
12494	0
12495	0
12496	0
12497	0
12499	0
12500	8
12501	8
12502	0
12503	8
12506	0
12507	0
12510	0
12511	1
12512	0
12513	0
12515	1
12518	0
12519	0
12520	1
12521	0
12523	0
12524	0
12526	0
12527	0
12528	5
12530	5
12531	5
12532	5
12534	5
12535	5
12536	0
12537	5
12538	5
12539	5
12541	0
12544	0
12545	0
12546	1
12547	1
12548	8
12549	1
12550	5
12551	8
12553	0
12554	8
12556	0
12557	0
12558	0
12559	0
12560	0
12562	0
12567	0
12568	8
12570	8
12572	8
12574	8
12575	0
12576	0
12577	0
12578	0
12579	0
12580	0
12582	8
12584	8
12586	2
12588	1
12589	0
12590	0
12591	0
12592	8
12593	8
12594	0
12595	8
12601	8
12602	8
12607	8
12608	8
12610	8
12611	8
12612	8
12615	8
12618	8
12620	0
12621	3
12622	5
12625	0
12626	8
12629	8
12630	7
12634	8
12635	5
12636	8
12640	8
12641	5
12656	6
12660	6
12663	6
12673	6
12684	6
12685	5
12686	5
12688	8
12691	8
12693	8
12694	8
12695	5
12696	5
12697	5
12698	2
12700	5
12701	5
12702	5
12703	5
12706	0
12707	8
12708	5
12709	0
12713	0
12714	5
12715	0
12716	8
12718	8
12720	8
12722	8
12725	0
12726	8
12728	8
12729	6
12730	0
12731	8
12733	5
12734	8
12736	8
12737	8
12738	8
12742	8
12744	8
12745	8
12748	3
12749	2
12751	3
12752	2
12753	3
12755	3
12756	2
12759	3
12760	3
12761	3
12762	3
12763	2
12764	3
12766	1
12769	8
12775	8
12776	8
12777	8
12778	8
12779	0
12781	2
12783	1
12784	5
12786	0
12789	0
12790	0
12794	0
12795	3
12796	0
12800	0
12801	0
12802	0
12803	0
12804	0
12805	0
12806	0
12808	0
12810	5
12811	0
12812	0
12813	0
12814	0
12815	0
12816	0
12817	0
12818	0
12822	0
12823	0
12824	0
12827	2
12828	6
12835	8
12837	8
12838	8
12839	8
12841	8
12843	8
12844	8
12845	8
12848	8
12850	8
12852	8
12853	8
12858	8
12861	8
12865	8
12868	1
12870	5
12871	5
12872	5
12874	5
12875	5
12876	5
12878	0
12879	3
12880	5
12882	3
12884	5
12885	5
12887	0
12890	0
12891	2
12893	5
12894	5
12895	5
12896	5
12897	8
12902	8
12905	7
12907	7
12910	7
12912	7
12920	7
12922	7
12924	7
12925	8
12926	8
12927	8
12928	8
12932	8
12936	6
12937	6
12938	6
12939	6
12943	8
12944	8
12945	5
12946	5
12947	5
12949	5
12950	5
12952	5
12953	5
12954	5
12955	5
12956	5
12957	5
12958	5
12960	5
12962	5
12963	5
12965	5
12966	5
12967	5
12968	5
12969	5
12970	5
12972	1
12973	4
12974	0
12975	5
12979	0
12980	1
12981	1
12982	1
12983	3
12988	0
12989	8
12993	5
12994	0
12995	5
12997	5
12998	5
12999	0
13000	5
13003	8
13006	0
13008	5
13009	2
13013	0
13016	0
13017	8
13019	8
13020	0
13021	0
13022	7
13024	7
13038	0
13039	2
13040	4
13042	8
13043	8
13044	0
13045	0
13046	1
13049	8
13059	0
13060	5
13063	0
13064	5
13066	5
13067	3
13068	5
13069	5
13070	5
13071	5
13072	2
13073	0
13075	2
13077	1
13078	8
13080	0
13081	0
13083	8
13085	8
13087	0
13088	8
13090	8
13092	2
13094	2
13095	1
13097	5
13098	3
13099	0
13100	0
13101	0
13102	1
13103	0
13104	0
13105	5
13106	8
13110	0
13111	5
13112	5
13113	5
13114	0
13117	2
13119	2
13121	5
13122	5
13123	2
13124	2
13127	0
13130	5
13131	5
13132	5
13133	5
13134	0
13135	5
13136	5
13137	5
13138	8
13139	2
13140	5
13141	5
13142	2
13143	5
13144	5
13149	4
13152	2
13153	2
13155	2
13157	8
13158	8
13159	5
13160	8
13162	5
13164	5
13166	8
13167	8
13168	8
13169	8
13170	8
13171	8
13172	8
13173	8
13174	8
13177	2
13178	2
13179	8
13180	1
13181	0
13183	0
13185	6
13188	6
13189	6
13190	6
13193	2
13194	6
13195	6
13196	6
13198	6
13201	8
13210	6
13211	2
13213	6
13214	6
13215	6
13217	6
13220	6
13223	6
13225	6
13227	6
13228	0
13229	6
13231	7
13232	6
13233	6
13240	6
13241	6
13245	8
13246	1
13247	1
13248	1
13249	5
13250	1
13251	0
13252	5
13253	5
13254	1
13255	1
13256	1
13257	1
13258	1
13259	5
13260	0
13261	5
13262	0
13264	0
13266	0
13269	0
13270	1
13271	0
13273	0
13274	0
13275	0
13276	0
13277	0
13278	5
13279	0
13280	0
13282	1
13283	1
13284	0
13287	1
13288	1
13291	1
13292	1
13293	0
13295	0
13296	5
13297	1
13300	1
13301	2
13302	0
13303	0
13304	5
13305	5
13306	0
13307	5
13309	5
13310	0
13311	5
13314	0
13315	5
13323	5
13324	5
13325	5
13326	5
13327	5
13328	5
13329	5
13330	5
13331	5
13333	1
13334	5
13335	5
13336	5
13339	0
13342	0
13343	5
13344	5
13345	5
13346	5
13347	5
13349	0
13353	8
13354	2
13357	0
13358	0
13360	0
13361	1
13362	0
13363	5
13364	5
13365	1
13366	0
13367	0
13368	0
13373	1
13374	2
13375	2
13376	5
13378	0
13379	2
13380	2
13382	0
13383	1
13384	1
13387	0
13389	0
13391	1
13392	1
13393	1
13394	5
13395	2
13396	3
13398	0
13401	0
13402	2
13404	5
13405	5
13407	0
13408	3
13410	2
13411	5
13413	2
13414	0
13415	1
13416	0
13417	5
13418	0
13419	0
13420	0
13421	0
13423	0
13424	0
13425	0
13426	0
13429	0
13430	1
13431	1
13433	2
13434	0
13435	2
13437	5
13438	0
13439	2
13441	0
13442	0
13444	2
13445	0
13446	1
13447	5
13449	0
13450	5
13451	1
13452	3
13453	3
13455	1
13456	1
13457	1
13458	5
13459	5
13460	5
13461	2
13462	2
13463	4
13464	2
13465	2
13466	2
13468	2
13469	2
13471	4
13472	2
13474	2
13475	3
13476	2
13478	0
13479	2
13480	2
13481	2
13483	5
13486	2
13487	0
13488	2
13489	5
13490	5
13492	0
13493	0
13494	0
13496	2
13498	2
13499	3
13502	2
13504	0
13505	0
13506	1
13507	8
13511	5
13512	2
13514	2
13515	2
13517	2
13519	2
13520	2
13523	2
13524	0
13525	2
13526	2
13527	2
13528	2
13529	0
13530	2
13531	5
13532	2
13534	2
13535	2
13537	2
13538	2
13539	0
13543	0
13544	5
13546	0
13547	5
13548	2
13551	5
13552	2
13553	2
13554	3
13557	0
13558	0
13559	0
13560	1
13564	0
13565	1
13567	5
13568	5
13569	5
13570	5
13571	5
13572	5
13573	5
13574	0
13576	5
13577	5
13580	5
13582	5
13584	5
13585	5
13586	2
13587	5
13588	5
13589	5
13590	5
13591	5
13592	3
13593	5
13594	2
13599	2
13600	0
13601	0
13602	0
13604	2
13605	0
13606	2
13607	2
13608	2
13609	2
13612	2
13613	0
13615	2
13617	2
13618	2
13619	3
13621	2
13622	0
13623	2
13624	2
13625	0
13626	2
13628	6
13629	0
13630	0
13631	1
13632	0
13633	5
13634	2
13635	0
13636	0
13637	5
13639	0
13640	0
13643	5
13644	2
13645	2
13646	2
13647	2
13649	2
13650	2
13652	2
13655	1
13656	8
13658	4
13659	6
13661	4
13662	5
13663	5
13665	0
13667	5
13669	5
13670	5
13673	5
13677	5
13678	5
13679	5
13680	5
13681	5
13682	5
13684	5
13685	5
13686	5
13687	5
13688	5
13689	5
13691	5
13693	2
13694	2
13697	2
13698	0
13699	5
13700	5
13701	5
13702	5
13703	5
13704	0
13705	5
13706	5
13707	5
13708	5
13709	5
13710	5
13711	5
13712	5
13713	5
13714	5
13715	3
13716	5
13717	5
13718	5
13719	5
13720	5
13722	0
13723	5
13724	5
13725	5
13726	5
13727	5
13728	5
13729	5
13730	5
13731	5
13732	5
13733	5
13734	5
13735	5
13736	5
13737	5
13739	5
13740	5
13741	0
13742	2
13746	0
13749	6
13750	6
13751	6
13752	6
13756	6
13763	0
13764	6
13767	6
13769	6
13771	6
13773	6
13776	6
13778	6
13779	0
13780	6
13784	6
13785	6
13787	6
13789	6
13790	6
13797	6
13799	6
13802	6
13803	0
13804	6
13806	6
13808	6
13814	6
13815	7
13817	6
13824	6
13827	4
13828	0
13831	6
13833	4
13836	6
13838	6
13839	6
13843	8
13845	8
13847	8
13850	2
13852	5
13853	3
13854	1
13855	8
13856	0
13858	8
13864	2
13865	8
13866	0
13868	3
13869	0
13870	1
13871	1
13872	1
13873	1
13876	0
13878	0
13879	0
13880	1
13882	1
13883	5
13884	0
13885	0
13886	0
13887	1
13888	1
13889	0
13890	0
13893	0
13894	0
13895	1
13896	5
13898	1
13899	5
13900	2
13901	2
13902	1
13903	8
13904	2
13911	1
13912	0
13913	0
13914	0
13915	1
13916	0
13918	2
13919	1
13920	0
13921	1
13922	1
13923	0
13925	1
13928	1
13929	0
13930	0
13931	0
13932	1
13933	8
13934	0
13936	8
13937	8
13939	8
13940	0
13941	8
13942	5
13943	0
13944	0
13945	3
13946	1
13948	8
13951	8
13952	2
13953	6
13956	6
13960	0
13962	3
13964	0
13965	0
13967	0
13968	0
13969	0
13970	0
13971	0
13972	0
13973	3
13975	1
13977	7
13978	8
13979	8
13980	8
13985	0
13986	8
13987	8
13988	0
13989	8
13990	8
13993	0
13994	5
13995	3
13996	0
13997	8
13999	8
14000	8
14002	0
14003	1
14004	0
14005	0
14007	1
14008	8
14011	1
14012	8
14013	0
14014	3
14015	3
14016	3
14017	3
14018	8
14019	8
14020	1
14021	8
14022	0
14024	0
14025	0
14026	1
14028	5
14030	5
14031	5
14032	3
14034	0
14036	5
14037	5
14038	2
14039	3
14040	5
14044	6
14048	6
14050	6
14052	6
14053	6
14054	6
14055	6
14056	1
14057	0
14058	0
14059	0
14060	0
14061	0
14063	0
14064	1
14065	5
14066	0
14067	1
14068	0
14069	0
14070	0
14071	0
14072	1
14073	0
14075	1
14076	2
14077	0
14079	0
14080	1
14081	0
14082	0
14083	1
14084	0
14085	1
14087	0
14089	1
14090	0
14091	1
14092	0
14093	0
14094	0
14097	1
14100	0
14101	0
14103	1
14104	1
14105	1
14106	5
14107	5
14109	1
14110	0
14111	0
14113	0
14114	0
14115	0
14116	0
14117	1
14118	5
14120	0
14121	0
14123	8
14124	1
14127	0
14128	8
14130	0
14131	0
14132	0
14135	1
14136	1
14137	5
14139	0
14141	1
14142	0
14143	0
14144	1
14145	0
14146	1
14147	1
14148	5
14152	1
14153	0
14154	1
14155	0
14156	1
14157	1
14158	0
14160	1
14161	0
14162	0
14164	5
14165	0
14166	2
14167	0
14168	0
14169	0
14170	1
14171	0
14172	5
14174	1
14175	1
14176	3
14179	0
14180	0
14181	0
14182	5
14183	0
14184	0
14185	0
14186	0
14187	2
14189	1
14190	1
14192	0
14193	0
14195	5
14196	0
14197	0
14198	0
14199	1
14200	0
14201	0
14202	0
14203	0
14204	8
14205	0
14206	2
14207	0
14208	0
14209	1
14211	5
14213	1
14214	1
14215	1
14216	0
14217	0
14218	0
14219	1
14221	0
14222	0
14223	0
14224	2
14225	0
14226	0
14227	0
14228	5
14229	0
14231	5
14232	0
14239	5
14241	5
14243	5
14244	5
14245	5
14246	5
14247	5
14248	5
14249	5
14250	5
14252	5
14253	5
14254	5
14255	5
14256	5
14257	5
14258	5
14259	5
14260	5
14261	5
14262	5
14263	5
14265	5
14266	5
14267	5
14270	5
14271	5
14274	5
14275	5
14276	5
14277	5
14278	5
14279	5
14280	5
14282	5
14283	5
14285	5
14286	5
14287	5
14288	5
14289	5
14290	5
14291	5
14292	6
14293	6
14298	0
14299	0
14303	1
14309	4
14313	7
14320	7
14324	7
14328	5
14329	5
14330	5
14331	5
14332	5
14333	0
14334	5
14335	5
14337	2
14340	0
14341	5
14342	2
14344	5
14347	5
14348	0
14349	5
14351	1
14353	2
14355	5
14356	2
14357	5
14358	2
14362	5
14363	5
14366	0
14367	5
14368	0
14369	0
14370	1
14371	8
14372	8
14373	8
14374	1
14377	0
14378	2
14379	1
14382	0
14384	0
14385	2
14386	2
14387	0
14388	0
14389	1
14390	1
14391	0
14392	0
14393	0
14396	0
14400	1
14401	1
14402	8
14403	0
14404	1
14405	0
14406	1
14407	0
14408	0
14412	0
14414	1
14417	8
14418	0
14420	1
14421	0
14422	5
14424	5
14425	5
14426	5
14428	5
14429	5
14430	8
14434	0
14436	8
14437	0
14438	0
14441	1
14442	8
14446	0
14447	5
14448	0
14449	0
14450	8
14453	8
14455	8
14456	0
14457	0
14458	0
14460	8
14461	0
14467	0
14468	8
14469	0
14470	8
14471	0
14474	0
14475	8
14477	8
14478	8
14479	8
14480	8
14481	0
14484	0
14486	8
14488	8
14490	0
14491	0
14494	8
14495	8
14497	5
14498	5
14499	8
14501	8
14504	8
14510	0
14511	8
14514	8
14517	8
14519	1
14520	2
14522	5
14523	5
14524	0
14530	8
14535	8
14539	6
14542	8
14554	6
14555	0
14569	6
14580	0
14581	0
14582	5
14583	0
14584	2
14586	8
14588	8
14589	8
14590	8
14591	5
14592	5
14593	5
14595	5
14596	5
14597	5
14598	2
14599	8
14600	3
14603	3
14604	8
14606	8
14610	5
14611	5
14612	1
14613	5
14614	8
14616	8
14617	1
14618	1
14619	1
14620	0
14621	1
14623	8
14625	8
14626	8
14627	0
14628	8
14629	2
14632	8
14636	1
14637	8
14639	8
14641	8
14643	8
14647	3
14648	2
14649	3
14652	3
14653	3
14654	3
14655	3
14656	2
14657	2
14658	3
14659	3
14661	3
14664	3
14665	3
14666	3
14667	3
14671	3
14672	2
14674	3
14677	3
14678	2
14679	3
14680	2
14681	3
14682	3
14683	3
14684	3
14686	3
14687	3
14688	3
14689	3
14690	3
14691	3
14692	3
14698	8
14699	0
14701	2
14703	5
14705	8
14707	8
14708	0
14709	0
14710	1
14715	2
14716	0
14717	0
14718	1
14720	0
14721	0
14722	0
14723	0
14724	0
14725	0
14726	0
14727	0
14731	5
14732	2
14733	2
14738	0
14739	2
14740	0
14741	0
14744	0
14745	0
14747	0
14749	0
14750	0
14752	0
14755	0
14757	0
14758	0
14759	0
14760	0
14761	0
14765	0
14766	0
14767	0
14768	0
14770	0
14771	0
14777	2
14779	8
14783	8
14784	8
14785	8
14786	8
14787	8
14789	8
14790	8
14791	8
14793	8
14794	8
14798	8
14803	8
14805	8
14806	8
14808	8
14809	8
14812	8
14814	8
14815	8
14817	8
14819	8
14820	8
14821	8
14822	8
14828	6
14830	0
14831	0
14836	6
14838	0
14839	0
14840	1
14842	3
14843	0
14844	3
14846	3
14847	2
14848	0
14849	5
14852	0
14854	2
14856	2
14857	3
14858	2
14859	2
14860	2
14861	3
14862	3
14863	3
14864	3
14865	3
14866	5
14867	0
14869	5
14880	2
14881	7
14890	7
14892	8
14893	8
14897	8
14898	8
14899	8
14900	8
14901	8
14906	8
14908	8
14909	8
14911	8
14912	8
14915	0
14916	5
14917	5
14918	2
14919	5
14921	5
14924	5
14925	5
14926	2
14927	5
14930	5
14931	5
14932	5
14933	5
14934	5
14937	5
14939	5
14941	5
14943	5
14944	5
14945	3
14946	3
14947	2
14949	0
14950	2
14951	3
14953	0
14955	5
14956	0
14957	3
14958	3
14959	3
14960	0
14961	0
14962	1
14963	2
14964	8
14966	0
14967	0
14969	1
14970	0
14971	0
14972	0
14973	8
14977	1
14979	1
14980	1
14981	8
14982	8
14984	2
14985	0
14987	0
14989	0
14990	0
14991	0
14993	0
14995	1
14996	0
14997	1
15011	6
15018	0
15019	1
15021	1
15022	2
15023	2
15024	2
15026	2
15027	2
15028	2
15030	2
15034	2
15041	8
15042	8
15046	8
15049	2
15053	8
15054	0
15056	0
15057	0
15058	5
15059	5
15060	5
15061	5
15062	5
15063	0
15064	0
15065	0
15066	1
15068	5
15072	5
15073	5
15074	5
15075	1
15076	0
15077	0
15079	0
15080	3
15081	7
15082	2
15083	3
15084	3
15086	3
15087	3
15088	8
15089	3
15093	2
15097	3
15098	8
15099	8
15100	8
15101	8
15102	8
15103	8
15104	1
15106	3
15107	1
15109	1
15111	8
15112	8
15114	0
15115	0
15118	0
15119	0
15122	8
15123	0
15124	0
15125	0
15126	8
15127	5
15128	5
15129	3
15131	0
15132	0
15133	0
15135	2
15136	1
15137	1
15138	1
15139	2
15140	1
15141	2
15142	0
15144	5
15146	5
15150	0
15153	0
15155	5
15156	0
15159	8
15160	8
15161	5
15162	5
15163	5
15165	0
15166	2
15167	0
15168	0
15169	0
15170	5
15171	1
15172	0
15173	8
15174	8
15176	8
15178	8
15180	2
15183	5
15184	5
15185	2
15186	3
15188	3
15189	3
15190	0
15191	0
15192	2
15193	0
15194	2
15196	1
15197	8
15198	8
15199	8
15200	8
15201	3
15204	3
15205	2
15207	3
15208	3
15212	2
15214	5
15215	5
15217	8
15218	0
15219	1
15220	0
15221	8
15222	8
15223	3
15224	0
15230	6
15231	6
15232	2
15233	6
15234	0
15235	6
15238	2
15239	2
15240	0
15241	2
15243	2
15244	2
15245	6
15251	6
15252	6
15253	6
15254	6
15256	6
15257	6
15261	0
15265	6
15267	6
15270	1
15272	1
15273	1
15274	0
15275	1
15277	1
15278	2
15279	0
15280	1
15282	1
15283	1
15284	0
15286	5
15287	5
15288	0
15289	1
15290	2
15293	0
15295	1
15296	3
15297	2
15298	1
15299	1
15300	5
15302	0
15304	1
15305	8
15306	0
15307	0
15308	0
15309	3
15310	0
15311	2
15312	5
15313	0
15314	3
15315	0
15316	2
15317	2
15318	2
15319	3
15320	2
15323	2
15324	2
15325	2
15326	2
15327	0
15334	5
15335	5
15336	5
15337	0
15339	1
15340	0
15341	1
15345	1
15346	5
15347	0
15349	1
15350	2
15351	3
15352	1
15353	5
15354	5
15355	5
15356	5
15357	2
15358	0
15360	5
15361	5
15362	5
15363	5
15364	5
15366	0
15367	0
15368	0
15371	2
15372	0
15373	0
15375	0
15378	0
15379	0
15380	0
15381	5
15382	0
15383	0
15385	5
15386	5
15388	1
15389	2
15390	5
15391	5
15392	0
15393	1
15397	2
15398	5
15400	0
15402	2
15403	0
15404	0
15405	0
15406	1
15407	0
15408	0
15410	0
15411	0
15412	1
15413	0
15414	0
15415	0
15416	0
15417	1
15418	2
15421	1
15423	8
15424	0
15425	1
15426	5
15429	0
15430	2
15431	2
15434	5
15437	5
15438	1
15439	5
15442	5
15443	2
15446	1
15447	0
15448	0
15451	5
15452	0
15453	2
15454	0
15455	2
15456	0
15457	0
15458	1
15459	1
15460	0
15461	0
15462	0
15463	0
15464	0
15465	0
15467	0
15469	0
15471	0
15476	1
15477	0
15478	0
15480	0
15481	1
15483	5
15484	2
15485	2
15487	5
15489	0
15491	1
15492	0
15493	0
15494	5
15495	2
15496	5
15497	0
15498	0
15499	2
15500	3
15501	3
15502	0
15503	1
15505	0
15506	0
15507	2
15509	5
15510	0
15511	2
15512	0
15513	0
15514	1
15515	1
15516	5
15517	0
15518	1
15519	2
15521	2
15522	2
15523	2
15524	2
15525	2
15526	2
15527	2
15528	2
15529	4
15530	2
15531	2
15532	2
15533	2
15535	0
15536	2
15537	2
15538	2
15539	2
15540	2
15541	2
15542	2
15543	2
15544	0
15545	0
15546	1
15547	0
15548	2
15549	0
15550	3
15552	0
15555	0
15556	0
15558	5
15559	0
15560	0
15561	5
15562	0
15563	0
15564	0
15565	2
15566	2
15567	2
15568	0
15569	2
15570	2
15571	2
15572	2
15573	2
15574	2
15575	0
15576	5
15582	1
15583	0
15584	0
15585	5
15586	2
15588	2
15589	2
15590	2
15594	3
15595	2
15597	2
15599	2
15600	2
15601	2
15602	2
15603	2
15604	0
15605	2
15607	2
15608	2
15609	2
15610	2
15611	5
15612	2
15614	2
15615	2
15616	2
15618	0
15619	0
15622	0
15623	2
15624	5
15625	2
15626	2
15627	2
15628	1
15630	2
15631	2
15634	2
15635	5
15637	2
15638	2
15639	2
15640	3
15641	0
15642	5
15646	3
15649	0
15650	0
15653	8
15654	5
15655	5
15656	5
15658	2
15659	5
15660	0
15661	5
15663	5
15664	0
15665	0
15667	1
15668	2
15670	0
15671	5
15672	2
15673	5
15674	5
15676	0
15677	3
15679	3
15680	3
15681	0
15682	5
15683	3
15684	3
15686	3
15687	3
15689	0
15690	5
15691	5
15692	5
15693	5
15694	5
15695	5
15697	0
15699	2
15701	0
15702	0
15706	2
15707	2
15708	2
15709	2
15711	2
15712	2
15713	2
15715	2
15717	2
15719	2
15720	2
15721	0
15722	2
15723	2
15724	0
15725	3
15726	3
15727	2
15728	2
15729	1
15730	3
15731	3
15732	1
15733	1
15734	0
15736	8
15738	3
15739	3
15740	3
15743	1
15744	0
15745	0
15746	5
15748	5
15749	0
15750	1
15751	0
15752	0
15753	0
15754	2
15763	1
15764	1
15765	8
15766	2
15767	4
15770	0
15771	4
15774	4
15775	2
15776	2
15777	4
15778	4
15779	5
15781	5
15782	5
15783	5
15784	5
15790	2
15801	5
15802	5
15803	5
15804	2
15807	2
15809	0
15811	2
15812	2
15814	2
15815	2
15817	2
15818	0
15819	5
15823	0
15824	0
15825	0
15826	5
15827	5
15828	2
15829	0
15830	3
15831	5
15832	5
15833	5
15834	0
15835	5
15836	5
15837	8
15839	5
15840	5
15842	5
15844	5
15845	5
15847	2
15848	5
15849	5
15850	5
15851	2
15852	2
15853	2
15854	2
15857	2
15870	6
15872	6
15873	6
15875	6
15876	6
15877	6
15878	6
15881	6
15882	6
15883	6
15895	0
15897	4
15912	0
15916	6
15917	0
15930	4
15931	0
15934	6
15939	4
15943	0
15946	2
15948	1
15949	0
15952	2
15953	1
15954	2
15956	7
15958	5
15959	8
15961	8
15963	1
15966	1
15967	1
15968	5
15969	0
15970	0
15972	1
15973	0
15974	0
15975	0
15976	0
15978	0
15981	0
15982	0
15983	0
15985	1
15986	5
15987	2
15988	0
15989	0
15990	0
15994	1
15995	0
15996	1
15997	0
15999	0
16000	0
16001	0
16004	0
16005	1
16006	0
16010	7
16013	1
16014	0
16015	1
16016	0
16017	1
16018	1
16020	1
16021	0
16022	8
16023	0
16024	1
16025	1
16026	0
16027	0
16029	1
16030	1
16031	0
16032	0
16036	0
16037	8
16038	0
16039	0
16041	0
16042	8
16043	8
16046	8
16047	0
16048	0
16051	8
16053	8
16054	7
16061	8
16066	0
16073	8
16074	8
16076	8
16077	5
16078	0
16079	0
16080	8
16082	8
16083	8
16085	8
16086	5
16087	8
16089	8
16090	8
16095	0
16096	0
16097	8
16101	8
16103	0
16105	6
16107	0
16111	8
16112	8
16119	5
16120	3
16121	0
16122	1
16123	0
16124	0
16126	1
16128	8
16129	8
16130	8
16133	8
16136	8
16137	7
16139	0
16142	2
16145	0
16146	1
16147	3
16150	0
16152	8
16158	5
16159	5
16164	5
16165	8
16168	3
16169	1
16170	8
16172	6
16173	6
16174	6
16175	6
16177	6
16180	6
16184	1
16185	1
16186	1
16187	0
16188	1
16189	1
16192	2
16193	0
16197	0
16198	0
16199	1
16201	0
16202	0
16203	1
16204	0
16207	0
16208	1
16209	0
16210	0
16213	0
16214	1
16216	0
16217	0
16220	0
16221	1
16222	0
16223	1
16224	0
16225	0
16226	0
16227	0
16231	0
16232	1
16233	0
16234	0
16235	1
16236	0
16237	0
16238	0
16239	1
16240	0
16241	1
16242	0
16243	1
16244	0
16245	0
16246	1
16247	0
16248	0
16250	1
16252	0
16253	1
16256	1
16257	0
16258	0
16261	1
16264	0
16266	0
16267	1
16268	0
16269	0
16270	0
16271	0
16272	0
16273	1
16274	5
16275	0
16277	1
16278	1
16279	1
16280	1
16282	1
16284	1
16285	0
16286	0
16287	0
16288	0
16289	1
16291	1
16292	1
16293	0
16294	0
16295	1
16296	0
16298	1
16299	1
16300	2
16301	1
16302	0
16303	0
16306	0
16307	0
16308	1
16309	0
16310	0
16311	0
16313	0
16314	0
16315	1
16316	0
16317	0
16318	2
16319	1
16320	0
16321	0
16323	1
16324	1
16326	0
16327	1
16328	0
16330	1
16331	0
16332	0
16334	1
16335	0
16336	5
16338	0
16340	1
16341	0
16342	1
16343	0
16344	0
16345	0
16348	0
16349	1
16350	0
16351	0
16353	2
16354	5
16355	0
16356	0
16357	5
16358	1
16359	0
16360	0
16361	0
16362	1
16363	8
16364	8
16366	0
16368	5
16371	5
16372	5
16373	5
16375	5
16376	5
16377	5
16378	5
16379	5
16381	5
16383	5
16386	5
16387	5
16388	5
16389	5
16390	5
16392	5
16393	5
16395	5
16397	5
16399	5
16400	5
16406	6
16407	6
16412	7
16414	0
16417	7
16418	7
16424	7
16425	7
16426	7
16430	7
16437	7
16439	0
16440	0
16441	5
16442	0
16443	5
16445	0
16447	0
16452	0
16453	0
16454	0
16455	0
16457	8
16458	8
16462	1
16463	1
16464	1
16467	0
16468	1
16469	0
16470	1
16473	8
16474	0
16475	0
16476	1
16477	0
16478	8
16479	0
16480	1
16481	1
16482	0
16484	0
16485	0
16495	0
16498	8
16499	1
16500	8
16502	0
16503	0
16504	8
16505	1
16506	0
16507	0
16508	1
16509	0
16510	0
16511	0
16512	0
16513	0
16517	0
16520	0
16521	0
16522	0
16523	0
16525	1
16526	0
16527	0
16528	1
16533	1
16534	0
16539	0
16540	0
16541	0
16542	1
16543	0
16545	0
16548	8
16550	0
16551	8
16553	8
16554	8
16555	0
16556	0
16560	0
16564	0
16566	8
16567	8
16568	8
16573	8
16577	0
16578	8
16579	8
16580	8
16581	8
16582	2
16586	0
16588	0
16590	0
16591	0
16593	0
16594	0
16599	8
16606	0
16607	8
16608	5
16609	0
16610	8
16611	8
16612	3
16614	2
16615	8
16616	8
16617	5
16618	5
16619	0
16620	0
16621	0
16623	8
16624	8
16626	8
16629	8
16638	8
16639	0
16643	0
16654	0
16668	7
16678	7
16691	8
16694	8
16695	0
16696	5
16697	0
16698	5
16699	5
16701	8
16704	8
16706	5
16707	5
16708	5
16709	3
16710	3
16711	8
16712	8
16716	8
16719	8
16720	0
16721	0
16722	1
16723	0
16726	8
16731	8
16733	8
16734	8
16736	2
16738	1
16739	8
16741	8
16746	0
16747	8
16749	8
16750	8
16751	8
16753	8
16757	3
16758	2
16759	2
16760	3
16761	2
16762	0
16764	3
16767	3
16769	3
16772	2
16774	2
16775	2
16776	2
16777	2
16778	2
16780	2
16781	3
16782	3
16783	3
16784	0
16785	2
16788	3
16790	2
16791	3
16793	3
16794	2
16797	3
16798	0
16800	3
16804	8
16805	1
16806	8
16807	0
16808	0
16809	5
16810	8
16814	0
16819	0
16821	0
16825	1
16826	1
16827	0
16829	0
16830	0
16831	2
16833	0
16835	0
16836	0
16837	1
16838	5
16839	2
16840	2
16841	0
16842	0
16843	5
16844	0
16850	3
16851	0
16853	0
16855	0
16856	0
16858	0
16859	0
16860	0
16861	0
16862	0
16863	0
16865	0
16867	0
16869	0
16870	0
16872	0
16884	8
16886	8
16893	8
16895	8
16899	8
16900	8
16901	8
16902	8
16906	8
16907	8
16913	8
16915	8
16917	8
16919	8
16920	8
16921	8
16926	8
16928	8
16936	6
16939	6
16940	2
16941	2
16942	2
16949	1
16951	2
16952	2
16953	2
16954	3
16958	2
16960	2
16964	2
16966	3
16967	3
16970	3
16971	5
16972	5
16974	0
16976	5
16978	8
16980	2
16990	7
16995	8
17002	8
17003	8
17005	8
17006	8
17007	8
17008	8
17009	8
17010	0
17011	8
17012	8
17017	8
17019	8
17021	5
17025	2
17026	5
17027	5
17028	8
17029	5
17030	1
17031	5
17032	5
17033	5
17034	5
17035	5
17036	5
17039	5
17040	5
17042	0
17043	0
17044	1
17046	0
17048	2
17050	0
17051	3
17053	3
17054	0
17055	1
17057	0
17058	0
17059	1
17060	1
17061	0
17064	1
17065	0
17068	8
17072	8
17074	8
17075	8
17076	8
17079	2
17081	2
17082	8
17084	2
17087	2
17090	8
17093	8
17094	0
17096	2
17098	0
17100	8
17101	5
17102	0
17104	1
17107	7
17108	7
17122	0
17123	0
17125	0
17126	0
17127	0
17130	2
17137	8
17139	2
17140	2
17141	2
17142	2
17143	0
17158	0
17160	6
17161	5
17162	5
17164	0
17165	1
17166	0
17167	5
17168	0
17169	0
17170	0
17172	5
17176	2
17177	1
17178	1
17179	0
17181	3
17182	1
17184	3
17185	3
17196	8
17199	6
17204	0
17206	8
17208	0
17210	1
17211	0
17213	0
17214	0
17215	5
17217	0
17218	2
17219	8
17220	0
17221	5
17222	1
17223	0
17226	3
17227	0
17228	0
17230	0
17232	1
17233	2
17234	0
17235	0
17237	0
17238	0
17239	0
17241	0
17243	5
17245	0
17246	0
17247	0
17248	0
17249	0
17250	8
17251	8
17254	0
17255	0
17256	5
17258	5
17259	3
17260	0
17261	0
17262	0
17263	0
17271	8
17276	0
17278	0
17282	8
17283	8
17285	8
17286	2
17287	3
17288	2
17289	2
17294	5
17295	0
17297	8
17298	6
17301	6
17303	6
17304	6
17306	0
17307	6
17310	6
17311	0
17312	0
17313	6
17314	6
17315	6
17318	6
17321	2
17327	6
17329	6
17331	6
17332	6
17334	6
17335	6
17339	6
17346	1
17347	0
17348	0
17349	0
17350	0
17351	1
17353	1
17355	0
17356	1
17357	1
17359	5
17360	0
17362	0
17363	0
17364	0
17365	1
17366	0
17367	5
17368	0
17371	2
17374	1
17375	0
17376	0
17377	0
17378	0
17379	1
17380	2
17381	2
17383	2
17384	2
17385	1
17387	0
17389	1
17390	2
17391	0
17392	0
17393	1
17394	1
17395	0
17396	1
17397	1
17398	0
17400	2
17401	2
17403	2
17404	0
17405	2
17406	3
17408	0
17409	2
17410	2
17412	0
17413	5
17415	5
17416	0
17417	5
17418	5
17419	0
17420	1
17421	0
17423	2
17424	5
17426	5
17427	8
17429	5
17430	5
17432	5
17433	5
17434	5
17437	0
17439	5
17441	0
17442	0
17449	0
17451	0
17455	5
17457	5
17458	2
17459	0
17461	0
17463	0
17464	3
17465	0
17466	1
17467	1
17468	1
17469	0
17470	2
17473	0
17474	0
17475	0
17476	1
17477	0
17478	0
17479	0
17480	0
17481	0
17482	0
17483	5
17485	1
17486	0
17487	2
17488	0
17489	2
17490	1
17491	0
17492	1
17495	2
17496	0
17497	1
17498	5
17500	2
17502	2
17504	3
17505	0
17506	2
17507	1
17508	1
17512	0
17513	0
17516	0
17517	0
17518	0
17519	0
17520	0
17522	0
17523	0
17524	0
17525	0
17526	0
17527	0
17530	0
17532	0
17533	0
17535	5
17541	0
17543	0
17544	0
17545	0
17546	0
17547	0
17548	2
17549	5
17551	5
17552	0
17554	2
17556	3
17558	2
17559	5
17560	0
17561	1
17564	2
17565	2
17566	2
17567	3
17568	2
17569	2
17570	3
17571	2
17572	2
17573	2
17574	2
17575	3
17576	2
17577	2
17578	2
17580	2
17581	2
17582	2
17583	2
17584	2
17588	3
17589	4
17590	0
17591	5
17592	1
17594	0
17595	2
17596	5
17598	3
17599	3
17602	5
17603	2
17604	2
17605	2
17606	0
17610	0
17611	1
17612	7
17613	5
17614	3
17615	2
17616	2
17617	2
17618	2
17619	2
17620	2
17621	2
17622	2
17624	2
17627	0
17628	2
17629	2
17633	2
17636	2
17637	2
17640	2
17643	5
17644	2
17645	2
17646	0
17647	2
17648	7
17649	2
17650	2
17653	2
17654	2
17655	8
17657	0
17658	0
17659	0
17660	5
17663	1
17664	2
17665	2
17670	2
17672	2
17673	5
17675	0
17677	0
17678	0
17679	0
17681	1
17683	5
17684	5
17685	0
17687	1
17689	0
17690	0
17692	5
17694	2
17695	2
17696	2
17697	2
17698	5
17699	5
17700	5
17701	2
17702	2
17704	0
17705	1
17706	0
17709	2
17710	2
17711	2
17712	2
17714	2
17715	2
17716	2
17717	0
17718	2
17721	2
17722	0
17723	2
17724	0
17725	0
17726	3
17727	0
17728	2
17729	2
17730	2
17731	0
17732	2
17733	2
17734	0
17736	2
17738	0
17739	0
17740	0
17742	2
17743	3
17744	2
17745	2
17750	0
17751	0
17752	2
17754	0
17755	0
17757	0
17758	2
17760	2
17762	2
17764	2
17765	2
17767	7
17768	8
17769	0
17770	4
17772	0
17773	4
17774	4
17775	5
17777	2
17789	5
17791	5
17792	5
17793	5
17794	5
17796	2
17798	2
17799	2
17801	2
17802	2
17803	2
17804	2
17805	5
17806	0
17808	5
17810	5
17811	0
17812	0
17814	5
17815	5
17816	5
17817	5
17818	5
17819	5
17820	5
17822	0
17823	0
17825	5
17827	5
17828	5
17829	5
17830	3
17832	5
17835	6
17837	6
17838	0
17843	6
17844	6
17846	6
17850	6
17851	6
17852	7
17855	7
17857	6
17859	7
17862	6
17872	4
17883	0
17884	2
17899	6
17904	6
17909	6
17910	6
17913	2
17920	8
17921	8
17924	8
17927	2
17932	8
17933	8
17934	6
17935	6
17938	1
17939	1
17940	0
17941	1
17942	0
17943	1
17944	1
17945	0
17946	0
17947	1
17949	0
17951	0
17953	0
17954	0
17956	0
17957	1
17958	1
17959	0
17960	1
17961	0
17962	1
17963	1
17964	1
17965	0
17966	0
17970	0
17971	1
17972	0
17973	1
17975	0
17976	8
17977	1
17978	1
17979	0
17980	0
17981	1
17983	8
17984	8
17985	8
17988	0
17990	8
17993	1
17994	8
17995	6
18003	8
18004	8
18005	0
18006	0
18007	0
18012	8
18014	8
18015	0
18016	2
18019	8
18022	8
18025	8
18036	0
18037	1
18038	0
18039	8
18041	1
18042	8
18043	1
18049	0
18050	2
18052	0
18054	0
18058	0
18059	0
18061	8
18062	8
18063	2
18065	8
18066	8
18067	8
18069	1
18070	2
18075	8
18078	8
18080	8
18081	1
18083	8
18087	6
18088	6
18090	6
18092	1
18095	1
18096	0
18097	0
18098	0
18099	1
18100	0
18101	1
18102	1
18103	1
18104	0
18105	1
18106	1
18108	1
18109	0
18111	1
18113	1
18114	1
18116	0
18117	0
18118	1
18121	1
18122	0
18123	1
18124	0
18126	0
18127	0
18128	0
18129	8
18133	0
18134	0
18135	0
18136	0
18137	1
18138	1
18139	0
18140	1
18141	0
18142	1
18143	0
18144	0
18145	1
18146	1
18148	0
18149	0
18150	0
18151	1
18152	1
18153	2
18154	0
18155	0
18156	2
18157	0
18158	0
18159	1
18160	0
18162	1
18164	1
18165	0
18167	1
18169	1
18170	0
18171	2
18173	1
18174	0
18175	1
18176	1
18177	0
18178	0
18179	0
18180	1
18182	0
18183	1
18184	2
18185	1
18186	1
18187	0
18188	0
18189	0
18190	1
18193	0
18194	2
18198	0
18199	0
18200	0
18201	1
18202	0
18203	0
18204	0
18205	0
18207	0
18209	0
18210	0
18211	1
18212	0
18213	1
18214	3
18215	2
18216	1
18218	0
18219	0
18220	0
18221	0
18223	0
18224	0
18225	1
18227	0
18230	0
18231	0
18232	0
18233	0
18234	0
18235	2
18237	2
18243	8
18244	2
18245	2
18247	2
18250	6
18252	2
18253	2
18256	6
18257	6
18261	6
18262	0
18267	7
18268	7
18277	7
18280	7
18282	7
18283	7
18289	0
18290	0
18291	0
18293	2
18294	1
18296	0
18297	0
18298	2
18299	1
18300	0
18301	0
18302	0
18303	1
18304	1
18307	0
18309	0
18311	0
18313	1
18314	3
18316	8
18317	1
18320	8
18321	0
18322	1
18324	0
18327	0
18328	0
18331	1
18332	1
18334	0
18335	8
18339	8
18342	0
18343	0
18344	0
18345	0
18346	0
18349	0
18350	0
18351	1
18354	0
18355	8
18356	8
18358	1
18359	0
18361	1
18362	0
18367	0
18368	8
18370	8
18371	8
18373	0
18375	8
18376	8
18377	0
18379	8
18380	0
18381	0
18382	0
18386	0
18388	8
18389	8
18390	8
18391	2
18393	8
18394	8
18395	8
18400	1
18402	0
18403	0
18405	8
18406	2
18408	8
18410	8
18414	8
18416	8
18417	8
18421	8
18423	8
18424	8
18426	1
18428	2
18433	8
18434	8
18435	8
18436	8
18437	2
18438	2
18442	0
18443	8
18445	8
18446	8
18449	8
18452	2
18453	8
18455	8
18457	2
18458	2
18464	8
18469	8
18471	8
18482	7
18498	8
18501	8
18506	2
18511	2
18512	2
18513	2
18514	2
18519	8
18520	1
18521	2
18522	0
18527	8
18528	2
18529	0
18530	2
18531	0
18532	0
18533	1
18534	1
18535	1
18538	0
18539	8
18540	8
18541	0
18544	8
18545	0
18546	0
18547	8
18548	8
18549	8
18551	8
18553	8
18556	8
18558	8
18560	8
18561	8
18562	2
18563	2
18564	3
18565	2
18566	2
18567	2
18568	2
18569	2
18570	2
18571	3
18573	2
18574	2
18575	2
18576	2
18578	3
18579	2
18580	3
18581	2
18582	0
18583	3
18584	2
18585	2
18586	2
18587	0
18588	2
18590	2
18591	2
18595	2
18600	0
18604	2
18606	0
18610	0
18613	0
18614	0
18615	0
18616	0
18617	0
18619	2
18623	1
18624	0
18625	0
18627	0
18630	0
18631	0
18633	0
18634	0
18636	0
18640	8
18642	8
18646	8
18647	8
18648	8
18649	8
18650	8
18651	8
18652	8
18654	8
18655	8
18657	8
18658	8
18660	8
18669	8
18670	8
18672	8
18673	8
18678	0
18682	6
18685	6
18687	6
18690	1
18691	2
18694	2
18696	0
18697	2
18698	2
18699	2
18700	1
18701	1
18702	0
18707	8
18708	8
18709	8
18710	0
18715	2
18716	0
18717	7
18718	2
18721	2
18724	2
18726	7
18727	7
18729	8
18730	8
18733	8
18735	8
18739	8
18741	8
18742	2
18744	8
18747	8
18749	2
18750	8
18751	8
18752	8
18762	6
18770	1
18771	0
18774	2
18775	2
18776	2
18778	0
18779	1
18781	0
18782	0
18783	0
18786	1
18787	0
18789	2
18793	1
18794	8
18795	3
18799	8
18802	1
18803	8
18804	2
18805	1
18806	8
18807	8
18809	8
18810	1
18812	0
18817	0
18819	1
18821	7
18822	7
18823	7
18828	2
18829	7
18832	0
18833	1
18834	2
18835	2
18838	2
18839	2
18840	0
18846	2
18848	8
18849	2
18850	0
18853	3
18854	2
18855	8
18856	2
18857	2
18858	2
18859	2
18864	8
18868	8
18870	2
18874	8
18878	8
18880	8
18885	0
18887	1
18889	0
18890	2
18892	2
18894	8
18896	2
18898	2
18901	3
18904	1
18906	8
18907	8
18915	1
18916	0
18917	2
18918	0
18919	2
18920	1
18922	8
18924	2
18925	1
18926	2
18927	0
18928	2
18929	2
18930	0
18931	0
18932	2
18933	0
18935	0
18937	2
18938	1
18939	0
18941	2
18942	1
18943	0
18945	2
18946	2
18947	2
18948	2
18949	0
18950	2
18951	2
18953	0
18954	0
18955	2
18957	8
18958	2
18959	1
18960	3
18961	8
18963	8
18964	8
18966	8
18969	2
18971	1
18972	0
18973	8
18974	8
18976	2
18980	8
18981	2
18983	6
18985	6
18989	6
18990	6
18991	6
18992	6
18993	6
18995	6
18996	6
19000	6
19001	2
19002	2
19003	2
19004	2
19010	0
19013	6
19015	6
19017	6
19021	6
19025	6
19026	6
19027	0
19029	0
19031	1
19032	1
19033	0
19034	0
19035	1
19036	1
19037	0
19038	0
19040	1
19041	0
19043	0
19044	0
19046	0
19049	2
19050	2
19053	0
19055	1
19056	0
19057	1
19058	3
19059	1
19060	0
19062	0
19063	0
19064	2
19065	2
19066	0
19067	2
19068	1
19069	1
19070	0
19071	0
19072	0
19073	0
19075	1
19076	0
19078	2
19079	1
19080	1
19081	1
19082	0
19083	3
19084	2
19085	2
19086	0
19087	2
19088	0
19089	0
19090	0
19093	0
19094	0
19095	0
19096	1
19097	2
19098	0
19099	1
19100	0
19101	1
19103	0
19105	0
19107	0
19109	1
19110	1
19112	0
19113	2
19122	0
19124	0
19125	0
19126	0
19127	0
19128	2
19130	1
19131	2
19132	2
19133	1
19135	0
19138	0
19141	0
19144	1
19145	0
19146	0
19147	1
19149	2
19150	3
19152	0
19153	2
19154	0
19155	2
19156	1
19157	0
19158	1
19159	2
19161	2
19162	2
19163	7
19164	2
19166	1
19169	0
19170	2
19172	2
19173	0
19174	2
19175	2
19176	2
19177	0
19178	0
19180	0
19181	0
19182	1
19183	0
19184	0
19185	1
19187	0
19188	0
19189	1
19190	1
19191	8
19194	2
19195	2
19198	2
19200	0
19201	2
19202	1
19204	0
19207	2
19208	2
19209	2
19210	2
19211	1
19213	2
19216	2
19219	2
19222	0
19223	0
19224	3
19225	2
19226	3
19227	2
19228	2
19229	3
19230	2
19231	2
19232	2
19233	2
19234	2
19235	2
19236	2
19238	2
19239	2
19241	2
19242	2
19243	2
19244	2
19245	2
19246	0
19249	0
19250	2
19251	0
19253	0
19254	0
19256	2
19257	2
19258	2
19260	2
19261	2
19262	2
19263	1
19265	8
19267	0
19268	2
19269	0
19270	3
19271	2
19272	0
19273	0
19274	2
19275	2
19276	2
19278	2
19280	2
19281	2
19282	2
19284	2
19285	2
19286	2
19287	2
19288	2
19289	8
19290	0
19291	0
19292	2
19293	2
19294	2
19295	0
19297	2
19299	2
19300	2
19301	2
19302	2
19303	0
19304	0
19306	0
19307	0
19310	0
19311	0
19312	2
19313	1
19316	0
19318	2
19319	2
19320	0
19321	2
19322	2
19324	0
19325	2
19327	0
19328	3
19329	2
19330	3
19331	0
19332	2
19333	1
19334	0
19336	2
19337	2
19338	2
19339	3
19340	2
19341	3
19342	2
19343	7
19347	2
19348	2
19349	2
19350	2
19351	2
19352	2
19353	2
19354	2
19355	2
19357	3
19358	0
19361	2
19362	2
19363	2
19364	2
19366	2
19369	2
19370	2
19371	2
19372	0
19373	2
19374	8
19375	8
19376	8
19377	8
19378	4
19379	0
19380	4
19383	2
19384	2
19388	8
19389	2
19391	2
19392	2
19394	2
19397	2
19399	2
19401	2
19402	2
19403	0
19407	2
19412	2
19417	3
19423	6
19424	6
19425	6
19429	6
19432	6
19454	6
19458	3
19464	0
19474	6
19479	0
19481	6
19484	6
19488	7
19489	7
19490	8
19491	8
19494	8
19503	0
19504	0
19505	0
19506	8
19509	8
19511	2
19512	8
19513	8
19517	8
19518	8
19521	2
19522	7
19523	8
19524	6
19525	0
19527	8
19531	8
19532	8
19535	8
19540	8
19542	8
19544	5
19545	8
19548	8
19549	8
19550	6
19551	6
19553	0
19554	0
19558	0
19561	0
19563	0
19564	0
19569	8
19570	0
19571	0
19572	8
19576	7
19577	6
19578	7
19581	0
19582	0
19583	8
19584	0
19585	8
19586	0
19588	0
19589	0
19591	8
19595	8
19598	8
19599	8
19600	0
19601	0
19603	0
19604	0
19606	0
19607	8
19617	8
19620	8
19622	8
19624	8
19625	8
19629	8
19630	8
19631	0
19633	8
19634	8
19636	8
19639	8
19640	8
19643	8
19645	8
19646	8
19647	8
19649	8
19650	8
19651	8
19652	8
19653	8
19654	8
19655	8
19656	8
19657	8
19667	6
19671	8
19675	8
19676	8
19677	8
19681	0
19684	8
19685	8
19687	8
19690	8
19694	8
19696	8
19697	8
19698	8
19699	8
19706	0
19713	8
19716	0
19719	8
19720	8
19721	8
19722	8
19723	8
19724	8
19725	8
19726	8
19728	8
19730	8
19731	8
19732	8
19735	6
19737	6
19738	6
19741	8
19744	8
19745	8
19747	8
19748	8
19749	8
19750	8
19751	8
19753	8
19754	8
19755	8
19756	8
19757	2
19758	8
19759	8
19760	8
19761	8
19765	6
19768	7
19772	0
19773	0
19774	0
19775	8
19777	8
19778	8
19784	0
19785	0
19788	8
19789	2
19790	8
19791	8
19794	2
19797	8
19798	8
19799	8
19800	8
19801	0
19805	8
19807	8
19808	8
19809	8
19811	8
19813	8
19814	8
19817	8
19818	8
19819	8
19820	0
19822	0
19823	0
19825	0
19826	2
19827	8
19828	8
19829	8
19832	0
19834	8
19835	8
19838	8
19839	8
19840	8
19842	4
19843	6
19846	6
19847	6
19848	6
19852	0
19854	0
19855	0
19856	8
19857	2
19860	0
19861	0
19862	0
19864	0
19869	3
19870	0
19871	8
19872	0
19873	0
19878	8
19881	2
19882	2
19883	2
19884	2
19887	2
19888	0
19891	0
19895	8
19896	4
19899	2
19900	8
19905	2
19907	6
19908	6
19911	7
19914	2
19915	7
19924	6
19928	6
19930	6
19932	2
19939	2
19940	0
19944	2
19945	8
19946	7
19950	8
19951	3
19952	2
19953	3
19958	2
19959	4
19960	3
19961	2
19962	2
19963	2
19964	2
19965	2
19966	2
19968	2
19969	2
19972	2
19974	2
19975	2
19977	4
19979	2
19990	4
19992	0
19996	2
19997	2
