0
4
5
9
18
19
24
26
27
29
37
38
39
41
44
45
47
49
50
51
54
55
57
59
60
61
64
68
71
72
78
82
84
89
90
91
92
94
95
96
100
102
103
105
106
107
108
109
118
120
121
123
126
128
129
132
138
139
140
143
151
152
155
164
170
171
176
178
179
183
186
191
192
193
194
197
207
213
214
215
217
223
225
226
227
229
230
232
234
235
236
240
242
243
244
245
248
249
253
254
255
257
261
262
265
266
270
271
272
274
276
279
284
288
291
292
298
307
308
319
320
322
324
327
328
329
334
338
339
347
348
351
360
362
369
377
379
381
383
385
389
390
393
406
407
408
410
413
418
423
424
425
426
427
430
432
440
443
445
446
449
450
452
453
454
455
457
460
463
466
467
468
470
475
480
481
482
484
487
496
497
500
504
506
510
511
512
513
517
536
539
540
545
550
551
553
565
573
576
577
579
580
581
583
585
587
594
599
600
602
618
627
628
630
641
647
650
651
666
672
676
692
693
711
716
725
726
727
732
733
735
736
738
739
740
741
742
744
746
750
752
754
757
759
765
766
768
769
770
771
775
778
779
782
786
792
795
800
809
810
812
813
814
816
819
820
824
826
830
835
847
861
863
864
865
866
869
872
873
874
875
877
878
879
880
888
890
892
895
896
897
907
909
912
924
926
933
935
937
942
943
944
945
946
948
949
950
952
953
955
956
963
965
966
967
968
969
973
976
978
981
985
989
990
991
992
993
994
996
1000
1006
1027
1028
1033
1038
1040
1048
1058
1060
1066
1067
1070
1073
1076
1079
1081
1084
1085
1087
1088
1089
1092
1100
1102
1103
1104
1113
1115
1122
1125
1126
1129
1131
1133
1137
1138
1139
1140
1143
1145
1148
1149
1150
1151
1153
1154
1156
1157
1162
1163
1173
1175
1177
1178
1179
1180
1182
1186
1190
1192
1193
1196
1197
1201
1204
1205
1206
1212
1215
1217
1218
1220
1221
1222
1223
1226
1227
1229
1230
1232
1233
1234
1250
1264
1266
1268
1269
1276
1282
1284
1285
1286
1287
1289
1295
1297
1301
1302
1304
1305
1307
1308
1309
1312
1313
1317
1318
1319
1322
1323
1324
1326
1329
1347
1348
1350
1351
1354
1355
1362
1363
1367
1375
1378
1382
1383
1386
1387
1388
1389
1390
1395
1396
1397
1398
1401
1409
1411
1416
1417
1418
1423
1439
1442
1444
1458
1461
1462
1466
1467
1468
1470
1472
1473
1476
1477
1478
1481
1482
1483
1486
1487
1488
1491
1494
1495
1498
1501
1504
1506
1512
1514
1517
1518
1519
1524
1530
1533
1535
1538
1541
1542
1543
1547
1548
1549
1550
1551
1554
1561
1562
1563
1564
1565
1568
1576
1577
1579
1593
1594
1603
1605
1606
1610
1617
1622
1623
1624
1629
1630
1632
1633
1635
1636
1639
1641
1644
1650
1651
1654
1655
1659
1660
1664
1668
1671
1672
1673
1676
1677
1678
1680
1681
1682
1683
1689
1690
1692
1693
1697
1700
1701
1703
1704
1705
1708
1710
1714
1715
1717
1718
1719
1727
1731
1734
1740
1741
1744
1746
1748
1749
1750
1753
1759
1761
1763
1768
1776
1777
1779
1782
1784
1788
1789
1791
1799
1800
1801
1802
1803
1804
1805
1806
1808
1810
1812
1814
1816
1820
1821
1823
1830
1831
1836
1839
1840
1841
1842
1843
1846
1847
1851
1852
1853
1854
1859
1862
1863
1866
1870
1873
1874
1877
1884
1887
1889
1890
1891
1896
1898
1900
1901
1902
1909
1910
1911
1912
1913
1914
1916
1918
1919
1924
1925
1931
1933
1935
1942
1944
1949
1957
1959
1960
1963
1965
1969
1973
1974
1977
1980
1981
1984
1988
1989
1992
1994
1998
2001
2002
2003
2004
2005
2013
2015
2016
2017
2018
2022
2024
2029
2030
2034
2035
2037
2045
2046
2050
2052
2053
2056
2060
2062
2065
2066
2073
2074
2076
2081
2082
2083
2084
2089
2090
2091
2093
2094
2095
2100
2103
2108
2109
2113
2114
2116
2122
2123
2134
2137
2138
2140
2166
2167
2169
2171
2173
2176
2180
2181
2186
2187
2188
2190
2193
2194
2195
2196
2197
2198
2200
2201
2202
2205
2207
2209
2216
2217
2218
2219
2220
2222
2223
2224
2226
2227
2230
2231
2232
2234
2235
2237
2238
2240
2242
2245
2247
2248
2249
2250
2253
2254
2255
2262
2265
2271
2272
2273
2275
2278
2279
2283
2289
2291
2294
2298
2310
2311
2312
2316
2327
2342
2350
2355
2359
2362
2364
2365
2369
2374
2382
2385
2386
2389
2390
2391
2392
2393
2406
2414
2418
2419
2427
2429
2431
2432
2434
2435
2436
2442
2444
2446
2447
2450
2451
2455
2460
2468
2471
2475
2480
2481
2482
2485
2487
2490
2494
2504
2511
2519
2522
2523
2526
2527
2528
2530
2531
2534
2536
2545
2547
2551
2552
2557
2568
2569
2570
2582
2583
2587
2589
2591
2596
2597
2601
2602
2603
2606
2607
2608
2609
2611
2620
2621
2625
2626
2627
2629
2632
2636
2637
2641
2643
2646
2648
2653
2654
2655
2656
2659
2662
2666
2668
2672
2675
2678
2679
2683
2685
2688
2689
2690
2691
2692
2693
2695
2696
2699
2703
2705
2706
2707
2708
2713
2716
2717
2719
2732
2733
2735
2736
2743
2746
2748
2754
2756
2760
2762
2764
2765
2768
2774
2789
2790
2792
2794
2798
2801
2803
2804
2813
2819
2825
2845
2851
2860
2863
2864
2866
2870
2889
2890
2891
2895
2896
2901
2902
2903
2904
2912
2914
2916
2918
2919
2923
2925
2926
2928
2929
2932
2933
2934
2935
2936
2937
2938
2943
2947
2948
2949
2951
2952
2953
2957
2958
2959
2962
2963
2964
2965
2966
2967
2968
2969
2970
2972
2973
2974
2976
2978
2980
2981
2982
2983
2984
2985
2989
2990
2994
2998
3001
3002
3003
3004
3005
3006
3009
3011
3013
3018
3019
3020
3021
3022
3023
3024
3025
3026
3027
3034
3035
3036
3041
3042
3048
3052
3053
3054
3055
3056
3058
3059
3060
3061
3064
3065
3070
3071
3073
3075
3078
3079
3081
3086
3087
3088
3092
3093
3102
3125
3127
3132
3136
3151
3157
3161
3165
3166
3169
3180
3181
3183
3184
3204
3209
3211
3213
3216
3220
3222
3224
3227
3228
3229
3230
3231
3232
3235
3237
3238
3239
3240
3241
3245
3247
3248
3249
3256
3263
3267
3270
3271
3272
3282
3284
3288
3289
3295
3305
3306
3307
3310
3311
3318
3319
3320
3321
3327
3328
3329
3332
3334
3335
3338
3341
3344
3345
3356
3360
3367
3368
3369
3371
3372
3375
3383
3385
3386
3391
3396
3402
3404
3409
3410
3418
3419
3422
3430
3433
3434
3436
3437
3438
3445
3447
3448
3449
3450
3454
3456
3460
3464
3470
3471
3482
3483
3484
3485
3486
3487
3490
3492
3493
3494
3496
3497
3505
3509
3511
3513
3514
3516
3517
3518
3520
3527
3537
3539
3548
3549
3551
3553
3560
3563
3565
3568
3570
3572
3576
3577
3578
3579
3583
3590
3592
3593
3597
3599
3600
3602
3603
3604
3605
3606
3607
3608
3609
3612
3615
3622
3623
3624
3628
3630
3632
3633
3634
3636
3637
3641
3645
3647
3648
3649
3650
3651
3652
3653
3655
3658
3659
3663
3666
3670
3671
3673
3677
3678
3679
3682
3683
3691
3693
3695
3701
3703
3708
3709
3711
3712
3719
3720
3721
3727
3728
3730
3735
3736
3737
3739
3740
3743
3749
3751
3753
3756
3759
3760
3763
3765
3767
3768
3770
3772
3774
3775
3776
3778
3782
3784
3788
3790
3804
3807
3812
3817
3820
3821
3822
3825
3826
3831
3832
3833
3834
3835
3838
3840
3843
3846
3847
3867
3894
3898
3899
3911
3919
3920
3924
3934
3936
3946
3947
3949
3951
3952
3953
3956
3957
3959
3960
3964
3966
3969
3970
3974
3975
3977
3982
3983
3985
3987
3989
3990
3992
3993
3995
3996
3998
4003
4004
4005
4007
4008
4011
4013
4014
4016
4017
4019
4022
4023
4024
4029
4032
4033
4035
4036
4037
4041
4044
4045
4046
4050
4053
4054
4056
4059
4060
4061
4062
4065
4066
4075
4077
4079
4081
4082
4083
4084
4085
4086
4088
4089
4091
4092
4094
4096
4098
4099
4101
4104
4107
4111
4112
4113
4118
4121
4127
4131
4132
4138
4142
4144
4147
4148
4151
4152
4157
4158
4166
4175
4193
4216
4243
4245
4254
4255
4258
4263
4271
4284
4288
4289
4290
4298
4299
4300
4303
4304
4305
4306
4308
4315
4323
4329
4331
4333
4335
4337
4338
4342
4346
4347
4352
4354
4360
4368
4371
4379
4384
4385
4386
4387
4398
4413
4429
4434
4435
4436
4437
4442
4443
4444
4445
4446
4447
4449
4457
4463
4467
4470
4479
4484
4486
4488
4490
4492
4495
4496
4499
4502
4504
4506
4508
4515
4516
4523
4525
4526
4527
4529
4537
4538
4540
4541
4542
4550
4556
4567
4574
4575
4576
4581
4582
4583
4584
4588
4589
4593
4595
4597
4598
4599
4601
4602
4603
4604
4606
4607
4622
4623
4626
4628
4633
4634
4637
4641
4645
4646
4647
4649
4650
4651
4662
4663
4664
4666
4667
4668
4672
4674
4675
4679
4688
4691
4712
4716
4718
4724
4728
4730
4731
4733
4743
4747
4749
4752
4755
4759
4761
4763
4764
4765
4767
4777
4778
4783
4786
4791
4793
4802
4803
4805
4806
4807
4808
4811
4813
4814
4818
4820
4823
4824
4826
4827
4828
4829
4832
4837
4839
4845
4849
4850
4852
4854
4855
4856
4857
4859
4864
4866
4874
4878
4880
4881
4882
4884
4889
4890
4894
4895
4896
4897
4901
4902
4905
4906
4907
4908
4913
4914
4916
4918
4921
4923
4927
4929
4930
4931
4932
4934
4939
4940
4941
4943
4946
4947
4951
4953
4957
4958
4960
4967
4968
4970
4971
4975
4977
4981
4983
4986
4991
4993
4998
5000
5001
5002
5005
5007
5008
5010
5012
5013
5014
5018
5022
5023
5025
5026
5027
5028
5030
5031
5033
5036
5037
5038
5039
5040
5042
5045
5048
5058
5060
5063
5070
5073
5079
5084
5088
5101
5102
5109
5113
5125
5126
5128
5136
5140
5142
5143
5144
5146
5152
5156
5164
5173
5187
5188
5190
5193
5205
5212
5224
5236
5248
5250
5253
5272
5279
5287
5322
5323
5328
5331
5332
5335
5339
5340
5341
5342
5344
5346
5347
5349
5357
5359
5362
5367
5371
5373
5374
5378
5379
5385
5387
5388
5393
5396
5397
5399
5401
5402
5403
5404
5405
5406
5409
5410
5415
5418
5421
5422
5423
5424
5431
5432
5440
5443
5444
5445
5449
5450
5453
5458
5461
5466
5468
5471
5472
5474
5475
5480
5481
5482
5487
5488
5489
5490
5491
5492
5494
5497
5499
5501
5502
5504
5506
5508
5509
5514
5516
5517
5518
5519
5521
5523
5525
5526
5530
5531
5532
5534
5535
5536
5538
5540
5541
5542
5548
5549
5551
5554
5557
5558
5559
5560
5561
5565
5569
5570
5572
5575
5578
5579
5580
5581
5582
5588
5591
5592
5593
5594
5598
5599
5602
5603
5605
5606
5607
5609
5612
5615
5619
5620
5623
5625
5626
5627
5632
5633
5634
5636
5639
5640
5642
5644
5650
5651
5653
5655
5658
5663
5672
5683
5689
5691
5694
5697
5698
5710
5717
5722
5723
5725
5726
5728
5732
5733
5735
5738
5739
5741
5745
5750
5751
5756
5757
5759
5760
5761
5762
5768
5770
5772
5779
5781
5785
5786
5789
5790
5791
5792
5793
5794
5800
5802
5804
5805
5815
5816
5818
5819
5821
5823
5825
5840
5856
5868
5879
5882
5884
5886
5887
5888
5889
5892
5894
5895
5901
5904
5908
5909
5910
5913
5921
5926
5928
5934
5937
5940
5945
5946
5949
5950
5951
5952
5954
5955
5958
5967
5968
5969
5970
5973
5979
5982
5984
5986
5987
5989
5990
5996
5997
5999
6001
6007
6013
6016
6017
6019
6020
6024
6026
6027
6030
6034
6035
6041
6043
6045
6046
6047
6049
6050
6051
6052
6054
6055
6056
6057
6061
6065
6066
6067
6068
6070
6074
6077
6079
6086
6091
6099
6112
6114
6115
6116
6121
6122
6126
6127
6129
6137
6138
6140
6148
6151
6152
6158
6159
6161
6162
6163
6164
6166
6170
6173
6177
6178
6181
6184
6190
6191
6194
6198
6208
6212
6222
6223
6224
6231
6241
6242
6243
6246
6251
6259
6265
6268
6274
6282
6283
6286
6289
6290
6292
6293
6294
6295
6296
6303
6306
6311
6314
6315
6316
6325
6326
6329
6330
6331
6334
6335
6336
6338
6341
6345
6346
6347
6348
6349
6350
6351
6356
6359
6361
6367
6369
6372
6378
6381
6382
6383
6385
6386
6387
6389
6390
6394
6399
6400
6403
6404
6410
6412
6415
6416
6417
6418
6419
6423
6426
6429
6431
6433
6434
6436
6437
6442
6448
6449
6450
6452
6454
6458
6459
6460
6461
6462
6463
6468
6473
6474
6476
6477
6478
6483
6484
6486
6487
6490
6491
6493
6494
6496
6497
6500
6533
6534
6535
6537
6539
6541
6544
6545
6546
6547
6550
6552
6554
6557
6558
6559
6561
6567
6568
6571
6575
6577
6580
6582
6588
6589
6591
6593
6598
6600
6609
6612
6614
6615
6616
6618
6619
6623
6626
6628
6633
6634
6635
6636
6638
6639
6640
6641
6642
6644
6646
6648
6652
6655
6656
6658
6659
6663
6665
6676
6680
6682
6685
6688
6690
6691
6695
6696
6697
6701
6702
6703
6705
6709
6712
6713
6716
6718
6724
6728
6731
6739
6740
6745
6747
6748
6750
6752
6753
6757
6760
6764
6766
6769
6771
6772
6774
6778
6779
6784
6788
6790
6792
6793
6795
6796
6799
6800
6802
6803
6804
6805
6807
6808
6810
6812
6813
6817
6840
6888
6889
6890
6891
6905
6914
6926
6927
6934
6935
6936
6940
6943
6945
6952
6954
6956
6962
6963
6968
6971
6974
6976
6977
6983
6984
6987
6992
6993
6994
6996
6999
7002
7003
7004
7008
7009
7010
7013
7026
7027
7031
7034
7036
7038
7039
7040
7041
7052
7053
7055
7060
7064
7065
7066
7069
7070
7071
7076
7078
7079
7082
7086
7088
7089
7095
7096
7097
7101
7103
7105
7106
7109
7110
7112
7115
7119
7121
7122
7123
7127
7128
7130
7133
7135
7136
7138
7141
7145
7147
7149
7153
7155
7157
7158
7160
7161
7162
7165
7168
7171
7177
7179
7182
7183
7184
7186
7189
7192
7193
7195
7198
7207
7211
7215
7217
7221
7226
7227
7247
7262
7270
7272
7278
7283
7284
7285
7289
7300
7306
7311
7317
7320
7324
7327
7331
7332
7334
7336
7337
7344
7345
7347
7348
7349
7353
7354
7355
7356
7359
7360
7362
7363
7366
7367
7369
7370
7371
7373
7377
7378
7381
7382
7384
7386
7387
7388
7390
7393
7397
7398
7401
7403
7405
7406
7410
7411
7418
7419
7420
7423
7425
7459
7463
7467
7471
7474
7478
7491
7493
7494
7495
7499
7510
7512
7513
7519
7520
7522
7527
7529
7531
7533
7536
7540
7543
7544
7546
7547
7550
7551
7552
7554
7555
7557
7559
7560
7561
7563
7564
7568
7569
7570
7571
7575
7576
7586
7589
7591
7607
7608
7609
7610
7611
7613
7614
7616
7617
7630
7632
7635
7637
7644
7646
7653
7657
7658
7661
7662
7663
7664
7665
7667
7672
7673
7674
7675
7676
7679
7684
7691
7692
7694
7695
7700
7712
7713
7717
7721
7722
7724
7725
7730
7735
7736
7737
7745
7750
7760
7762
7765
7768
7771
7772
7773
7779
7791
7792
7798
7801
7802
7812
7817
7818
7823
7825
7827
7829
7833
7844
7847
7849
7851
7854
7857
7859
7860
7862
7863
7864
7868
7869
7870
7872
7873
7874
7876
7880
7883
7884
7886
7887
7891
7894
7895
7896
7897
7900
7901
7907
7909
7914
7915
7916
7918
7921
7935
7936
7939
7940
7942
7945
7949
7950
7951
7952
7953
7954
7955
7956
7958
7959
7960
7963
7970
7971
7973
7983
7988
7989
7990
7995
7997
7999
8003
8005
8013
8014
8015
8018
8024
8025
8026
8027
8028
8030
8035
8036
8038
8039
8040
8041
8042
8043
8045
8046
8047
8048
8049
8051
8057
8058
8059
8060
8061
8067
8069
8071
8072
8074
8075
8077
8078
8079
8080
8082
8088
8089
8091
8092
8096
8097
8098
8100
8103
8104
8105
8106
8109
8111
8113
8114
8116
8122
8125
8127
8128
8130
8131
8133
8134
8136
8138
8141
8148
8149
8151
8152
8156
8158
8161
8162
8164
8165
8168
8169
8171
8173
8176
8178
8181
8182
8183
8187
8188
8196
8197
8199
8201
8203
8204
8205
8206
8207
8208
8210
8211
8212
8213
8218
8221
8224
8226
8227
8229
8242
8246
8257
8283
8306
8307
8312
8322
8334
8336
8340
8357
8377
8378
8381
8383
8384
8387
8388
8392
8395
8396
8398
8402
8404
8407
8408
8411
8412
8416
8417
8418
8422
8426
8427
8428
8430
8432
8433
8434
8436
8447
8448
8449
8450
8453
8455
8457
8458
8463
8467
8470
8472
8474
8479
8480
8482
8484
8487
8493
8503
8505
8508
8509
8514
8515
8516
8518
8520
8521
8522
8525
8526
8528
8529
8532
8533
8536
8539
8542
8543
8547
8549
8552
8555
8556
8560
8563
8571
8573
8574
8581
8582
8585
8589
8590
8592
8595
8596
8597
8598
8599
8600
8601
8603
8604
8605
8606
8613
8615
8620
8621
8622
8624
8625
8627
8628
8629
8631
8633
8634
8635
8637
8639
8641
8644
8646
8647
8650
8651
8655
8656
8658
8661
8663
8664
8665
8666
8669
8670
8671
8672
8676
8680
8686
8689
8697
8698
8699
8702
8703
8706
8709
8713
8715
8717
8718
8720
8721
8722
8723
8724
8725
8726
8727
8730
8732
8733
8735
8736
8737
8738
8754
8760
8767
8779
8791
8793
8799
8803
8805
8806
8808
8809
8812
8813
8815
8816
8817
8818
8824
8828
8830
8834
8835
8837
8838
8840
8851
8852
8855
8856
8860
8861
8863
8866
8867
8868
8869
8870
8871
8875
8878
8881
8893
8894
8897
8905
8907
8911
8912
8913
8914
8916
8918
8920
8923
8924
8925
8928
8931
8932
8940
8943
8944
8945
8955
8957
8960
8968
8996
8997
8999
9000
9003
9005
9009
9014
9017
9019
9026
9029
9032
9033
9037
9039
9041
9043
9045
9050
9051
9052
9056
9058
9060
9061
9072
9073
9074
9075
9078
9087
9088
9089
9094
9096
9098
9099
9102
9103
9111
9115
9118
9119
9121
9124
9141
9143
9144
9146
9147
9149
9151
9152
9157
9158
9160
9161
9163
9164
9166
9168
9172
9176
9188
9191
9192
9200
9202
9218
9219
9224
9227
9228
9229
9230
9231
9235
9241
9243
9246
9247
9248
9249
9250
9256
9259
9262
9274
9276
9277
9279
9291
9296
9298
9300
9301
9302
9303
9306
9325
9326
9329
9332
9337
9339
9342
9344
9348
9349
9350
9353
9355
9357
9359
9364
9365
9366
9368
9371
9372
9375
9376
9378
9381
9382
9383
9385
9387
9388
9395
9397
9398
9399
9403
9404
9405
9407
9410
9413
9414
9415
9427
9429
9431
9433
9437
9440
9455
9458
9459
9462
9463
9465
9478
9479
9480
9486
9489
9493
9497
9498
9504
9507
9510
9513
9518
9519
9521
9523
9524
9526
9529
9532
9533
9534
9536
9542
9543
9545
9547
9548
9549
9550
9552
9553
9556
9558
9561
9562
9568
9569
9572
9575
9578
9580
9585
9586
9588
9589
9591
9595
9598
9599
9602
9604
9608
9612
9621
9622
9623
9626
9627
9629
9632
9635
9637
9640
9641
9643
9644
9647
9648
9649
9653
9656
9658
9659
9660
9664
9671
9672
9673
9676
9677
9681
9683
9685
9686
9687
9689
9692
9693
9695
9697
9698
9699
9700
9702
9706
9707
9708
9709
9713
9714
9715
9717
9718
9719
9722
9723
9725
9727
9731
9732
9735
9736
9737
9745
9746
9748
9750
9754
9757
9760
9761
9767
9769
9771
9774
9777
9780
9782
9784
9785
9786
9787
9790
9792
9793
9796
9798
9799
9800
9801
9802
9808
9810
9813
9814
9816
9817
9819
9822
9823
9824
9827
9829
9830
9831
9835
9836
9837
9839
9840
9844
9846
9848
9849
9865
9866
9867
9868
9871
9875
9879
9887
9890
9892
9895
9897
9906
9908
9917
9918
9919
9923
9924
9927
9929
9930
9933
9942
9943
9946
9948
9950
9954
9955
9957
9958
9959
9960
9962
9963
9964
9965
9966
9967
9968
9970
9971
9982
9989
10009
10018
10021
10023
10042
10052
10058
10067
10068
10069
10070
10071
10073
10076
10077
10079
10080
10081
10083
10087
10089
10090
10091
10093
10094
10095
10097
10098
10099
10100
10104
10105
10106
10107
10112
10113
10114
10120
10121
10123
10124
10125
10126
10129
10130
10133
10136
10137
10138
10139
10140
10142
10146
10147
10150
10152
10162
10175
10179
10180
10181
10183
10186
10191
10192
10193
10195
10196
10203
10211
10213
10217
10218
10220
10225
10231
10234
10238
10239
10246
10247
10249
10250
10251
10253
10254
10255
10262
10264
10267
10269
10270
10272
10273
10274
10277
10278
10282
10283
10284
10287
10288
10293
10294
10295
10297
10299
10300
10304
10311
10316
10319
10320
10322
10323
10327
10328
10329
10330
10331
10334
10337
10339
10340
10341
10342
10343
10352
10353
10360
10363
10364
10366
10369
10375
10381
10383
10387
10388
10392
10394
10395
10398
10405
10409
10410
10413
10414
10416
10417
10419
10420
10421
10423
10424
10425
10428
10430
10436
10437
10438
10439
10441
10444
10445
10446
10449
10450
10451
10454
10462
10466
10474
10495
10498
10499
10501
10502
10503
10511
10512
10513
10514
10515
10516
10519
10522
10523
10527
10529
10530
10531
10532
10537
10538
10545
10547
10549
10550
10551
10553
10556
10559
10560
10561
10563
10564
10565
10566
10568
10572
10573
10574
10576
10577
10581
10582
10583
10586
10590
10591
10593
10594
10595
10596
10597
10598
10600
10602
10603
10609
10611
10612
10613
10614
10615
10617
10619
10621
10631
10633
10634
10636
10637
10638
10643
10648
10654
10692
10704
10705
10706
10708
10709
10711
10712
10715
10716
10718
10719
10721
10728
10736
10738
10741
10743
10744
10745
10752
10753
10754
10755
10760
10761
10763
10767
10771
10778
10790
10804
10806
10808
10810
10811
10812
10815
10820
10822
10834
10844
10846
10852
10854
10855
10859
10861
10863
10868
10870
10871
10872
10875
10876
10877
10878
10879
10880
10887
10888
10897
10905
10910
10913
10916
10917
10920
10922
10930
10933
10936
10937
10940
10944
10946
10947
10949
10951
10952
10953
10955
10973
10974
10981
10982
10984
10990
11003
11005
11006
11008
11014
11016
11017
11019
11020
11021
11023
11024
11027
11028
11030
11035
11037
11040
11044
11048
11058
11059
11063
11065
11069
11073
11074
11078
11084
11085
11086
11091
11092
11094
11097
11102
11109
11110
11111
11112
11113
11118
11121
11124
11125
11130
11134
11140
11143
11146
11149
11150
11153
11155
11157
11160
11167
11169
11171
11178
11179
11180
11187
11189
11192
11195
11196
11199
11205
11211
11213
11214
11218
11219
11222
11225
11226
11232
11239
11242
11243
11244
11245
11247
11248
11249
11251
11258
11261
11263
11265
11266
11271
11275
11278
11279
11286
11290
11302
11305
11306
11314
11316
11317
11321
11322
11323
11324
11325
11326
11327
11328
11330
11331
11336
11339
11342
11344
11345
11346
11347
11349
11350
11351
11353
11354
11355
11356
11360
11363
11364
11366
11370
11372
11374
11375
11376
11377
11378
11379
11380
11382
11384
11389
11392
11396
11398
11400
11402
11404
11407
11409
11411
11415
11416
11420
11421
11425
11431
11432
11434
11441
11443
11446
11447
11449
11456
11458
11461
11464
11468
11470
11472
11473
11476
11479
11481
11488
11490
11494
11497
11500
11501
11503
11504
11510
11511
11512
11515
11516
11517
11519
11520
11521
11523
11529
11530
11532
11534
11538
11540
11541
11542
11544
11549
11550
11551
11556
11559
11560
11561
11562
11565
11567
11569
11572
11579
11580
11583
11585
11586
11594
11599
11605
11608
11609
11611
11615
11617
11623
11629
11630
11646
11647
11650
11652
11654
11655
11657
11664
11665
11666
11669
11673
11678
11679
11680
11682
11683
11685
11686
11691
11696
11704
11709
11717
11720
11725
11729
11730
11731
11735
11736
11738
11744
11745
11758
11760
11762
11766
11767
11768
11769
11770
11773
11776
11777
11778
11779
11780
11793
11794
11804
11812
11813
11816
11819
11821
11822
11830
11833
11834
11835
11836
11841
11845
11847
11852
11853
11854
11855
11857
11858
11861
11888
11907
11908
11912
11913
11922
11939
11950
11953
11960
11964
11965
11973
11978
11982
11986
11987
11988
11991
11994
11996
12000
12002
12004
12006
12009
12010
12011
12020
12023
12026
12028
12030
12032
12033
12036
12040
12041
12042
12046
12049
12050
12051
12052
12054
12055
12057
12060
12064
12065
12068
12079
12080
12081
12083
12085
12086
12088
12089
12090
12091
12092
12096
12097
12101
12102
12106
12107
12110
12116
12121
12122
12125
12128
12129
12130
12131
12134
12137
12139
12140
12143
12146
12149
12150
12153
12155
12158
12160
12161
12167
12169
12171
12172
12173
12175
12176
12177
12178
12181
12183
12185
12191
12192
12193
12194
12195
12197
12198
12203
12204
12213
12217
12218
12221
12222
12224
12225
12227
12228
12236
12237
12238
12241
12242
12244
12247
12248
12249
12250
12251
12252
12255
12257
12262
12264
12268
12272
12274
12276
12277
12282
12284
12285
12287
12288
12291
12292
12297
12299
12301
12303
12304
12306
12310
12321
12324
12326
12327
12328
12334
12335
12336
12339
12342
12343
12344
12345
12346
12347
12352
12358
12359
12365
12368
12369
12370
12374
12375
12377
12378
12379
12381
12383
12384
12387
12388
12389
12393
12394
12400
12403
12405
12407
12408
12409
12410
12412
12413
12415
12421
12422
12431
12442
12443
12445
12447
12449
12450
12451
12452
12454
12456
12457
12460
12461
12462
12464
12465
12472
12473
12475
12477
12478
12479
12481
12482
12483
12488
12491
12495
12497
12501
12502
12506
12507
12510
12511
12512
12518
12519
12520
12526
12527
12528
12530
12535
12536
12537
12538
12539
12544
12545
12546
12547
12548
12549
12551
12554
12556
12558
12559
12562
12568
12570
12572
12574
12575
12576
12577
12578
12580
12582
12589
12590
12592
12593
12594
12595
12601
12607
12608
12610
12611
12612
12615
12620
12622
12625
12626
12630
12635
12636
12640
12641
12663
12684
12686
12688
12693
12694
12696
12697
12700
12701
12702
12703
12708
12709
12714
12715
12716
12720
12722
12725
12726
12728
12729
12730
12731
12733
12734
12737
12738
12744
12745
12749
12752
12755
12760
12761
12762
12763
12764
12766
12769
12776
12777
12778
12781
12783
12784
12789
12794
12795
12796
12801
12804
12805
12810
12812
12813
12814
12815
12816
12817
12822
12827
12837
12839
12845
12848
12852
12861
12865
12868
12870
12871
12872
12874
12875
12876
12878
12879
12880
12885
12887
12890
12894
12895
12896
12897
12902
12907
12910
12912
12920
12924
12927
12928
12932
12936
12939
12944
12945
12947
12949
12952
12954
12955
12956
12957
12958
12962
12966
12967
12968
12969
12970
12972
12973
12975
12981
12993
12995
12998
12999
13000
13006
13013
13016
13017
13019
13020
13021
13039
13040
13043
13044
13049
13059
13060
13063
13066
13067
13068
13081
13083
13088
13090
13092
13097
13098
13099
13100
13101
13105
13112
13121
13122
13123
13124
13130
13133
13134
13137
13138
13139
13141
13149
13153
13155
13160
13166
13167
13169
13174
13177
13178
13180
13183
13185
13189
13190
13195
13196
13198
13201
13210
13211
13213
13215
13217
13220
13223
13225
13227
13228
13232
13233
13240
13245
13248
13249
13251
13253
13254
13256
13257
13259
13261
13264
13269
13270
13271
13273
13275
13276
13279
13280
13283
13284
13287
13293
13295
13300
13302
13303
13306
13309
13310
13311
13315
13323
13325
13328
13329
13334
13335
13336
13339
13343
13344
13345
13346
13353
13354
13358
13360
13362
13365
13366
13373
13374
13375
13380
13382
13384
13392
13393
13395
13396
13402
13405
13408
13413
13415
13416
13417
13418
13419
13420
13423
13424
13425
13433
13435
13438
13439
13441
13444
13445
13446
13447
13450
13451
13455
13457
13459
13460
13461
13462
13463
13464
13465
13466
13468
13469
13471
13472
13475
13476
13479
13481
13483
13486
13490
13493
13494
13498
13499
13504
13506
13511
13512
13514
13515
13517
13519
13520
13523
13525
13526
13528
13531
13532
13535
13538
13539
13546
13548
13553
13554
13558
13560
13564
13565
13568
13570
13571
13572
13573
13574
13577
13580
13582
13584
13585
13588
13589
13590
13591
13593
13600
13601
13606
13609
13613
13621
13623
13625
13628
13629
13632
13633
13634
13636
13637
13643
13644
13645
13646
13647
13649
13650
13652
13655
13656
13658
13661
13663
13669
13677
13681
13682
13684
13685
13686
13687
13688
13693
13697
13699
13701
13702
13703
13704
13705
13708
13709
13710
13711
13712
13713
13715
13716
13717
13718
13719
13720
13722
13723
13727
13728
13729
13730
13731
13733
13735
13737
13739
13742
13746
13749
13750
13763
13764
13767
13771
13773
13776
13779
13780
13784
13785
13787
13789
13790
13797
13799
13802
13804
13806
13808
13814
13817
13824
13828
13833
13836
13838
13843
13845
13847
13850
13853
13854
13855
13856
13864
13865
13870
13872
13873
13876
13878
13880
13882
13883
13885
13886
13887
13888
13890
13893
13895
13896
13898
13899
13900
13901
13902
13903
13904
13913
13914
13916
13918
13919
13920
13922
13923
13925
13928
13929
13932
13934
13936
13937
13939
13940
13941
13942
13943
13944
13945
13951
13960
13964
13967
13970
13972
13973
13980
13985
13986
13988
13989
13990
13994
13995
13996
13997
13999
14000
14002
14005
14007
14013
14014
14015
14016
14017
14018
14019
14021
14026
14030
14032
14036
14037
14038
14039
14044
14048
14053
14054
14055
14056
14057
14058
14059
14060
14065
14066
14068
14069
14071
14072
14075
14079
14080
14082
14083
14085
14089
14092
14094
14097
14100
14103
14105
14106
14107
14109
14110
14116
14117
14118
14120
14123
14124
14127
14131
14132
14135
14136
14137
14139
14143
14144
14145
14146
14148
14155
14162
14164
14165
14166
14167
14169
14170
14171
14175
14179
14181
14182
14184
14186
14187
14189
14190
14192
14193
14195
14196
14197
14198
14201
14202
14205
14207
14208
14209
14213
14214
14215
14216
14219
14222
14224
14226
14239
14245
14246
14249
14250
14253
14254
14255
14257
14258
14261
14262
14263
14267
14270
14271
14274
14275
14276
14278
14279
14280
14286
14288
14290
14291
14298
14303
14309
14313
14320
14324
14328
14330
14333
14335
14341
14344
14349
14351
14353
14355
14356
14358
14366
14367
14369
14370
14371
14372
14373
14374
14377
14379
14387
14388
14389
14390
14391
14392
14406
14407
14408
14412
14414
14417
14420
14421
14422
14424
14425
14430
14438
14441
14442
14446
14448
14449
14450
14456
14457
14458
14461
14468
14469
14470
14471
14474
14478
14479
14480
14486
14488
14490
14491
14494
14497
14501
14510
14511
14514
14522
14530
14539
14554
14569
14580
14582
14586
14588
14589
14590
14591
14592
14595
14596
14600
14603
14604
14606
14612
14613
14614
14616
14617
14618
14619
14620
14621
14623
14626
14629
14639
14647
14648
14653
14654
14655
14656
14657
14658
14659
14661
14666
14671
14672
14678
14679
14680
14681
14682
14683
14684
14686
14687
14688
14690
14699
14701
14707
14708
14710
14715
14716
14717
14718
14720
14722
14723
14725
14726
14727
14731
14732
14733
14739
14740
14744
14747
14749
14752
14755
14759
14760
14765
14766
14767
14770
14771
14777
14790
14793
14798
14803
14805
14812
14814
14817
14822
14828
14836
14838
14839
14848
14849
14852
14854
14857
14858
14861
14862
14867
14869
14881
14892
14893
14897
14898
14899
14901
14906
14911
14912
14915
14921
14925
14926
14927
14930
14931
14932
14933
14934
14937
14939
14941
14944
14945
14946
14949
14950
14957
14958
14960
14961
14962
14964
14969
14970
14971
14972
14977
14980
14981
14982
14984
14987
14989
14990
14995
15011
15018
15024
15026
15028
15030
15041
15042
15046
15049
15053
15056
15057
15058
15060
15061
15063
15064
15068
15073
15075
15077
15079
15080
15082
15083
15088
15089
15097
15098
15099
15100
15101
15106
15107
15109
15111
15112
15114
15118
15122
15125
15128
15131
15133
15135
15136
15137
15138
15139
15141
15142
15144
15146
15153
15155
15156
15165
15166
15168
15169
15170
15171
15172
15174
15180
15183
15184
15185
15189
15192
15194
15196
15197
15198
15200
15205
15217
15219
15221
15222
15224
15232
15235
15239
15243
15244
15245
15252
15256
15257
15261
15265
15273
15274
15278
15280
15282
15284
15289
15296
15298
15299
15300
15302
15304
15305
15308
15310
15311
15313
15314
15316
15317
15319
15323
15326
15327
15334
15337
15339
15341
15349
15351
15352
15353
15354
15357
15360
15361
15364
15367
15372
15373
15379
15380
15381
15382
15383
15389
15392
15393
15398
15404
15405
15406
15408
15410
15411
15412
15413
15416
15417
15421
15424
15425
15429
15430
15434
15437
15439
15442
15443
15446
15447
15448
15451
15452
15453
15454
15455
15457
15458
15460
15461
15462
15464
15465
15469
15476
15477
15478
15480
15481
15484
15485
15489
15493
15494
15495
15499
15501
15506
15507
15509
15510
15511
15512
15514
15518
15519
15521
15522
15523
15525
15526
15527
15528
15532
15535
15536
15538
15541
15543
15544
15545
15546
15547
15549
15550
15555
15556
15558
15561
15562
15563
15564
15565
15566
15567
15568
15569
15570
15573
15575
15583
15586
15590
15594
15595
15597
15600
15601
15602
15603
15604
15605
15609
15611
15614
15615
15618
15622
15623
15626
15627
15630
15631
15634
15635
15640
15641
15642
15646
15650
15653
15656
15658
15660
15665
15667
15670
15671
15673
15676
15677
15679
15680
15681
15683
15689
15691
15692
15693
15697
15701
15702
15707
15708
15709
15711
15713
15715
15719
15721
15722
15723
15724
15725
15727
15729
15730
15731
15732
15736
15738
15739
15740
15743
15748
15749
15751
15752
15753
15754
15763
15767
15774
15775
15776
15779
15781
15783
15784
15790
15804
15807
15812
15814
15817
15819
15823
15824
15825
15828
15829
15830
15831
15833
15835
15839
15840
15844
15845
15847
15848
15849
15851
15854
15870
15872
15877
15878
15881
15882
15883
15895
15917
15931
15934
15948
15952
15953
15954
15956
15958
15963
15966
15967
15968
15970
15972
15973
15974
15976
15981
15982
15983
15985
15986
15988
15989
15990
15994
15995
15997
16000
16001
16004
16005
16010
16013
16015
16018
16020
16021
16022
16024
16026
16027
16031
16036
16037
16038
16041
16042
16043
16054
16061
16076
16077
16078
16080
16083
16087
16089
16096
16101
16103
16111
16112
16119
16120
16122
16123
16124
16128
16130
16133
16139
16145
16146
16150
16158
16159
16164
16170
16172
16173
16174
16180
16184
16185
16187
16192
16197
16199
16202
16203
16204
16209
16210
16213
16214
16217
16222
16225
16226
16227
16231
16234
16235
16238
16241
16244
16246
16247
16248
16252
16256
16258
16261
16266
16268
16269
16270
16271
16273
16274
16277
16278
16280
16284
16285
16288
16289
16291
16292
16293
16294
16295
16299
16300
16306
16307
16308
16309
16310
16311
16314
16317
16319
16320
16323
16327
16330
16331
16338
16340
16342
16343
16349
16350
16351
16355
16356
16360
16361
16362
16363
16366
16372
16373
16375
16376
16379
16381
16383
16386
16388
16390
16392
16393
16395
16397
16399
16412
16414
16426
16430
16437
16439
16440
16441
16445
16447
16452
16453
16454
16457
16462
16469
16470
16473
16475
16476
16478
16479
16482
16484
16495
16498
16499
16500
16503
16504
16505
16507
16509
16510
16511
16517
16520
16521
16522
16525
16526
16528
16533
16534
16539
16542
16543
16545
16550
16555
16556
16560
16564
16566
16573
16577
16578
16579
16580
16581
16582
16586
16590
16591
16606
16607
16610
16612
16614
16615
16616
16617
16618
16620
16621
16623
16639
16643
16654
16668
16678
16694
16695
16696
16697
16699
16701
16704
16706
16708
16709
16710
16711
16712
16716
16720
16721
16722
16723
16731
16733
16736
16746
16747
16758
16760
16761
16764
16772
16777
16778
16780
16781
16782
16785
16793
16794
16798
16800
16804
16806
16808
16809
16821
16825
16826
16830
16831
16835
16837
16838
16840
16841
16842
16844
16851
16853
16855
16856
16859
16863
16867
16869
16870
16872
16884
16893
16900
16902
16919
16949
16951
16953
16954
16958
16964
16966
16970
16972
16974
16976
16978
17002
17007
17008
17009
17011
17019
17021
17025
17027
17028
17029
17030
17032
17036
17040
17042
17043
17044
17046
17048
17050
17051
17053
17054
17055
17057
17058
17059
17060
17064
17065
17074
17079
17081
17082
17084
17087
17090
17096
17098
17101
17104
17108
17122
17126
17127
17130
17137
17143
17164
17165
17166
17167
17168
17170
17176
17177
17178
17179
17181
17182
17185
17196
17204
17208
17210
17213
17217
17219
17221
17223
17226
17227
17228
17230
17232
17233
17234
17237
17245
17246
17247
17248
17249
17250
17251
17254
17255
17256
17258
17259
17260
17261
17271
17276
17278
17282
17283
17286
17287
17288
17294
17297
17301
17307
17310
17312
17321
17327
17329
17331
17332
17334
17335
17339
17347
17349
17353
17355
17356
17357
17359
17360
17364
17365
17366
17368
17374
17375
17377
17378
17381
17383
17385
17387
17389
17390
17395
17397
17404
17406
17408
17409
17410
17412
17413
17415
17416
17418
17419
17420
17423
17424
17427
17429
17430
17432
17437
17439
17449
17451
17455
17461
17463
17464
17465
17468
17469
17473
17474
17476
17477
17478
17479
17480
17481
17482
17485
17488
17489
17490
17492
17495
17496
17504
17506
17507
17508
17512
17518
17519
17520
17524
17525
17527
17530
17532
17541
17544
17545
17547
17549
17551
17552
17554
17556
17560
17561
17567
17570
17571
17572
17573
17574
17576
17577
17581
17584
17592
17594
17602
17603
17605
17610
17612
17614
17619
17620
17622
17624
17629
17633
17645
17646
17648
17653
17654
17655
17657
17658
17659
17660
17663
17664
17665
17670
17672
17673
17678
17679
17683
17684
17689
17694
17695
17696
17698
17699
17700
17701
17704
17705
17709
17711
17712
17714
17715
17717
17718
17722
17724
17725
17726
17727
17728
17729
17730
17731
17734
17736
17739
17742
17743
17745
17750
17752
17757
17764
17765
17767
17768
17772
17777
17789
17791
17792
17793
17794
17796
17798
17799
17801
17802
17803
17810
17812
17816
17817
17818
17819
17823
17825
17827
17828
17829
17832
17837
17843
17844
17851
17852
17855
17872
17883
17884
17899
17904
17909
17910
17913
17920
17921
17924
17927
17932
17935
17939
17940
17941
17943
17944
17946
17947
17951
17954
17956
17958
17960
17961
17964
17965
17966
17970
17971
17972
17973
17976
17978
17980
17981
17983
17984
17985
17988
17990
17994
17995
18003
18004
18007
18014
18015
18016
18036
18042
18043
18050
18052
18054
18061
18062
18065
18070
18081
18083
18088
18096
18097
18099
18100
18103
18105
18108
18109
18113
18114
18118
18121
18122
18123
18126
18127
18129
18134
18135
18136
18137
18138
18139
18141
18143
18145
18146
18148
18149
18150
18151
18162
18167
18170
18171
18173
18174
18175
18177
18180
18182
18185
18186
18189
18190
18198
18200
18201
18204
18205
18210
18211
18213
18214
18215
18216
18220
18223
18224
18230
18231
18233
18234
18235
18237
18243
18244
18245
18247
18252
18253
18256
18262
18268
18277
18280
18282
18283
18291
18293
18296
18298
18300
18301
18304
18307
18313
18316
18317
18321
18322
18324
18328
18331
18332
18334
18339
18344
18345
18351
18359
18362
18368
18370
18373
18375
18381
18382
18388
18390
18391
18393
18395
18400
18402
18403
18405
18408
18410
18414
18417
18423
18424
18426
18433
18434
18435
18436
18437
18438
18442
18443
18445
18446
18449
18457
18482
18501
18506
18513
18514
18519
18520
18527
18529
18530
18532
18533
18534
18535
18538
18540
18544
18546
18547
18548
18551
18556
18560
18563
18564
18565
18566
18569
18570
18573
18576
18578
18581
18582
18583
18584
18586
18588
18604
18606
18610
18613
18614
18616
18617
18619
18623
18625
18627
18630
18631
18633
18636
18640
18646
18647
18649
18650
18651
18652
18655
18657
18660
18669
18670
18682
18685
18687
18690
18691
18699
18701
18708
18709
18715
18716
18718
18721
18726
18727
18729
18733
18735
18741
18744
18747
18749
18750
18751
18752
18770
18774
18776
18778
18779
18781
18782
18783
18786
18787
18789
18794
18795
18799
18802
18805
18806
18807
18809
18810
18812
18817
18819
18822
18828
18829
18832
18835
18839
18853
18855
18856
18857
18858
18859
18868
18878
18880
18887
18898
18901
18904
18916
18917
18919
18920
18922
18926
18927
18929
18930
18931
18932
18933
18935
18937
18938
18942
18943
18946
18947
18949
18950
18951
18953
18954
18957
18959
18963
18964
18981
18983
18993
18996
19003
19010
19017
19021
19025
19031
19033
19035
19037
19040
19041
19043
19044
19053
19059
19060
19063
19064
19065
19067
19070
19071
19072
19073
19075
19078
19079
19081
19082
19085
19087
19089
19093
19095
19096
19098
19100
19107
19109
19110
19113
19124
19126
19127
19131
19141
19144
19145
19146
19147
19150
19153
19154
19155
19156
19157
19158
19162
19163
19173
19176
19177
19180
19182
19183
19184
19185
19188
19190
19191
19194
19195
19198
19200
19201
19210
19213
19216
19222
19223
19225
19226
19227
19228
19229
19230
19231
19232
19233
19235
19236
19239
19243
19246
19249
19253
19254
19256
19257
19262
19267
19271
19273
19274
19275
19276
19278
19280
19281
19282
19284
19286
19289
19290
19291
19292
19293
19297
19300
19302
19303
19306
19307
19310
19312
19313
19318
19319
19321
19324
19325
19327
19328
19329
19330
19332
19336
19338
19340
19342
19347
19357
19358
19363
19364
19369
19370
19371
19372
19373
19374
19376
19377
19378
19379
19383
19389
19397
19399
19401
19402
19403
19417
19423
19474
19479
19481
19484
19489
19490
19491
19494
19504
19505
19506
19511
19512
19513
19517
19518
19521
19522
19523
19524
19527
19531
19535
19542
19544
19545
19548
19551
19553
19554
19561
19569
19570
19576
19577
19581
19582
19584
19585
19586
19588
19591
19595
19604
19606
19607
19617
19620
19622
19624
19625
19629
19630
19631
19633
19634
19636
19639
19640
19643
19645
19646
19647
19650
19652
19653
19657
19671
19677
19684
19687
19690
19694
19696
19697
19699
19706
19719
19720
19721
19726
19728
19730
19731
19732
19737
19738
19741
19744
19745
19749
19753
19754
19755
19759
19760
19768
19772
19773
19774
19775
19777
19784
19785
19789
19790
19791
19794
19797
19798
19799
19801
19805
19807
19808
19811
19813
19818
19819
19820
19822
19823
19825
19826
19827
19828
19829
19832
19834
19835
19838
19839
19843
19846
19848
19852
19855
19860
19861
19862
19864
19869
19871
19872
19878
19881
19887
19888
19899
19905
19907
19911
19915
19924
19950
19951
19959
19961
19963
19964
19965
19966
19968
19972
19974
19979
19990
19992
19996
