16	7505
68	6011
68	354
68	1837
68	1201
82	6254
82	2424
82	6708
82	6238
104	354
140	4929
140	1451
140	7439
140	2429
140	6862
140	4134
234	7156
281	354
348	354
368	3863
368	3694
368	4364
371	4134
371	1085
397	1252
397	584
397	3539
397	2703
414	1839
414	6616
414	3752
414	3764
414	1632
414	1765
414	4192
414	7189
417	5947
437	5683
437	608
437	3694
437	4134
608	6080
608	5683
608	7082
608	7327
743	4627
784	5947
840	82
840	6708
840	2582
840	6238
840	2424
979	4134
979	6248
1007	766
1026	5947
1078	5947
1141	4124
1141	3075
1141	1283
1141	7115
1141	2862
1141	6394
1200	6248
1288	414
1559	1839
1559	414
1559	4818
1632	4192
1632	1839
1632	414
1632	3764
1632	7189
1632	6616
1632	3752
1729	5947
2424	6254
2424	82
2424	6708
2424	6238
2703	397
3308	6013
3432	6013
3665	397
3821	397
5174	397
5408	5147
7505	16
7624	397
