4	4143
4	4673
4	6653
4	4208
4	6623
4	4351
4	3741
19	1244
19	3903
19	204
19	1772
19	2064
19	581
19	6278
19	3151
19	2133
19	3845
19	4143
19	279
19	6587
19	5131
19	686
19	7504
19	3741
19	620
19	6712
19	4181
19	1982
19	315
19	342
19	7565
19	4208
19	6623
19	4351
19	2813
19	5094
19	6006
19	5877
19	5361
19	3924
19	4357
19	4557
22	2757
22	4280
22	995
22	1772
22	6645
22	2240
22	2443
22	5686
22	1079
22	273
22	554
22	4143
22	7504
22	3563
22	557
22	3741
22	1845
22	4426
22	3391
22	6653
22	4673
22	3892
22	794
22	3924
22	1656
22	4975
29	5184
29	7355
29	6290
29	2647
54	6113
54	4618
54	4335
54	1256
54	3431
54	3879
54	4237
54	4399
54	2528
54	2939
54	3361
54	4861
54	932
54	7544
54	3201
54	1237
54	7460
54	2204
54	3412
54	2605
59	6138
59	7141
59	3879
59	2528
59	7460
59	2204
64	355
64	5046
64	2413
64	6144
70	3494
121	6138
121	917
122	1262
122	3879
122	2318
122	5611
126	6138
126	5131
126	4226
126	2710
126	1115
126	4673
130	815
130	2181
142	620
142	5361
142	3845
142	999
142	7080
142	2602
172	2757
172	4673
172	1656
172	5686
177	6138
177	1449
187	1247
204	6138
204	581
204	3741
208	6138
208	6561
208	3879
232	1508
273	2757
273	3376
273	995
273	4280
273	1073
273	2240
273	6052
273	5774
273	5686
273	1079
284	2757
284	6385
284	4280
284	3376
284	1772
284	2240
284	1079
284	5291
350	2710
350	367
367	6268
391	7356
391	4535
391	137
391	3128
391	567
391	2145
458	1073
458	4101
458	5291
729	4221
741	5283
797	1073
797	3238
797	4101
797	3526
944	6173
1003	4924
1323	5235
1401	6350
1638	4221
1841	6480
1841	7141
1897	7228
1897	5130
1897	3848
1928	4384
1928	2339
1928	5132
1928	2215
2145	391
2604	5969
2838	5522
2923	7574
2943	4060
3386	5969
3765	5969
3848	5130
3848	1897
4112	2604
5130	7228
5130	1897
5969	5156
5969	1961
5969	2604
5969	2758
5969	2998
6350	1401
6350	3744
7228	5130
7228	1897
7574	2923
