0	2239
0	3152
0	5372
0	2198
0	1210
0	7395
0	3578
3	4805
3	5070
3	3049
3	552
3	7467
3	2239
3	3152
3	6847
3	1575
3	7582
3	5258
3	5234
3	2170
3	4376
3	5404
3	4670
3	5641
3	1058
3	2198
3	3748
3	260
3	6952
3	7481
3	2370
3	4086
3	3311
5	2198
5	304
5	6449
5	5756
9	5933
9	4882
9	5486
9	564
14	4616
14	1965
14	1880
14	4095
14	85
14	5404
14	4376
14	5641
14	1210
14	3748
14	7071
14	260
14	4384
14	3895
14	2129
14	5707
15	2198
15	2239
15	2856
15	6702
18	5404
18	3895
18	4376
18	5455
18	5816
18	3311
20	5531
20	1453
20	2205
20	6297
23	4806
23	2313
23	1840
23	7085
23	1453
23	2911
23	1456
23	5296
23	5404
23	593
23	2198
23	260
23	7568
23	369
23	4465
23	2432
23	5799
23	7572
23	6760
23	3377
23	7464
23	2571
23	3758
23	7465
23	4952
23	7353
23	2575
23	2106
23	1614
23	1113
23	1226
23	4376
23	3538
23	5201
23	4157
23	4384
23	3408
23	5707
23	304
23	6551
23	3183
23	3184
23	5955
23	6673
23	7607
23	2013
23	6678
23	431
23	904
23	7170
23	1798
23	1663
23	5979
23	5015
23	85
23	1415
23	7296
23	5982
23	4658
23	2765
23	6702
23	1293
23	5756
23	6707
23	7071
25	4686
25	838
25	949
25	6902
25	5964
25	7398
26	2059
26	4217
26	5290
26	4812
26	3242
26	5404
26	3123
26	134
26	593
26	5061
26	2198
26	7097
26	4828
26	5302
26	1347
26	3257
26	6983
26	2095
26	2819
26	6759
26	383
26	5070
26	7464
26	4952
26	6054
26	5568
26	2931
26	5932
26	4848
26	6880
26	2117
26	5442
26	1236
26	4386
26	522
26	3053
26	7607
26	7276
26	658
26	5234
26	3438
26	1024
26	4650
26	7398
26	2871
28	1108
28	3152
33	7464
41	552
42	4805
42	5042
42	5290
42	836
42	6847
49	1133
60	3658
60	1106
60	5886
60	2275
60	4872
60	304
60	3762
60	1011
60	689
60	2716
60	6537
60	494
60	6749
60	6034
60	317
60	4642
60	1590
60	4210
60	1349
60	4086
61	2406
61	4453
61	7209
61	1708
61	1711
68	1201
68	3522
68	3301
68	6455
68	452
68	4550
68	6833
69	4806
69	2410
69	1453
69	2911
69	841
69	6492
69	4570
69	5296
71	2911
73	3538
73	3171
74	4191
74	6924
74	3452
74	1509
74	6609
74	481
74	4663
74	746
74	6222
74	4411
77	4805
77	2406
77	5042
77	2313
77	6847
91	4570
94	6847
99	4805
99	1357
102	2061
102	3986
102	5570
102	1490
102	3660
102	2506
102	6950
103	6487
103	6738
103	2194
103	6259
103	6618
104	3522
104	452
113	6409
113	5455
113	1284
116	4805
116	766
127	1069
127	7330
132	4535
134	4805
134	2871
134	522
137	6961
147	481
147	690
147	3211
147	1223
147	7598
147	561
147	4711
147	4244
147	6488
147	4663
147	6311
147	3255
152	6409
184	3264
184	2060
221	1509
232	1508
234	452
234	2688
234	1201
234	7156
234	6782
238	3055
263	6969
263	1555
263	6106
265	4781
265	4024
266	6966
281	1201
281	4568
281	2203
281	6638
281	1602
281	3522
281	6782
281	3418
281	7148
281	5353
281	6455
281	452
281	1300
281	4550
281	6833
291	3762
291	6537
291	2719
293	2668
293	863
327	7083
327	3728
327	1201
327	4568
327	2693
327	6267
327	3144
327	2203
327	1602
330	6643
330	5770
330	1216
330	7192
330	1921
330	1116
348	1201
348	4568
348	2203
353	3264
354	1201
354	4568
354	2203
354	6638
354	1602
383	5595
391	4535
406	3055
415	942
455	2906
455	1447
455	5286
475	3958
533	6917
592	5595
592	2309
627	893
685	6168
726	6961
739	5595
739	2309
765	1507
863	2668
893	5454
916	1860
1082	5595
1082	2309
1183	5598
1299	4356
1420	2238
1423	7524
1482	7172
1482	7636
1482	7476
1482	4766
1507	4720
1507	765
1507	4906
1574	5919
1574	4063
1763	7319
1774	4318
1861	6764
1861	3562
1861	5236
1861	2180
1892	7620
2275	5886
2330	2952
2342	2952
2656	3500
2670	7436
2708	7581
2713	3838
2713	7099
2952	5186
2952	1252
2982	1482
3111	7581
3111	4440
3139	4318
3498	4417
3508	7581
3836	7399
4318	5173
4318	3499
4318	3139
4318	3369
4447	6974
4480	5948
5236	1861
5598	5044
5598	6454
6387	6138
6387	7208
6521	6549
6521	1270
6521	5506
6531	4447
6944	913
6974	4447
7399	3836
7528	7581
7581	7528
7581	2708
