26	6880
40	5550
40	2215
49	2215
70	5550
71	2215
85	1862
98	1862
113	6409
113	766
113	5455
113	1284
113	2576
149	5629
223	3240
223	5550
223	3566
223	7416
245	6811
245	1291
246	4362
246	331
251	331
251	3952
331	6967
331	585
373	5177
373	1026
417	5177
417	1026
523	6142
523	4687
523	7087
523	4823
523	2081
523	4462
546	6798
600	2921
754	6547
1025	5112
1033	5112
1064	2434
1191	5206
1355	4295
1355	3256
1384	5891
1430	4830
1686	1355
1686	6138
1686	6228
1886	6798
2539	5990
3009	3472
3055	5891
3173	3472
3256	1355
3472	4200
3472	3009
3472	310
3472	3173
4200	3472
4295	1355
4444	6798
5585	7363
5695	5891
5990	2539
