5	2703
5	4153
5	1291
5	921
5	7077
5	2903
5	2402
8	1291
8	4153
12	7620
12	2824
13	1160
13	3197
19	6278
21	117
21	3396
21	1989
24	5063
28	5063
28	373
28	7132
37	1773
37	1419
37	4000
37	4760
37	5548
37	3175
37	4920
43	5885
43	3244
43	3495
43	4906
43	4628
43	2077
43	7507
43	2319
43	6433
43	3437
43	7641
43	630
45	202
45	4527
45	53
45	4452
45	4106
45	6307
45	3662
45	5663
45	4628
45	6970
45	6393
45	3669
45	3461
45	5172
45	2453
45	3219
45	1952
45	3437
45	3281
45	5093
45	2840
45	4646
45	5035
45	2347
45	6223
45	2436
46	7205
46	6583
46	4646
46	1035
46	4019
46	4961
46	3571
46	7041
46	3953
47	6546
47	334
52	385
53	7063
53	2840
53	4646
55	2990
55	1606
55	5922
56	2100
56	1035
56	6768
56	3735
56	3352
56	5024
56	3219
56	6324
56	4646
65	6916
65	4456
66	2412
66	3942
66	530
66	5260
66	4209
66	5680
67	373
70	3494
70	5566
70	223
70	1270
70	5506
70	5550
71	2703
71	4153
71	6427
71	1291
71	2903
81	5276
86	4118
86	1934
87	7087
87	4823
88	6114
88	3793
88	1601
88	6766
88	3907
88	4687
88	3005
88	4454
88	5226
88	3635
88	4817
88	5170
88	395
88	6258
88	1052
88	225
88	6651
88	4378
88	6748
88	4400
88	4577
88	100
88	3778
88	2897
88	6914
88	2430
88	3783
88	6378
88	7077
88	4189
88	6048
88	5009
88	6729
88	6896
90	2709
90	7417
90	6728
90	5802
100	4817
100	4577
100	6651
100	3783
100	4282
100	6114
101	5035
105	4194
111	985
111	3654
111	6422
111	2629
111	5758
113	2576
117	3396
139	202
139	4172
139	6458
139	3197
139	4051
139	5062
139	326
146	6114
146	4451
146	6766
146	4687
146	3005
146	5226
146	5664
146	88
146	4817
146	6674
146	1052
146	1143
146	6651
146	7304
146	4378
146	100
146	6748
146	4400
146	4577
146	3778
146	6627
146	2897
146	1181
146	1437
146	3783
146	761
146	1597
146	4189
146	5009
146	2374
148	5885
148	2477
148	1109
148	2236
148	4810
148	3995
148	3495
148	4108
148	1534
148	1087
148	1166
148	5172
148	2077
148	5137
148	2338
150	1107
150	5918
150	1964
150	6051
150	5338
150	2875
150	6337
150	2315
150	3993
150	3995
151	4906
151	5185
154	2293
164	6539
175	139
190	5076
190	6214
190	3599
190	2810
190	6356
191	7205
191	4961
191	7292
199	5043
210	6393
212	2703
212	2579
212	4153
212	6427
212	1291
212	2903
223	3240
223	3351
223	1335
223	5550
223	7107
223	7109
223	4255
223	2213
223	5571
223	1984
223	5101
223	4282
225	7322
225	6610
225	1196
225	584
245	1291
250	2897
258	1239
268	805
274	5634
274	5664
274	5484
274	7467
274	4344
276	4194
277	7140
282	4793
282	3200
282	2178
282	7199
288	2986
292	3894
310	5367
310	3865
310	4752
310	3490
310	1701
310	4783
313	2233
313	2239
313	723
313	3578
315	6278
325	7507
325	7367
326	1465
326	643
326	7175
329	4282
329	7267
331	585
334	6546
334	2714
334	47
334	495
336	2977
336	4805
336	1069
336	766
336	1966
336	7467
336	2106
336	3295
336	1418
336	3739
336	1817
336	1426
336	1979
336	4851
336	1339
336	6098
336	2143
336	4185
341	3781
352	3725
352	713
360	713
360	3902
361	6304
361	440
361	2619
361	7132
362	665
362	2347
381	4172
381	4178
381	5907
381	1522
381	6263
381	462
382	6026
382	1465
384	5596
384	891
384	1385
384	912
384	1386
384	1515
386	5063
393	1239
413	7467
413	2239
413	4685
413	947
436	4555
436	4725
436	4482
440	361
440	7132
440	2619
440	5991
462	585
462	3141
462	381
462	7576
465	7205
468	2723
468	470
468	1425
470	1025
470	7372
492	3044
501	4102
503	7063
503	2492
522	5839
525	381
528	3509
528	1429
528	4670
530	5260
530	662
549	1068
549	4867
559	1465
585	6967
585	846
585	5907
600	3964
600	1196
611	1239
662	3046
662	887
662	4137
662	7145
662	5047
662	5603
668	7051
672	6009
672	713
672	6365
691	7145
713	6009
713	672
713	3078
716	2353
719	957
737	6278
751	4106
757	4777
765	1507
797	3526
797	3596
797	4856
797	3465
839	985
866	7281
885	6711
885	4677
887	2607
910	6368
961	6655
980	7576
985	839
985	3739
1010	1068
1010	4130
1019	5240
1044	5520
1046	4868
1048	7176
1057	1068
1075	7176
1077	2815
1128	3198
1129	7201
1145	4194
1153	4194
1227	5634
1260	6365
1260	5546
1319	6808
1336	4657
1336	3791
1345	4395
1371	6960
1371	1442
1371	1321
1371	7113
1371	7262
1371	4218
1371	6280
1371	3612
1371	6675
1371	4989
1371	1520
1372	6209
1373	1815
1373	1544
1373	3290
1380	1815
1385	6957
1405	7315
1425	4752
1425	4783
1425	1571
1425	3490
1425	1701
1425	5253
1489	1916
1578	2815
1594	1822
1704	7140
1704	277
1758	2990
1758	4215
1758	5922
1783	6824
1815	3494
1815	1373
1815	1380
1994	4936
1998	5805
2072	5067
2085	4370
2085	7315
2092	7313
2127	6987
2157	4284
2177	5634
2216	6009
2242	5450
2295	6546
2295	6839
2500	4325
2550	5088
2631	3344
2828	6365
2844	6586
3044	492
3117	6334
3117	6139
3187	4631
3195	6546
3198	4240
3198	1656
3198	1128
3238	3596
3290	1373
3302	6615
3344	5044
3526	4101
3526	1815
3526	2420
3554	6009
3600	6586
3653	5320
3771	4276
3771	1073
3771	4101
3791	1336
3812	6009
3851	4631
3896	6009
4107	3791
4276	3494
4276	4976
4360	7227
4363	4631
4370	7429
4370	7082
4370	5683
4395	3369
4395	1345
4395	1961
4461	6302
4598	4631
4631	5393
4631	4702
4631	7457
4631	3187
4631	3562
4640	4631
4702	4631
4770	5594
4976	3494
4976	5877
5067	2072
5276	81
5393	4631
5424	6655
5424	6332
5546	6365
5643	6615
6139	6334
6139	3117
6150	7429
6150	6080
6334	6139
6334	3117
6368	910
6661	961
6700	7154
6711	885
