10	7437
10	3749
10	7458
10	2435
10	7348
10	1732
10	1736
10	4723
10	5929
10	2337
10	1980
10	5341
10	1881
10	4509
10	1264
10	4992
10	2623
10	5110
10	3678
10	7513
10	1041
10	3583
10	2777
10	7308
10	349
15	4805
15	4116
15	2198
15	3510
15	2111
15	7130
15	4376
15	2239
15	3559
15	2856
15	6569
15	6702
59	6138
78	6865
78	3416
78	4981
78	206
78	6018
78	7554
78	1332
78	1781
78	4911
78	5607
78	5871
78	6239
78	4515
78	5113
78	7642
78	6218
78	2022
78	6918
78	2369
78	7645
78	6220
78	4052
78	7484
78	5681
78	3288
78	5416
78	6273
121	6138
126	6138
136	2357
136	7630
136	1221
136	972
136	2037
136	4539
136	4666
158	6641
167	1389
177	6138
186	2953
186	3961
186	767
186	2235
186	6250
186	4105
186	4905
204	6138
206	6865
206	2139
206	6220
208	6138
216	5250
216	6670
236	6010
236	1282
275	3346
275	1696
275	6842
275	1583
275	1849
275	5409
314	6138
335	2953
338	1694
338	6865
338	5102
338	5569
338	6853
338	3130
338	2050
338	401
349	1041
378	6865
378	2737
378	1332
378	3119
378	2139
378	4052
378	7645
378	4298
427	6865
427	78
427	3416
427	6018
427	1332
427	1781
427	2139
427	4965
427	6239
427	4515
427	5113
427	2022
427	2369
427	6918
427	7645
427	3288
427	6273
459	6865
491	6641
491	1636
498	4254
498	984
498	6637
520	6138
656	6138
723	2502
737	6138
740	6138
824	6138
825	3652
870	2601
947	2502
968	6138
984	4254
984	498
984	6637
1021	6138
1099	6138
1115	6138
1128	6138
1146	6138
1153	4805
1153	4194
1153	2239
1153	835
1153	4344
1153	3578
1153	3197
1153	15
1153	7391
1153	5213
1220	6138
1244	6138
1256	6138
1262	6138
1326	6138
1367	6138
1376	2502
1392	6138
1400	6138
1442	2502
1449	6138
1664	7554
1672	2953
1686	6138
1702	6138
1737	6138
1804	6138
1855	6138
1909	6138
1913	551
1913	5234
1962	2502
2018	4964
2018	3309
2032	2502
2204	6138
2247	2502
2318	6138
2343	6138
2388	6138
2391	6138
2483	5852
2528	6138
2601	870
2605	6138
2643	5451
2869	6138
2949	6138
3006	7400
3087	6138
3165	5810
3340	5742
3530	6138
3564	6138
3656	6138
3719	6138
3879	6138
3908	6138
4226	6138
4254	4101
4254	984
4254	498
4254	6637
4512	6138
4534	6138
4632	6138
4748	6138
4800	6138
4974	6138
5063	6320
5131	6138
5163	6138
5271	6138
5279	6138
5480	6138
5515	6138
5673	6138
5742	3340
5762	6138
5867	6138
6090	6138
6111	6138
6133	6138
6138	1326
6138	7208
6138	126
6138	2318
6138	3361
6138	6376
6138	1737
6138	737
6138	3879
6138	1115
6138	4861
6138	6199
6138	1128
6138	7491
6138	1804
6138	5867
6138	2528
6138	6347
6138	6130
6199	6138
6221	6138
6286	6138
6320	6481
6320	6458
6320	2111
6320	7250
6320	5063
6347	6138
6374	6138
6376	6138
6387	6138
6396	6138
6458	6320
6550	6138
6592	7391
6637	4254
6637	984
6637	498
6681	6138
6935	6138
7208	6138
7285	6138
7343	6138
7347	6138
7391	4033
7391	6592
7391	5234
7391	4378
7391	4577
7391	4804
7491	6138
7544	6138
7615	6138
