0	3578
5	4805
5	2404
5	584
5	2198
5	3510
5	5556
5	2703
5	3270
5	1978
5	6067
5	4376
5	4153
5	2945
5	526
5	304
5	305
5	5722
5	785
5	6909
5	1521
5	6449
5	911
5	4067
5	1291
5	5756
5	5132
5	921
5	5641
5	1058
5	6952
5	7077
5	2903
5	2402
8	6547
8	1291
8	4153
8	73
8	2529
15	4116
15	3510
15	2111
15	7130
15	3559
15	6569
26	2059
27	4230
27	6437
28	835
28	2317
28	526
28	3578
30	2026
30	6512
30	3457
30	2111
30	655
30	6569
30	3510
30	669
33	1418
40	3351
49	382
49	1133
49	1287
49	584
49	212
49	2215
49	7131
49	3751
49	4584
61	6437
61	7054
71	5
71	2911
71	2198
71	3506
71	1472
71	4584
71	2703
71	5813
71	1978
71	2215
71	6067
71	4376
71	1368
71	4153
71	3784
71	6296
71	6547
71	6412
71	304
71	7147
71	3559
71	6427
86	2239
86	2000
86	4482
86	7579
86	3557
86	3913
86	4725
86	3329
86	4118
86	1934
86	3368
86	6328
87	7087
87	4823
88	6766
88	3907
88	4687
88	3005
88	4454
88	6258
88	4378
88	100
88	2430
88	6729
91	1069
91	1700
100	3005
100	4687
100	4454
100	7087
100	4817
100	250
100	6258
100	4577
100	2430
100	6766
100	6651
100	4378
100	752
100	3783
100	638
100	998
100	4282
100	648
100	1143
100	2261
100	2374
100	6114
100	6729
105	6211
111	4562
111	3739
123	584
127	1069
134	7057
143	1069
146	6766
146	4687
146	3005
146	1143
146	4378
146	100
146	1437
146	761
146	1597
146	2374
156	5777
156	4913
156	430
156	2863
156	5796
189	1196
196	7130
196	3510
203	6512
203	7130
203	4116
203	5544
203	7250
212	2673
212	584
212	724
212	3506
212	4584
212	2703
212	5917
215	2624
223	3351
223	1335
223	7107
223	7109
223	4255
223	2213
223	5571
223	1984
223	6590
226	4230
246	7153
246	5604
246	4725
246	846
246	6328
246	5743
250	2274
250	3004
250	3937
250	3240
250	3731
250	5078
250	4368
250	7479
250	747
250	100
250	7588
250	752
253	5863
259	4230
259	6437
264	7523
264	5889
283	2059
301	4913
301	2863
301	5796
301	5912
301	829
308	1069
308	6246
316	846
331	6967
331	846
331	6619
331	3631
331	4482
331	4725
331	1764
331	7375
331	2000
331	7153
331	5604
331	4178
331	6328
331	3313
331	1669
331	1297
331	7191
331	462
333	7529
333	4750
343	5700
370	7455
381	4178
381	5907
381	1522
381	6263
381	462
388	2000
393	3557
393	4230
394	3798
395	6766
396	5695
396	7040
430	2570
430	4094
430	3793
430	2355
430	2879
430	5796
430	6724
430	829
430	1188
436	4555
436	4725
436	4482
461	5524
461	5664
462	585
462	846
462	5907
462	6263
462	3141
462	381
462	7576
462	4362
462	7579
462	7153
462	4178
462	6328
462	3313
462	331
462	1669
462	1297
462	4320
477	1464
493	3337
493	2469
493	1678
506	3751
514	4913
514	4862
514	5912
514	829
544	3631
544	2068
544	6967
544	5604
544	86
544	3911
544	7579
544	7153
544	2210
544	3557
549	4913
552	1650
585	6967
585	846
585	5907
585	3631
585	4482
585	7579
613	2863
621	4482
621	7579
621	2583
621	4027
627	1650
629	3270
707	2068
707	6967
707	3911
768	5777
768	5787
768	5796
768	4913
768	5912
829	2570
829	4869
829	4094
829	3793
829	2155
829	4532
829	2169
829	3595
829	4913
829	2863
829	6914
829	2918
829	5796
829	5912
829	4799
829	3855
829	2223
829	6724
829	3260
846	6967
846	6619
846	4362
846	3631
846	3531
864	2570
864	4094
864	6386
864	2155
864	2355
864	7084
864	2879
864	4532
864	6058
864	3595
864	4913
864	2834
864	2863
864	3855
883	703
892	1967
907	2880
907	2110
907	7418
907	2465
907	1760
1001	2570
1001	1891
1001	5787
1001	4913
1001	4094
1001	2863
1001	6071
1001	2355
1001	1388
1046	4868
1080	5912
1080	829
1080	2863
1156	2863
1163	3612
1174	6590
1188	2570
1192	4869
1192	5912
1290	2110
1290	7418
1290	1760
1401	3969
1401	6350
1464	477
1662	2221
1662	5418
1710	2344
1718	4027
1760	907
1760	6459
1760	2880
1760	2110
1760	7418
1832	5912
1943	3676
1973	4957
2110	907
2110	2880
2110	7418
2149	3267
2221	1662
2344	2353
2344	7176
2397	163
3106	1576
3332	3475
3333	6590
3498	4417
3498	4826
3744	6590
3812	6009
3812	833
3812	4629
3812	2653
3969	6590
5198	6264
5294	2139
6350	1401
