0	7395
5	305
6	4311
6	2519
6	2700
6	5154
8	73
20	1563
20	5531
20	1453
20	839
20	3359
20	1586
20	495
20	2205
20	616
20	3394
20	629
20	1121
20	6297
20	7374
20	305
20	4986
20	5722
20	73
20	6451
20	551
20	3698
20	5375
20	4422
20	2529
20	6951
20	2179
20	2663
20	5650
26	1347
26	4386
26	2871
28	4805
28	835
28	485
28	2317
28	7560
28	5063
28	3512
28	373
28	1961
28	1108
28	3152
28	1744
28	7132
28	2586
28	3049
28	526
40	3351
48	7524
48	114
48	6604
51	4745
51	7602
51	6452
51	3077
51	1076
62	2299
71	73
72	5364
72	7550
72	2871
73	5772
73	4692
73	3124
73	1586
73	6624
73	20
73	382
73	2450
73	7131
73	3538
73	3171
73	6412
75	2569
75	5452
75	5218
75	4097
91	1700
91	1377
95	2565
96	1220
105	4194
107	1245
107	7602
110	2519
134	2871
134	1347
158	6786
158	3187
158	1670
165	4922
165	4994
165	1270
165	5506
165	1252
197	485
306	5364
326	7637
360	2581
388	2000
388	6740
403	5364
443	2604
443	7550
478	512
485	1454
512	1767
512	7258
513	6730
606	4330
606	1938
639	7551
648	5004
670	2791
705	5012
705	5218
750	6730
756	1962
875	6578
946	6568
1000	5206
1045	6730
1078	3351
1191	5206
1220	6138
1240	2746
1259	2237
1259	1786
1277	5902
1277	2709
1277	6900
1408	2973
1496	3155
1670	6764
1670	7626
1722	2569
1786	2237
1786	1259
1985	101
2052	4775
2052	2644
2237	1259
2237	1786
2857	5206
2883	5010
2969	3579
3187	3851
3187	4702
4015	4092
4687	5004
5004	6114
5206	1191
5299	7392
5902	1277
6799	3146
7626	1670
